c1_10_8

VEHICLE
NUMBER   CAPACITY
250     200

CUSTOMER
CUST NO. XCOORD.  YCOORD.  DEMAND  READY TIME DUE DATE  SERVICE TIME

0   250    250     0     0    1824     0
753 458 130 20 1059 1290 90
587 488 96 10 829 1053 90
913 470 139 10 568 831 90
205 406 87 10 871 1064 90
292 408 84 10 640 919 90
932 441 65 10 307 586 90
957 485 95 10 281 512 90
716 389 11 20 610 867 90
802 462 14 20 900 1045 90
94 481 122 30 486 774 90
529 398 97 10 212 411 90
835 489 17 10 689 901 90
989 399 104 10 743 987 90
507 464 134 20 946 1209 90
832 440 63 20 808 1012 90
437 406 94 10 275 530 90
175 459 145 40 233 479 90
696 404 83 30 755 992 90
35 435 68 10 259 461 90
889 435 20 20 839 1073 90
875 384 16 20 817 1035 90
270 440 61 30 871 1133 90
891 469 132 10 755 1023 90
361 491 25 10 870 1097 90
858 491 20 20 786 991 90
447 483 27 20 1113 1412 90
164 474 96 30 271 496 90
693 389 17 10 930 1111 90
139 435 11 40 302 597 90
531 438 26 10 360 591 90
982 470 125 20 253 501 90
300 406 99 20 303 501 90
483 438 31 10 288 538 90
722 458 16 20 313 462 90
677 399 102 20 592 773 90
195 431 28 20 617 890 90
111 479 127 20 331 558 90
323 476 94 20 274 499 90
825 439 67 10 263 450 90
921 398 103 30 650 896 90
700 435 16 10 762 963 90
780 391 99 20 206 574 90
892 465 136 30 874 1096 90
769 432 27 10 753 936 90
806 489 87 20 319 630 90
877 478 118 20 984 1194 90
942 478 121 40 705 922 90
419 481 96 20 451 652 90
146 435 62 30 1086 1289 90
710 493 91 30 442 698 90
539 472 132 10 656 936 90
432 483 22 10 388 630 90
288 483 14 10 558 838 90
14 437 12 20 463 706 90
994 485 27 10 1137 1385 90
692 466 142 10 403 625 90
37 409 88 20 575 796 90
550 459 17 20 929 1203 90
608 488 26 30 1056 1280 90
754 437 15 30 642 898 90
961 492 95 30 722 971 90
479 406 96 20 219 480 90
370 446 63 20 616 831 90
430 464 13 20 782 978 90
955 440 7 20 420 557 90
622 478 102 10 617 862 90
843 479 121 10 592 853 90
525 428 25 20 1106 1321 90
885 477 122 10 818 993 90
93 397 18 10 449 645 90
582 407 98 10 218 468 90
470 397 20 20 326 583 90
182 398 20 20 273 532 90
144 463 140 10 239 480 90
373 465 142 10 307 540 90
787 485 86 20 286 487 90
601 393 20 20 1059 1352 90
514 403 93 10 1050 1261 90
450 476 102 20 677 985 90
242 477 97 10 302 614 90
100 460 2 20 568 807 90
727 481 20 20 486 718 90
54 433 31 10 285 554 90
334 459 10 10 457 723 90
609 477 120 10 845 1150 90
607 434 26 10 462 676 90
917 399 106 20 852 1062 90
706 386 13 10 739 924 90
379 428 24 10 998 1247 90
177 433 27 20 556 766 90
831 492 94 10 625 886 90
868 446 65 20 408 675 90
133 467 141 10 506 705 90
551 481 124 10 401 675 90
827 443 64 30 701 933 90
724 432 24 20 925 1131 90
171 437 61 10 954 1235 90
965 404 103 20 358 636 90
204 409 90 20 481 706 90
645 439 15 20 559 798 90
414 461 8 20 703 866 90
232 394 23 20 1184 1414 90
762 391 18 10 993 1233 90
58 489 101 20 917 1154 90
853 485 24 20 326 562 90
179 478 99 10 540 753 90
718 459 14 20 315 510 90
318 494 94 10 524 802 90
746 407 88 10 943 1176 90
154 446 64 10 517 748 90
135 433 25 20 801 1072 90
290 467 114 10 1093 1288 90
839 489 27 10 1001 1152 90
384 481 26 30 321 471 90
203 393 12 10 527 762 90
719 411 95 30 373 623 90
791 429 27 20 1179 1431 90
707 472 129 10 259 437 90
326 460 13 20 397 596 90
108 398 23 10 270 485 90
184 433 15 20 297 569 90
740 400 103 10 479 702 90
