rc1_10_2

VEHICLE
NUMBER   CAPACITY
250     200

CUSTOMER
CUST NO. XCOORD.  YCOORD.  DEMAND  READY TIME DUE DATE  SERVICE TIME

0   250    250     0     0    1821     0
444 480 152 26 1022 1052 10
756 484 171 10 293 323 10
493 447 184 27 0 1604 10
716 479 127 20 270 300 10
604 441 177 23 0 1607 10
345 479 121 10 308 338 10
665 478 118 20 354 384 10
35 467 114 10 376 406 10
875 477 179 20 0 1574 10
361 481 122 30 0 1547 10
672 435 180 37 225 255 10
117 474 96 30 0 1540 10
331 480 119 7 0 1547 10
813 478 99 10 311 341 10
648 498 171 12 1256 1286 10
219 477 120 10 342 372 10
780 488 96 22 1066 1096 10
576 481 96 20 297 327 10
865 482 141 14 0 1555 10
170 488 173 20 279 309 10
399 485 104 21 794 824 10
749 438 127 2 0 1587 10
446 476 94 20 0 1537 10
561 482 104 19 0 1537 10
776 470 125 20 0 1558 10
351 476 174 30 324 354 10
591 484 177 20 252 282 10
637 478 121 40 319 349 10
963 477 122 10 330 360 10
247 455 168 21 0 1591 10
985 493 111 26 0 1532 10
390 452 172 9 0 1595 10
938 471 94 30 0 1541 10
191 429 169 8 903 933 10
675 478 102 10 324 354 10
896 476 102 20 336 366 10
599 479 169 20 0 1569 10
784 480 136 22 256 286 10
552 477 97 10 0 1538 10
150 472 129 10 252 282 10
249 439 156 2 526 556 10
890 461 182 13 629 659 10
245 484 174 10 265 295 10
594 452 110 14 340 370 10
888 479 176 20 240 270 10
977 480 131 5 688 718 10
226 482 184 14 1107 1137 10
571 481 84 17 506 536 10
611 466 149 16 1186 1216 10
950 481 124 10 0 1548 10
