c1_10_5

VEHICLE
NUMBER  CAPACITY
250   200

CUSTOMER
CUST NO. XCOORD. YCOORD. DEMAND READY TIME DUE DATE SERVICE TIME

0  250  250   0   0  1824   0
872 102 29 30 864 969 90
594 199 9 20 840 924 90
426 197 11 10 619 778 90
82 202 9 10 1170 1336 90
428 133 53 20 648 741 90
830 102 27 20 764 885 90
653 170 26 10 817 955 90
935 167 24 20 622 782 90
799 198 9 20 738 843 90
429 132 30 20 843 958 90
201 180 6 10 749 863 90
445 179 7 20 824 971 90
907 136 52 10 734 842 90
399 203 7 20 1005 1136 90
517 176 8 10 921 1060 90
503 202 4 10 919 1035 90
749 133 26 10 744 870 90
459 104 28 20 664 799 90
98 202 8 10 1082 1242 90
434 174 26 10 1013 1128 90
975 173 25 20 899 1060 90
903 107 35 30 964 1063 90
156 208 11 20 1304 1394 90
596 129 27 10 663 763 90
624 181 6 20 656 774 90
765 173 28 10 1112 1213 90
484 168 24 10 735 852 90
454 182 14 10 1039 1139 90
