r2_10_9

VEHICLE
NUMBER  CAPACITY
250   1000

CUSTOMER
CUST NO. XCOORD. YCOORD. DEMAND READY TIME DUE DATE SERVICE TIME

0  250  250   0   0  7697   0
422 282 1 18 4131 4328 10
224 262 97 17 3628 4069 10
383 210 29 13 4053 4473 10
922 195 111 15 3971 4133 10
521 210 113 28 2620 3021 10
824 178 72 23 2840 3335 10
486 265 0 10 3294 3994 10
331 202 28 22 3599 3994 10
237 188 119 44 3621 4298 10
83 276 84 20 2674 2895 10
518 157 38 3 4009 4494 10
477 251 63 14 3846 4173 10
173 156 65 22 4049 4369 10
763 244 13 24 4089 4135 10
70 191 84 13 3319 3737 10
455 250 57 26 2821 3285 10
903 307 52 23 3530 3954 10
619 224 3 10 2642 3001 10
971 212 47 20 3135 3394 10
114 179 75 13 2844 3195 10
475 295 89 23 2866 3189 10
541 200 78 31 3954 4108 10
756 165 59 27 3702 3961 10
