rc1_10_8

VEHICLE
NUMBER   CAPACITY
250     200

CUSTOMER
CUST NO. XCOORD.  YCOORD.  DEMAND  READY TIME DUE DATE  SERVICE TIME

0   250    250     0     0    1821     0
816 24 65 10 320 440 10
559 21 70 15 741 832 10
339 58 39 12 1111 1245 10
418 24 68 20 370 489 10
394 64 5 14 1069 1219 10
687 18 24 32 568 718 10
422 18 63 10 297 457 10
174 71 12 2 297 398 10
574 57 43 15 989 1088 10
488 30 72 10 364 530 10
851 15 69 10 296 398 10
921 56 75 24 1393 1512 10
640 20 73 10 290 471 10
914 23 67 30 342 466 10
942 52 18 28 821 922 10
343 21 64 20 295 457 10
717 6 53 8 543 660 10
935 66 31 25 1008 1119 10
99 38 15 3 1029 1183 10
506 60 5 18 988 1129 10
73 26 67 15 1269 1395 10
79 60 29 32 1305 1450 10
572 21 68 20 364 468 10
266 25 65 10 297 486 10
438 1 101 8 1213 1332 10
241 65 62 15 906 1076 10
204 17 65 20 297 479 10
943 16 68 20 296 414 10
410 30 7 23 1145 1262 10
881 15 68 10 297 382 10
