rc1_10_8

VEHICLE
NUMBER   CAPACITY
250     200

CUSTOMER
CUST NO. XCOORD.  YCOORD.  DEMAND  READY TIME DUE DATE  SERVICE TIME

0   250    250     0     0    1821     0
156 79 80 19 1351 1444 10
356 128 113 22 320 436 10
800 93 96 20 219 317 10
759 140 108 29 1027 1145 10
306 91 101 10 246 381 10
28 80 117 24 795 883 10
312 94 97 20 218 369 10
895 92 76 4 1108 1200 10
964 100 66 15 1343 1487 10
372 89 65 16 685 786 10
254 75 118 21 364 485 10
748 44 115 24 246 389 10
137 97 93 20 219 323 10
788 87 96 30 224 379 10
525 88 95 20 247 324 10
145 66 88 2 786 904 10
596 95 92 20 221 320 10
27 130 140 17 162 256 10
526 95 64 4 732 829 10
904 143 158 12 141 231 10
342 96 97 20 217 324 10
423 149 98 4 1133 1227 10
789 140 137 32 525 645 10
