rc1_10_8

VEHICLE
NUMBER   CAPACITY
250     200

CUSTOMER
CUST NO. XCOORD.  YCOORD.  DEMAND  READY TIME DUE DATE  SERVICE TIME

0   250    250     0     0    1821     0
444 480 152 26 996 1077 10
756 484 171 10 246 392 10
716 479 127 20 259 402 10
345 479 121 10 263 382 10
665 478 118 20 300 438 10
35 467 114 10 335 446 10
875 477 179 20 237 348 10
361 481 122 30 264 412 10
117 474 96 30 271 410 10
978 437 98 16 1067 1191 10
331 480 119 7 589 698 10
813 478 99 10 273 408 10
648 498 171 12 1261 1281 10
219 477 120 10 286 428 10
780 488 96 22 1019 1143 10
576 481 96 20 277 371 10
865 482 141 14 965 1086 10
170 488 173 20 250 376 10
399 485 104 21 751 868 10
749 438 127 2 893 1019 10
446 476 94 20 274 405 10
561 482 104 19 745 900 10
776 470 125 20 253 349 10
351 476 174 30 273 405 10
591 484 177 20 245 378 10
637 478 121 40 292 376 10
963 477 122 10 278 412 10
247 455 168 21 848 916 10
985 493 111 26 477 636 10
938 471 94 30 955 1073 10
675 478 102 10 279 400 10
896 476 102 20 289 413 10
599 479 169 20 247 401 10
784 480 136 22 256 381 10
552 477 97 10 273 414 10
150 472 129 10 252 388 10
249 439 156 2 478 604 10
245 484 174 10 246 362 10
594 452 110 14 295 415 10
888 479 176 20 240 362 10
977 480 131 5 661 744 10
226 482 184 14 1048 1196 10
571 481 84 17 423 619 10
611 466 149 16 1115 1288 10
950 481 124 10 263 351 10
