rc2_10_2

VEHICLE
NUMBER   CAPACITY
250     1000

CUSTOMER
CUST NO. XCOORD.  YCOORD.  DEMAND  READY TIME DUE DATE  SERVICE TIME

0   250    250     0     0    7284     0
2 214 394 10 0 7126 10
549 245 408 10 815 935 10
10 226 423 15 788 908 10
507 189 402 10 2144 2264 10
327 250 405 20 646 766 10
225 246 398 40 532 652 10
906 250 411 30 0 7113 10
281 213 399 18 936 1056 10
246 175 352 12 6660 6780 10
734 210 379 12 2835 2955 10
657 207 400 20 762 882 10
107 249 407 10 695 815 10
761 245 461 8 2597 2717 10
442 250 441 5 0 7083 10
503 185 434 9 0 7079 10
487 241 403 10 0 7121 10
581 225 369 38 426 546 10
13 239 486 3 0 7038 10
862 244 368 25 0 7156 10
448 215 395 20 968 1088 10
78 243 408 15 5735 5855 10
622 196 489 23 4121 4241 10
855 210 391 30 566 686 10
311 211 386 20 0 7133 10
238 210 398 10 817 937 10
440 220 392 20 0 7129 10
257 218 403 15 5277 5397 10
679 208 396 20 0 7123 10
240 248 404 30 598 718 10
17 203 390 40 0 7127 10
876 213 397 10 869 989 10
113 195 464 20 6165 6285 10
656 255 487 19 1592 1712 10
853 243 399 10 939 1059 10
154 241 402 11 0 7122 10
106 230 487 20 4518 4638 10
208 260 472 33 4144 4264 10
