rc2_10_2

VEHICLE
NUMBER   CAPACITY
250     1000

CUSTOMER
CUST NO. XCOORD.  YCOORD.  DEMAND  READY TIME DUE DATE  SERVICE TIME

0   250    250     0     0    7284     0
773 472 481 20 1306 1426 10
15 408 452 10 0 7018 10
95 429 389 18 1696 1816 10
802 449 428 25 4987 5107 10
253 406 450 20 1037 1157 10
828 419 422 20 1105 1225 10
468 494 468 31 1410 1530 10
962 468 475 10 1193 1313 10
104 438 488 18 1309 1429 10
499 477 478 20 0 6953 10
936 425 448 9 3178 3298 10
630 405 450 20 0 7021 10
1 440 436 18 0 7009 10
72 412 478 7 0 6995 10
213 475 480 30 0 6953 10
986 399 450 20 0 7025 10
29 421 387 15 0 7055 10
897 418 399 20 1751 1871 10
892 419 418 10 0 7036 10
671 408 453 10 1132 1252 10
999 470 475 30 0 6960 10
200 475 477 20 1618 1738 10
432 470 405 17 0 7005 10
392 493 493 20 3426 3546 10
3 476 483 10 1419 1539 10
939 470 473 10 1724 1844 10
211 411 421 20 1260 1380 10
577 471 368 19 1712 1832 10
332 420 383 27 3928 4048 10
702 421 415 30 941 1061 10
582 412 453 10 1188 1308 10
431 413 421 10 0 7038 10
848 473 475 10 1669 1789 10
949 477 483 20 1463 1583 10
821 416 420 20 1159 1279 10
194 448 404 15 2396 2516 10
651 489 437 29 2827 2947 10
598 479 387 13 1590 1710 10
482 491 369 28 2918 3038 10
774 422 420 20 1050 1170 10
70 421 386 29 0 7056 10
798 422 409 10 0 7040 10
831 448 414 23 4891 5011 10
512 416 417 20 1372 1492 10
55 417 417 10 1328 1448 10
71 404 447 20 940 1060 10
524 406 460 2 2877 2997 10
840 470 417 11 2947 3067 10
724 413 391 8 868 988 10
910 433 447 20 3177 3297 10
83 498 456 27 5624 5744 10
58 450 416 25 0 7015 10
473 413 417 10 1424 1544 10
179 410 399 25 935 1055 10
290 457 492 7 2032 2152 10
460 405 454 11 5212 5332 10
658 469 489 4 0 6950 10
262 405 455 40 0 7017 10
948 481 454 14 1282 1402 10
443 471 484 10 0 6953 10
56 419 459 20 1265 1385 10
