r1_10_5

VEHICLE
NUMBER  CAPACITY
250   200

CUSTOMER
CUST NO. XCOORD. YCOORD. DEMAND READY TIME DUE DATE SERVICE TIME

0  250  250   0   0  1925   0
208 124 448 6 369 399 10
136 93 413 17 226 256 10
841 95 382 19 231 261 10
737 26 342 12 321 351 10
808 77 465 11 275 305 10
418 44 496 32 402 432 10
496 72 477 46 288 318 10
308 154 392 9 171 201 10
312 67 352 20 373 403 10
608 62 375 16 349 379 10
843 10 407 36 434 464 10
73 77 372 19 211 241 10
504 63 420 19 520 550 10
66 142 372 18 162 192 10
708 137 377 23 169 199 10
944 96 346 26 185 215 10
816 46 389 22 257 287 10
50 132 477 25 327 357 10
324 93 490 2 379 409 10
220 67 378 26 470 500 10
367 29 336 22 332 362 10
677 5 445 30 313 343 10
453 112 433 29 235 265 10
597 102 422 23 226 256 10
211 105 474 27 471 501 10
977 49 437 7 427 457 10
190 11 403 18 343 373 10
263 53 466 9 335 365 10
379 80 458 30 371 401 10
754 50 383 20 260 290 10
365 146 376 8 234 264 10
593 12 367 27 326 356 10
199 126 391 19 273 303 10
582 90 477 18 277 307 10
243 79 467 22 351 381 10
654 65 343 38 207 237 10
717 13 394 15 373 403 10
958 61 441 27 544 574 10
234 135 400 20 299 329 10
80 132 479 11 257 287 10
476 141 426 23 531 561 10
956 80 357 1 530 560 10
738 139 438 24 218 248 10
