c2_10_6

VEHICLE
NUMBER  CAPACITY
250   700

CUSTOMER
CUST NO. XCOORD. YCOORD. DEMAND READY TIME DUE DATE SERVICE TIME

0  250  250   0   0  3914   0
685 347 21 20 1345 1588 90
164 352 38 10 374 1037 90
701 348 16 30 1616 2104 90
894 346 13 20 1431 2102 90
909 351 31 20 652 1133 90
499 347 40 30 333 888 90
655 381 20 20 1736 2079 90
165 395 1 30 726 1208 90
918 347 23 30 942 1419 90
727 396 4 10 849 1457 90
598 405 5 20 617 1115 90
205 383 18 20 1452 1993 90
518 408 20 30 282 825 90
693 387 21 10 1425 1830 90
124 343 27 20 983 1569 90
607 393 13 20 1208 1667 90
223 394 10 40 1050 1448 90
331 382 17 20 1616 2012 90
876 341 26 10 1096 1640 90
863 393 2 30 871 1247 90
510 390 17 30 1226 1839 90
678 356 28 20 872 1288 90
576 401 15 20 634 897 90
465 345 15 20 1264 1860 90
935 405 24 10 274 923 90
70 353 32 10 694 1277 90
451 336 7 10 1446 1883 90
201 351 33 20 517 1085 90
294 390 9 30 1053 1632 90
