c2_10_3

VEHICLE
NUMBER   CAPACITY
250     700

CUSTOMER
CUST NO. XCOORD.  YCOORD.  DEMAND  READY TIME DUE DATE  SERVICE TIME

0   250    250     0     0    3914     0
668 206 313 20 2091 2251 90
15 252 347 10 2911 3071 90
913 179 311 10 0 3731 90
141 189 327 10 420 580 90
2 266 231 40 0 3800 90
292 221 374 30 0 3697 90
356 314 279 10 270 430 90
816 183 340 10 0 3712 90
348 239 373 10 1905 2065 90
529 315 232 10 0 3757 90
559 203 369 10 841 1001 90
945 179 284 30 0 3746 90
600 254 335 10 3013 3173 90
919 176 358 10 2075 2235 90
80 216 380 20 2300 2460 90
836 197 350 30 1186 1346 90
31 220 394 10 2783 2943 90
128 317 235 20 2570 2730 90
755 198 334 20 2203 2363 90
542 214 372 10 0 3697 90
665 174 304 20 110 270 90
84 317 234 10 2479 2639 90
652 261 371 20 0 3703 90
96 266 373 10 0 3700 90
960 264 365 10 0 3709 90
962 233 346 20 2711 2871 90
676 260 330 40 3203 3363 90
35 216 307 20 0 3758 90
328 316 234 10 2661 2821 90
686 293 245 10 0 3781 90
153 272 228 10 2033 2193 90
797 188 356 20 0 3702 90
237 173 328 10 2481 2641 90
401 185 301 20 1330 1490 90
613 200 297 30 553 713 90
335 229 396 30 2882 3042 90
891 190 292 10 745 905 90
47 229 364 10 0 3709 90
602 281 279 20 0 3782 90
573 325 251 20 1425 1585 90
115 222 381 20 0 3691 90
157 251 376 10 3186 3346 90
751 170 338 20 2284 2444 90
728 222 317 30 0 3752 90
220 176 296 20 1230 1390 90
974 197 351 20 1277 1437 90
291 228 186 20 269 429 90
174 323 229 10 0 3749 90
690 289 240 20 0 3784 90
844 307 227 30 2853 3013 90
967 313 263 20 0 3760 90
118 220 384 10 2683 2843 90
830 254 238 30 0 3812 90
28 205 343 20 902 1062 90
447 212 215 20 3160 3320 90
560 296 232 10 1268 1428 90
535 185 293 10 0 3747 90
67 277 371 30 595 755 90
907 262 352 10 0 3722 90
312 232 378 20 2194 2354 90
958 241 362 10 2410 2570 90
680 220 362 20 1331 1491 90
300 180 335 20 0 3714 90
540 194 296 20 0 3752 90
333 198 284 10 0 3762 90
743 317 251 30 940 1100 90
533 278 230 10 0 3790 90
119 259 243 20 22 182 90
739 319 257 20 0 3755 90
648 209 307 10 1811 1971 90
634 320 231 20 2384 2544 90
959 207 289 20 2997 3157 90
964 196 348 10 0 3713 90
314 188 330 30 0 3723 90
976 297 250 30 0 3777 90
921 272 246 10 218 378 90
567 192 306 20 1523 1683 90
709 273 234 10 0 3796 90
769 194 353 20 0 3707 90
671 206 295 10 2809 2969 90
441 201 331 20 0 3730 90
527 274 231 30 0 3794 90
503 250 217 40 2534 2694 90
36 280 224 10 2226 2386 90
397 188 293 30 0 3749 90
271 296 253 10 834 994 90
942 293 249 10 0 3781 90
239 200 327 30 3150 3310 90
19 302 235 20 0 3770 90
146 241 375 10 0 3699 90
584 234 383 10 0 3691 90
865 204 291 20 0 3763 90
674 266 264 30 0 3803 90
615 265 218 20 2429 2589 90
170 191 352 20 0 3707 90
472 229 214 20 41 201 90
628 184 354 30 0 3701 90
973 206 312 40 2000 2160 90
445 283 248 30 0 3791 90
781 211 308 30 0 3755 90
61 236 361 30 0 3713 90
872 199 305 30 0 3749 90
432 165 333 20 0 3706 90
639 316 254 20 0 3758 90
350 284 360 30 0 3709 90
940 186 372 20 0 3687 90
902 308 232 30 2948 3108 90
149 257 336 10 0 3738 90
748 275 236 20 0 3796 90
98 255 245 10 7 167 90
282 222 356 20 1608 1768 90
804 196 302 20 0 3750 90
778 320 225 20 0 3750 90
494 263 351 10 1545 1705 90
387 274 248 20 0 3800 90
325 323 258 10 0 3751 90
374 258 350 20 1822 1982 90
997 175 282 10 0 3743 90
521 254 357 20 0 3717 90
202 216 316 20 2319 2479 90
660 331 252 10 0 3743 90
577 253 382 10 3090 3250 90
713 191 308 20 0 3742 90
513 206 377 20 559 719 90
332 206 326 30 0 3737 90
78 272 365 30 0 3707 90
23 209 358 30 1477 1637 90
430 330 259 30 1231 1391 90
591 325 246 10 1520 1680 90
637 245 239 20 2933 3093 90
97 201 273 30 54 214 90
420 225 192 20 74 234 90
428 213 363 30 0 3706 90
99 220 379 10 0 3692 90
582 167 304 20 207 367 90
73 278 357 10 212 372 90
783 200 342 10 997 1157 90
330 321 228 30 0 3750 90
352 279 369 10 0 3702 90
590 202 386 20 0 3680 90
775 244 371 20 2310 2470 90
182 242 350 10 0 3724 90
596 187 362 20 0 3696 90
390 265 358 20 1352 1512 90
603 326 241 20 1615 1775 90
194 201 307 10 0 3749 90
651 278 329 10 0 3741 90
911 195 300 10 0 3750 90
280 272 243 30 0 3801 90
731 241 391 30 2985 3145 90
403 261 350 10 0 3724 90
482 319 229 10 0 3752 90
764 250 367 20 2113 2273 90
675 308 235 10 3135 3295 90
798 312 252 20 845 1005 90
478 249 251 20 3036 3196 90
884 216 300 30 0 3764 90
900 216 374 30 1035 1195 90
261 184 340 10 2768 2928 90
491 261 370 30 1069 1229 90
845 233 441 20 0 3633 90
296 189 368 20 144 304 90
901 326 253 10 1039 1199 90
336 268 235 10 1842 2002 90
827 277 369 30 0 3702 90
882 218 298 30 0 3767 90
20 259 355 20 1917 2077 90
610 220 192 20 0 3759 90
724 325 228 20 1810 1970 90
341 189 339 50 2863 3023 90
236 204 371 30 0 3695 90
519 239 369 30 1811 1971 90
733 298 255 10 0 3776 90
829 194 301 30 0 3749 90
310 214 382 30 0 3688 90
633 272 233 10 0 3797 90
975 305 233 20 3041 3201 90
114 169 360 20 2172 2332 90
187 262 368 30 1162 1322 90
526 190 332 20 0 3723 90
823 313 266 20 373 533 90
767 266 250 10 409 569 90
867 206 379 10 0 3688 90
794 210 359 10 1568 1728 90
215 253 241 20 2835 2995 90
473 197 301 10 0 3751 90
249 305 212 20 0 3758 90
890 208 371 20 655 815 90
318 267 260 20 0 3805 90
142 191 309 10 1430 1590 90
807 234 350 10 2617 2777 90
746 263 372 10 886 1046 90
245 255 371 40 2209 2369 90
126 220 359 30 1424 1584 90
511 207 337 20 0 3727 90
342 280 351 30 116 276 90
579 283 229 30 0 3785 90
585 199 327 10 0 3732 90
948 189 338 10 2954 3114 90
878 222 357 30 0 3714 90
68 272 212 20 2330 2490 90
324 253 244 20 0 3818 90
56 321 224 30 2106 2266 90
793 367 239 20 0 3707 90
417 320 258 20 564 724 90
184 268 351 10 0 3722 90
486 301 247 10 0 3773 90
