c2_10_3

VEHICLE
NUMBER   CAPACITY
250     700

CUSTOMER
CUST NO. XCOORD.  YCOORD.  DEMAND  READY TIME DUE DATE  SERVICE TIME

0   250    250     0     0    3914     0
148 403 361 10 1452 1612 90
303 375 342 10 939 1099 90
227 277 434 20 1427 1587 90
322 418 300 10 611 771 90
993 405 311 30 0 3658 90
132 400 364 30 570 730 90
800 413 353 10 1650 1810 90
549 346 487 10 1808 1968 90
697 404 346 10 0 3643 90
879 416 364 20 0 3623 90
339 393 368 10 0 3639 90
293 406 286 10 3314 3474 90
276 379 245 10 2773 2933 90
835 378 326 30 160 320 90
689 383 351 20 167 327 90
969 314 436 10 2101 2261 90
507 399 379 20 2960 3120 90
805 391 373 10 0 3637 90
870 431 301 10 0 3636 90
260 401 385 20 0 3622 90
175 331 486 10 0 3575 90
500 318 493 10 825 985 90
537 432 369 10 0 3607 90
735 345 496 20 0 3561 90
492 441 287 40 0 3630 90
792 404 310 20 0 3659 90
889 395 365 30 0 3639 90
589 368 325 30 139 299 90
163 383 246 20 0 3691 90
995 428 314 20 0 3635 90
394 361 337 50 363 523 90
305 277 431 30 0 3641 90
4 430 298 10 0 3638 90
497 448 295 10 0 3621 90
178 326 498 10 1021 1181 90
361 332 486 20 1912 2072 90
53 341 367 30 0 3676 90
558 336 479 20 0 3580 90
159 386 357 20 1433 1593 90
687 267 436 30 3007 3167 90
286 440 302 20 0 3628 90
509 360 338 10 272 432 90
630 269 428 20 1145 1305 90
672 329 459 10 0 3601 90
819 377 246 20 3054 3214 90
556 428 292 10 0 3642 90
858 298 430 30 469 629 90
966 444 309 20 2425 2585 90
117 311 496 10 0 3571 90
43 329 471 30 2783 2943 90
246 358 359 20 0 3671 90
489 347 479 10 2389 2549 90
130 368 340 10 461 621 90
931 442 287 30 0 3629 90
730 322 454 20 0 3608 90
934 382 245 20 2959 3119 90
400 378 363 30 0 3654 90
982 436 301 20 0 3632 90
218 275 431 10 0 3642 90
722 369 351 20 0 3668 90
301 327 483 20 2098 2258 90
851 300 443 10 1996 2156 90
195 395 378 10 1636 1796 90
847 292 456 20 0 3614 90
810 283 425 20 0 3646 90
436 412 361 10 1748 1908 90
825 400 376 40 0 3629 90
520 420 308 30 709 869 90
338 297 430 20 378 538 90
89 346 344 10 3212 3372 90
320 420 311 30 893 1053 90
354 275 448 10 0 3625 90
353 340 449 10 0 3606 90
744 279 436 20 0 3636 90
498 446 297 10 2232 2392 90
419 316 453 20 224 384 90
269 386 344 20 0 3659 90
200 294 455 30 2426 2586 90
26 377 356 10 0 3659 90
221 361 349 10 3016 3176 90
834 289 452 20 0 3619 90
826 290 416 30 0 3654 90
456 344 478 20 2296 2456 90
692 291 450 10 2705 2865 90
359 370 353 10 746 906 90
446 391 334 20 1047 1207 90
46 429 282 20 3018 3178 90
939 359 371 10 0 3662 90
979 247 447 10 0 3627 90
541 413 350 10 0 3633 90
854 372 354 30 0 3664 90
411 428 298 30 1654 1814 90
469 430 310 30 0 3635 90
479 325 490 10 0 3573 90
366 348 466 20 0 3587 90
347 367 358 30 2133 2293 90
624 458 303 20 0 3610 90
536 364 364 20 0 3663 90
448 276 428 20 1048 1208 90
782 297 442 20 1812 1972 90
852 420 295 10 0 3649 90
702 353 346 20 0 3684 90
364 317 467 20 0 3597 90
264 357 445 20 0 3602 90
93 418 385 30 0 3609 90
79 418 355 20 2037 2197 90
653 302 470 20 2227 2387 90
85 439 297 30 2043 2203 90
123 448 302 20 2327 2487 90
916 366 352 10 2830 2990 90
311 414 384 10 0 3613 90
238 280 423 10 0 3649 90
580 366 341 20 553 713 90
9 294 437 30 661 821 90
820 310 484 30 626 786 90
475 401 368 20 664 824 90
514 429 294 10 0 3640 90
242 332 491 30 1211 1371 90
463 352 500 30 1505 1665 90
54 410 364 30 1842 2002 90
614 299 442 10 1904 2064 90
679 428 384 10 0 3602 90
120 349 476 10 0 3578 90
512 409 361 30 0 3631 90
929 290 425 30 280 440 90
133 355 480 20 0 3572 90
501 399 352 10 1260 1420 90
840 351 480 30 0 3573 90
362 386 361 30 1527 1687 90
357 434 377 10 0 3601 90
434 338 489 30 1308 1468 90
298 408 305 10 0 3657 90
991 320 476 30 0 3588 90
625 298 438 10 567 727 90
927 290 440 40 1621 1781 90
185 360 356 10 2733 2893 90
682 365 360 20 0 3665 90
887 345 468 10 2677 2837 90
566 394 356 30 0 3646 90
169 358 365 30 2326 2486 90
230 366 346 20 0 3674 90
998 298 456 30 0 3613 90
110 406 339 20 295 455 90
16 403 390 10 2560 2720 90
670 412 300 20 515 675 90
594 440 295 30 2136 2296 90
413 404 378 10 0 3624 90
106 389 342 10 1145 1305 90
105 373 364 20 0 3657 90
460 314 449 30 0 3615 90
279 290 417 10 0 3653 90
714 448 297 10 0 3621 90
42 292 445 10 0 3625 90
669 412 367 20 960 1120 90
981 292 434 10 755 915 90
569 419 310 10 0 3645 90
262 402 362 20 0 3636 90
667 410 287 20 0 3660 90
86 394 367 30 380 540 90
326 293 454 20 0 3616 90
649 363 351 20 2923 3083 90
611 426 279 30 3112 3272 90
874 328 498 20 0 3565 90
375 428 312 10 0 3636 90
208 337 453 30 0 3604 90
385 384 346 20 1331 1491 90
523 434 382 30 0 3598 90
