c1_10_7

VEHICLE
NUMBER  CAPACITY
250   200

CUSTOMER
CUST NO. XCOORD. YCOORD. DEMAND READY TIME DUE DATE SERVICE TIME

0  250  250   0   0  1824   0
811 95 277 20 999 1179 90
862 96 244 10 1266 1446 90
225 136 288 10 953 1133 90
297 95 224 20 999 1179 90
567 92 236 20 983 1163 90
53 7 300 30 990 1170 90
522 92 270 20 902 1082 90
919 77 350 10 938 1118 90
97 74 350 10 845 1025 90
433 93 235 10 891 1071 90
161 91 235 10 1074 1254 90
695 92 223 10 905 1085 90
946 134 285 20 1046 1226 90
666 84 346 20 1036 1216 90
71 90 237 20 1166 1346 90
62 8 300 10 1081 1261 90
153 90 285 40 921 1101 90
905 134 288 20 861 1041 90
518 62 326 20 851 1031 90
2 5 297 10 896 1076 90
