rc1_10_4

VEHICLE
NUMBER  CAPACITY
250   200

CUSTOMER
CUST NO. XCOORD. YCOORD. DEMAND READY TIME DUE DATE SERVICE TIME

0  250  250   0   0  1821   0
172 385 17 40 809 839 10
716 479 127 20 270 300 10
515 444 242 10 216 246 10
336 441 7 20 392 422 10
594 452 110 14 340 370 10
132 472 57 17 1295 1325 10
683 434 245 10 342 372 10
901 394 47 5 313 343 10
780 488 96 22 1066 1096 10
377 397 20 20 280 310 10
927 352 176 20 126 156 10
926 351 128 15 1253 1283 10
709 313 126 10 243 273 10
401 443 237 20 193 223 10
363 374 232 33 125 155 10
325 304 97 20 182 212 10
661 441 60 21 1459 1489 10
42 307 52 23 920 950 10
412 397 153 29 882 912 10
380 432 2 20 467 497 10
620 376 92 10 991 1021 10
954 371 200 10 224 254 10
287 346 60 10 321 351 10
732 340 54 10 238 268 10
519 401 164 13 621 651 10
48 323 77 36 1405 1435 10
956 428 202 24 904 934 10
726 397 57 17 1476 1506 10
888 479 176 20 240 270 10
553 346 57 20 308 338 10
403 335 46 18 1342 1372 10
350 357 181 20 149 179 10
298 417 217 30 189 219 10
260 436 241 20 327 357 10
595 347 192 18 1488 1518 10
756 484 171 10 293 323 10
708 491 20 20 394 424 10
162 371 192 30 134 164 10
245 484 174 10 265 295 10
205 391 112 24 1000 1030 10
435 257 57 18 1226 1256 10
571 481 84 17 506 536 10
195 481 20 20 347 377 10
592 452 206 31 492 522 10
323 418 221 10 291 321 10
824 411 95 30 243 273 10
267 406 96 20 219 249 10
667 295 89 23 742 772 10
611 466 149 16 1186 1216 10
1000 341 58 10 224 254 10
806 379 196 20 194 224 10
405 364 173 30 180 210 10
456 459 14 20 315 345 10
233 423 214 20 217 247 10
165 437 12 20 330 360 10
682 440 7 20 314 344 10
844 398 23 10 270 300 10
231 458 16 20 313 343 10
560 440 244 10 266 296 10
471 423 221 9 258 288 10
429 306 42 11 477 507 10
767 315 121 10 203 233 10
963 477 122 10 330 360 10
692 445 237 10 200 230 10
242 460 13 20 322 352 10
588 359 182 20 209 239 10
778 409 155 19 185 215 10
215 436 237 20 186 216 10
68 378 199 10 207 237 10
877 405 187 34 1251 1281 10
504 483 22 10 334 364 10
612 313 119 30 216 246 10
