rc1_10_9

VEHICLE
NUMBER   CAPACITY
250     200

CUSTOMER
CUST NO. XCOORD.  YCOORD.  DEMAND  READY TIME DUE DATE  SERVICE TIME

0   250    250     0     0    1821     0
753 199 187 20 82 202 10
467 172 314 9 500 620 10
319 80 251 14 259 379 10
451 228 287 21 43 163 10
161 192 265 10 79 199 10
578 236 126 23 124 244 10
647 197 267 10 64 184 10
59 246 255 10 68 188 10
945 92 236 20 213 333 10
388 177 156 25 122 242 10
293 225 196 10 59 179 10
542 321 277 10 75 195 10
742 93 235 10 201 321 10
252 234 246 10 20 140 10
864 213 185 21 74 194 10
437 221 291 9 50 170 10
760 228 199 10 89 209 10
500 204 185 20 118 238 10
735 228 260 12 1561 1681 10
5 230 197 40 77 197 10
686 241 205 30 73 193 10
153 212 186 11 1617 1737 10
684 90 232 10 167 287 10
792 321 280 30 77 197 10
317 241 180 13 1621 1741 10
407 214 245 8 36 156 10
765 273 149 14 1458 1578 10
484 195 273 22 59 179 10
344 238 210 30 89 209 10
115 264 180 33 1620 1740 10
124 210 185 20 76 196 10
272 236 213 20 39 159 10
53 226 175 23 1613 1733 10
65 200 261 10 121 241 10
771 320 280 10 76 196 10
286 91 235 10 224 344 10
291 291 213 23 1213 1333 10
641 159 299 12 971 1091 10
967 197 270 30 56 176 10
695 234 202 10 50 170 10
349 200 270 20 53 173 10
745 224 320 36 1239 1359 10
67 299 285 3 1209 1329 10
531 308 199 14 1463 1583 10
101 237 254 20 38 158 10
540 253 118 19 502 622 10
859 237 213 10 102 222 10
659 244 254 20 55 175 10
477 265 240 9 18 138 10
959 206 186 10 143 263 10
355 95 234 10 155 275 10
314 208 184 20 78 198 10
275 306 235 25 57 177 10
976 198 271 20 56 176 10
402 316 286 30 92 212 10
458 235 316 2 611 731 10
818 133 273 20 119 239 10
527 306 229 10 1275 1395 10
176 248 251 20 2 122 10
744 215 282 21 1395 1515 10
269 307 249 10 1332 1452 10
584 173 182 25 102 222 10
834 284 319 17 772 892 10
711 352 241 5 747 867 10
7 133 202 33 416 536 10
87 316 284 20 80 200 10
872 199 203 20 1412 1532 10
6 175 239 23 75 195 10
14 102 264 10 148 268 10
476 176 199 28 89 209 10
427 225 269 30 1226 1346 10
979 131 246 17 787 907 10
149 249 258 30 82 202 10
871 240 250 10 10 130 10
754 201 188 10 94 214 10
393 320 283 30 77 197 10
961 204 187 30 130 250 10
581 225 369 38 121 241 10
779 243 248 30 7 127 10
374 200 265 10 107 227 10
796 271 128 12 301 421 10
347 216 341 19 609 729 10
304 100 266 20 150 270 10
391 263 153 12 367 487 10
18 92 233 10 179 299 10
660 233 207 10 46 166 10
862 244 368 25 369 489 10
453 238 204 20 60 180 10
368 246 314 36 1400 1520 10
955 153 235 10 98 218 10
627 92 230 20 159 279 10
420 209 212 18 1483 1603 10
346 200 178 20 87 207 10
886 250 328 24 204 324 10
93 273 300 30 55 175 10
244 211 248 26 39 159 10
590 244 277 18 1256 1376 10
508 134 211 35 122 242 10
795 274 261 20 1662 1782 10
580 303 186 10 1309 1429 10
911 214 274 24 1324 1444 10
799 146 188 6 1190 1310 10
90 230 320 8 1147 1267 10
727 293 228 19 48 168 10
54 242 106 28 1223 1343 10
607 231 204 20 105 225 10
173 180 283 23 699 819 10
944 195 185 20 85 205 10
562 120 261 5 748 868 10
706 224 192 10 63 183 10
868 198 264 20 95 215 10
929 247 219 17 31 151 10
189 149 214 7 437 557 10
386 233 204 20 49 169 10
501 226 191 20 63 183 10
11 313 282 20 118 238 10
302 157 269 31 1531 1651 10
922 210 276 5 47 167 10
900 92 232 10 159 279 10
261 238 203 10 49 169 10
296 297 283 28 1304 1424 10
610 206 261 10 137 257 10
763 231 195 20 64 184 10
991 236 247 20 14 134 10
248 224 191 20 64 184 10
64 92 259 4 354 474 10
633 238 123 24 736 856 10
698 179 286 8 296 416 10
887 91 231 30 160 280 10
199 148 208 22 481 601 10
389 315 287 30 103 223 10
230 244 250 10 6 126 10
464 199 268 20 54 174 10
547 201 278 13 56 176 10
116 94 235 20 156 276 10
757 272 234 26 1545 1665 10
395 95 235 10 155 275 10
228 226 316 21 70 190 10
808 202 186 20 106 226 10
126 201 270 10 52 172 10
158 188 151 7 1252 1372 10
384 295 247 12 1258 1378 10
817 130 247 17 120 240 10
714 217 207 26 1337 1457 10
669 320 211 16 948 1068 10
838 204 269 30 49 169 10
396 203 211 20 1261 1381 10
214 286 244 31 1239 1359 10
406 267 162 6 1404 1524 10
790 314 205 22 1482 1602 10
983 318 280 20 74 194 10
408 92 234 10 190 310 10
793 245 251 10 5 125 10
206 224 203 20 53 173 10
234 219 215 32 46 166 10
538 166 247 1 84 204 10
605 231 203 20 50 170 10
