rc1_10_9

VEHICLE
NUMBER   CAPACITY
250     200

CUSTOMER
CUST NO. XCOORD.  YCOORD.  DEMAND  READY TIME DUE DATE  SERVICE TIME

0   250    250     0     0    1821     0
156 79 80 19 1337 1457 10
193 60 231 32 981 1101 10
356 128 113 22 318 438 10
816 24 65 10 320 440 10
800 93 96 20 219 339 10
294 94 40 24 1023 1143 10
759 140 108 29 1026 1146 10
559 21 70 15 726 846 10
879 53 204 8 1010 1130 10
339 58 39 12 1118 1238 10
919 61 214 4 297 417 10
80 34 169 11 439 559 10
836 240 34 28 1475 1595 10
31 136 52 10 248 368 10
652 251 63 14 942 1062 10
632 125 61 26 567 687 10
832 46 163 8 881 1001 10
151 87 3 13 1388 1508 10
418 24 68 20 369 489 10
270 178 135 21 1469 1589 10
995 18 225 8 646 766 10
47 41 232 16 209 329 10
394 64 5 14 1084 1204 10
34 188 119 44 930 1050 10
305 111 178 18 156 276 10
497 72 227 25 519 639 10
663 178 72 23 712 832 10
313 30 155 9 1235 1355 10
457 120 17 30 266 386 10
687 18 24 32 583 703 10
306 91 101 10 253 373 10
422 18 63 10 297 417 10
174 71 12 2 297 417 10
715 233 87 18 208 328 10
28 80 117 24 779 899 10
43 111 192 11 1154 1274 10
543 168 59 6 321 441 10
574 57 43 15 978 1098 10
488 30 72 10 387 507 10
730 195 111 15 953 1073 10
312 94 97 20 218 338 10
212 132 30 20 281 401 10
333 142 14 18 790 910 10
510 21 146 21 442 562 10
743 125 32 30 251 371 10
851 15 69 10 296 416 10
898 109 56 27 239 359 10
166 186 135 24 673 793 10
723 200 78 31 948 1068 10
895 92 76 4 1094 1214 10
964 100 66 15 1355 1475 10
921 56 75 24 1393 1513 10
700 165 59 27 898 1018 10
372 89 65 16 675 795 10
462 43 135 31 236 356 10
441 253 50 27 200 320 10
640 20 73 10 290 410 10
914 23 67 30 344 464 10
942 52 18 28 812 932 10
970 13 214 21 1309 1429 10
343 21 64 20 307 427 10
254 75 118 21 364 484 10
425 103 177 28 581 701 10
621 129 27 10 253 373 10
555 102 6 3 1406 1526 10
994 209 68 27 1505 1625 10
947 124 56 20 231 351 10
940 224 56 13 1141 1261 10
717 6 53 8 542 662 10
109 151 81 28 1496 1616 10
748 44 115 24 246 366 10
411 120 37 28 730 850 10
479 133 53 20 234 354 10
935 66 31 25 1003 1123 10
536 105 181 19 1486 1606 10
137 97 93 20 219 339 10
788 87 96 30 237 357 10
525 88 95 20 225 345 10
99 38 15 3 1046 1166 10
885 130 57 40 227 347 10
506 60 5 18 999 1119 10
772 89 185 16 555 675 10
73 26 67 15 1272 1392 10
79 60 29 32 1318 1438 10
145 66 88 2 785 905 10
653 132 55 10 227 347 10
916 126 30 10 252 372 10
572 21 68 20 356 476 10
125 150 68 23 378 498 10
596 95 92 20 221 341 10
373 144 35 26 239 359 10
266 25 65 10 331 451 10
438 1 101 8 1212 1332 10
450 179 75 13 695 815 10
614 39 162 18 520 640 10
92 92 18 8 1079 1199 10
177 7 194 29 906 1026 10
786 47 208 30 207 327 10
27 130 140 17 162 282 10
190 187 73 18 247 367 10
44 131 56 10 227 347 10
563 125 29 30 253 373 10
241 65 62 15 931 1051 10
750 239 15 2 559 679 10
827 125 39 20 245 365 10
530 122 35 10 250 370 10
733 132 57 20 226 346 10
186 231 29 14 1181 1301 10
204 17 65 20 297 417 10
310 133 26 10 267 387 10
127 0 188 26 887 1007 10
566 68 160 21 1091 1211 10
187 157 38 3 1003 1123 10
526 95 64 4 721 841 10
415 132 32 18 739 859 10
50 86 199 23 233 353 10
943 16 68 20 296 416 10
694 31 175 24 231 351 10
904 143 158 12 141 261 10
413 210 29 13 1006 1126 10
342 96 97 20 217 337 10
410 30 7 23 1144 1264 10
423 149 98 4 1120 1240 10
789 140 137 32 525 645 10
688 57 183 15 1055 1175 10
881 15 68 10 297 417 10
385 235 33 30 1292 1412 10
