r2_10_4

VEHICLE
NUMBER   CAPACITY
250     1000

CUSTOMER
CUST NO. XCOORD.  YCOORD.  DEMAND  READY TIME DUE DATE  SERVICE TIME

0   250    250     0     0    7697     0
668 80 251 14 0 7517 10
12 48 162 15 0 7467 10
292 19 273 25 0 7455 10
22 143 158 12 0 7546 10
816 144 220 35 0 7577 10
647 61 170 20 0 7482 10
293 72 227 25 0 7508 10
345 14 232 18 0 7451 10
835 37 281 17 0 7472 10
689 33 286 11 0 7468 10
736 55 318 13 0 7481 10
398 26 221 28 0 7462 10
471 131 246 17 0 7568 10
8 117 178 28 4484 4574 10
492 71 282 29 0 7506 10
317 120 261 5 3154 3312 10
225 83 169 21 0 7502 10
602 1 252 5 0 7438 10
394 33 152 17 5278 5403 10
283 149 214 7 0 7580 10
721 46 163 8 0 7466 10
306 133 202 33 0 7561 10
174 18 225 8 0 7454 10
433 66 163 6 0 7484 10
556 100 266 5 0 7537 10
160 92 259 4 0 7529 10
588 62 236 29 2238 2345 10
966 21 146 21 0 7436 10
43 87 213 18 0 7520 10
734 57 183 15 0 7483 10
130 97 288 22 0 7530 10
931 2 264 40 0 7439 10
312 51 286 14 0 7485 10
953 86 189 21 0 7513 10
140 94 192 1 0 7521 10
859 30 155 9 5129 5235 10
30 39 162 18 0 7459 10
107 153 192 13 0 7574 10
57 33 278 18 0 7469 10
709 61 214 4 0 7495 10
857 68 160 21 0 7484 10
640 43 210 20 0 7477 10
866 9 233 31 1227 1343 10
397 134 276 15 0 7569 10
498 68 240 11 3176 3300 10
239 103 177 28 2494 2637 10
343 5 281 16 0 7441 10
674 31 175 24 0 7456 10
7 36 301 21 0 7468 10
399 79 257 26 3803 3942 10
476 118 314 26 0 7541 10
37 130 247 17 0 7567 10
979 40 304 16 4559 4718 10
62 34 169 11 0 7457 10
748 10 237 19 0 7447 10
754 47 208 30 0 7480 10
49 24 259 19 0 7461 10
804 23 235 43 0 7460 10
778 74 215 10 0 7508 10
469 133 273 20 419 535 10
581 134 194 19 0 7559 10
980 56 268 28 0 7493 10
387 16 287 12 0 7451 10
304 6 196 20 0 7438 10
536 111 178 18 0 7531 10
811 44 311 27 1631 1749 10
629 33 268 18 0 7470 10
368 134 211 35 458 626 10
955 7 194 29 0 7438 10
963 63 155 7 0 7478 10
495 80 279 19 0 7515 10
855 64 294 12 0 7496 10
266 60 231 32 0 7497 10
938 77 172 23 0 7498 10
911 105 181 19 0 7527 10
257 60 246 25 0 7497 10
463 82 183 17 4444 4490 10
482 83 290 14 0 7516 10
120 38 190 23 0 7467 10
654 41 232 16 0 7478 10
71 59 276 11 0 7495 10
44 45 166 22 0 7466 10
563 13 314 14 0 7442 10
302 13 214 21 5428 5520 10
996 32 319 21 1621 1703 10
362 39 153 26 0 7455 10
610 52 303 25 0 7483 10
910 48 293 22 0 7481 10
991 86 199 23 0 7516 10
625 115 296 24 6112 6239 10
698 71 304 19 2745 2888 10
899 130 186 16 513 656 10
414 146 188 6 0 7566 10
232 0 188 26 0 7430 10
767 64 198 10 0 7494 10
867 110 251 23 2007 2095 10
705 66 314 26 0 7493 10
395 68 303 22 904 987 10
318 35 263 27 0 7472 10
142 28 180 34 0 7455 10
222 53 204 8 0 7485 10
626 69 266 12 0 7506 10
869 46 248 9 0 7483 10
42 111 192 11 0 7537 10
406 67 190 25 0 7495 10
983 136 265 12 390 530 10
466 32 191 5 2344 2465 10
56 40 278 10 0 7476 10
649 87 311 7 0 7513 10
108 34 239 16 896 975 10
611 89 185 16 0 7514 10
417 83 300 26 1987 2131 10
277 5 224 19 0 7441 10
375 48 150 15 0 7462 10
740 84 255 13 0 7521 10
385 148 208 22 0 7577 10
