r2_10_4

VEHICLE
NUMBER   CAPACITY
250     1000

CUSTOMER
CUST NO. XCOORD.  YCOORD.  DEMAND  READY TIME DUE DATE  SERVICE TIME

0   250    250     0     0    7697     0
932 7 82 25 0 7392 10
461 91 27 14 0 7414 10
697 9 101 16 0 7404 10
84 128 113 22 0 7504 10
10 57 43 15 0 7404 10
960 135 30 12 0 7439 10
696 21 70 15 0 7396 10
418 51 89 19 0 7432 10
360 44 140 11 3464 3602 10
407 32 94 14 3707 3854 10
613 89 65 16 2863 3019 10
104 98 2 14 2361 2493 10
765 44 115 24 0 7441 10
906 66 31 25 0 7401 10
995 79 80 19 0 7446 10
891 60 29 32 0 7396 10
305 87 3 13 0 7392 10
497 142 30 32 0 7442 10
663 125 61 26 2460 2554 10
558 16 68 11 0 7391 10
52 15 11 15 0 7352 10
570 120 37 28 0 7438 10
967 30 7 23 4734 4895 10
117 108 37 23 0 7432 10
118 1 101 8 0 7397 10
258 144 35 26 0 7448 10
518 157 38 3 0 7456 10
851 142 80 12 0 7486 10
842 124 111 15 0 7500 10
634 60 5 18 0 7377 10
480 132 32 18 0 7440 10
45 62 94 16 0 7443 10
527 25 53 23 4088 4193 10
970 109 56 27 0 7448 10
505 102 6 3 0 7402 10
143 64 135 11 3495 3571 10
628 68 53 16 0 7419 10
826 132 151 22 0 7533 10
711 140 137 32 2276 2401 10
925 114 102 21 0 7487 10
939 87 51 35 0 7430 10
701 158 24 18 0 7443 10
777 71 12 2 0 7390 10
796 64 5 14 0 7380 10
147 110 122 14 0 7498 10
591 125 65 17 0 7464 10
737 18 24 32 2551 2596 10
470 147 30 26 4424 4565 10
666 75 118 21 0 7468 10
182 41 120 22 2791 2897 10
238 100 85 14 0 7465 10
601 120 17 30 0 7421 10
774 58 39 12 0 7402 10
644 105 140 27 0 7505 10
173 156 65 22 4143 4275 10
706 95 64 4 3083 3164 10
915 43 135 31 0 7451 10
841 92 76 4 0 7452 10
240 26 67 15 0 7398 10
868 19 38 15 0 7374 10
17 94 40 24 0 7426 10
295 130 140 17 0 7525 10
133 103 123 8 0 7493 10
524 140 108 29 0 7508 10
845 49 118 3 0 7447 10
901 142 14 18 0 7428 10
485 52 18 28 0 7382 10
236 24 71 11 0 7399 10
545 30 97 23 4851 4951 10
169 92 18 8 0 7407 10
784 150 68 23 0 7480 10
656 149 98 4 0 7505 10
16 3 23 11 1550 1702 10
814 80 117 24 0 7472 10
883 65 62 15 0 7424 10
918 38 15 3 0 7371 10
158 151 81 28 0 7492 10
460 67 24 10 0 7397 10
981 104 28 8 0 7422 10
579 66 88 2 0 7442 10
909 65 82 13 2966 3071 10
504 98 29 14 4209 4284 10
595 117 110 13 0 7494 10
326 138 28 23 4362 4530 10
51 6 53 8 0 7374 10
180 105 137 32 0 7504 10
789 100 66 15 0 7450 10
48 56 75 24 0 7426 10
