c110_2

VEHICLE
NUMBER     CAPACITY
 250          200

CUSTOMER
CUST NO.  XCOORD.    YCOORD.    DEMAND   READY TIME  DUE DATE   SERVICE TIME

0 250 250 0 0 1824 0 13
577 139 291 10 118 187 90 19
905 134 288 20 923 979 90 5
46 128 291 10 639 706 90 20
689 132 291 10 0 1610 90 8
857 169 340 10 737 806 90 26
249 135 293 30 0 1612 90 17
39 163 340 30 468 513 90 17
138 132 290 10 818 898 90 8
981 163 331 40 118 179 90 12
533 137 290 10 176 245 90 19
20 129 292 10 552 610 90 2
946 134 285 20 1104 1168 90 5
954 163 337 10 277 334 90 11
404 165 337 20 0 1613 90 17
782 165 343 10 556 613 90 20
329 136 290 20 272 332 90 19
256 167 339 10 648 710 90 20
945 132 294 20 454 521 90 17
125 162 336 20 0 1611 90 19
510 169 336 30 838 892 90 8
225 136 288 10 1023 1063 90 5
