c110_2

VEHICLE
NUMBER     CAPACITY
 250          200

CUSTOMER
CUST NO.  XCOORD.    YCOORD.    DEMAND   READY TIME  DUE DATE   SERVICE TIME

0 250 250 0 0 1824 0 13
466 375 191 30 473 531 90 9
801 374 190 20 292 344 90 10
646 359 182 20 0 1606 90 15
987 376 190 30 382 439 90 10
343 344 146 10 496 529 90 9
3 355 177 20 0 1607 90 12
306 338 147 10 135 193 90 12
456 357 181 20 367 441 90 10
930 345 144 30 568 640 90 21
31 379 196 20 665 714 90 21
963 371 193 20 133 185 90 12
670 361 181 20 662 723 90 21
504 343 144 10 0 1593 90 10
169 346 150 20 948 998 90 7
540 349 158 20 1050 1093 90 7
263 360 184 10 846 906 90 15
193 367 178 20 0 1597 90 21
279 376 195 10 576 616 90 21
402 355 180 30 279 345 90 10
241 348 145 20 763 813 90 15
726 371 192 30 190 259 90 12
294 338 142 40 204 256 90 12
660 352 176 20 126 175 90 12
565 359 179 20 465 529 90 9
766 343 148 20 399 441 90 27
756 346 144 10 0 1591 90 22
41 371 200 10 0 1604 90 15
230 348 147 10 845 914 90 15
276 378 199 10 761 804 90 15
207 358 183 20 932 1005 90 7
