c110_2

VEHICLE
NUMBER     CAPACITY
 250          200

CUSTOMER
CUST NO.  XCOORD.    YCOORD.    DEMAND   READY TIME  DUE DATE   SERVICE TIME

0 250 250 0 0 1824 0 13
423 468 291 30 748 798 90 25
863 441 273 20 903 972 90 14
572 465 287 10 556 617 90 21
770 439 305 30 0 1538 90 25
629 441 265 40 344 400 90 1
117 444 271 10 633 688 90 21
829 450 265 10 0 1534 90 24
487 460 288 10 213 265 90 1
534 446 319 30 364 416 90 24
330 439 268 10 0 1545 90 14
738 444 313 20 462 511 90 24
950 466 291 10 656 705 90 21
435 436 264 20 0 1548 90 1
768 445 273 20 725 781 90 21
250 439 266 10 0 1545 90 1
554 468 295 10 934 987 90 14
940 439 312 30 257 324 90 1
255 461 284 10 275 340 90 1
650 459 295 20 1209 1273 90 23
523 444 269 20 0 1540 90 21
899 467 285 20 0 1515 90 24
314 442 310 20 643 698 90 21
826 435 267 20 1188 1247 90 23
881 460 293 30 1121 1176 90 23
248 435 268 10 1100 1154 90 23
141 428 291 10 698 764 90 21
807 443 313 30 554 602 90 21
289 466 287 10 467 525 90 24
611 439 310 10 198 256 90 1
657 443 272 10 821 869 90 25
85 470 290 10 835 895 90 25
233 466 295 20 0 1514 90 14
