r2_10_4

VEHICLE
NUMBER  CAPACITY
250   1000

CUSTOMER
CUST NO. XCOORD. YCOORD. DEMAND READY TIME DUE DATE SERVICE TIME

0  250  250   0   0  7697   0
438 49 353 15 5810 5879 10
395 68 303 22 904 987 10
811 44 311 27 1631 1749 10
280 12 367 27 1282 1444 10
278 94 344 26 2746 2832 10
401 104 349 20 4058 4135 10
996 32 319 21 1621 1703 10
399 79 257 26 3803 3942 10
698 71 304 19 2745 2888 10
566 89 358 23 4950 5147 10
208 80 357 1 2093 2271 10
979 40 304 16 4559 4718 10
417 83 300 26 1987 2131 10
