r2_10_2

VEHICLE
NUMBER  CAPACITY
250   1000

CUSTOMER
CUST NO. XCOORD. YCOORD. DEMAND READY TIME DUE DATE SERVICE TIME

0  250  250   0   0  7697   0
122 448 397 33 0 7441 10
864 421 386 29 0 7469 10
550 423 315 12 0 7503 10
927 405 349 15 0 7504 10
479 381 328 12 0 7535 10
837 475 352 33 0 7440 10
5 370 382 11 0 7509 10
664 368 311 14 0 7555 10
420 440 284 25 0 7494 10
112 371 332 14 0 7541 10
162 468 360 16 0 7443 10
808 387 394 8 0 7489 10
680 421 387 15 0 7468 10
707 348 348 23 0 7549 10
604 428 302 27 0 7502 10
201 374 346 27 0 7531 10
677 387 349 9 0 7518 10
