r1_10_10

VEHICLE
NUMBER   CAPACITY
250     200

CUSTOMER
CUST NO. XCOORD.  YCOORD.  DEMAND  READY TIME DUE DATE  SERVICE TIME

0   250    250     0     0    1925     0
12 260 472 33 988 1113 10
451 274 442 17 992 1171 10
161 263 418 25 242 345 10
549 175 352 12 1624 1736 10
856 243 402 13 359 481 10
293 163 472 9 626 710 10
837 173 474 14 1216 1384 10
327 150 484 16 567 713 10
96 262 369 15 119 286 10
369 177 486 20 1551 1668 10
237 294 421 26 1515 1666 10
875 164 473 26 255 368 10
484 185 434 9 537 640 10
663 181 441 25 496 618 10
272 278 450 29 1335 1445 10
178 148 462 10 658 826 10
457 283 438 3 215 278 10
306 286 356 30 111 231 10
641 202 391 30 579 698 10
690 154 374 36 873 1030 10
333 161 416 25 971 1081 10
851 237 420 15 1295 1403 10
412 244 422 14 492 614 10
897 247 443 17 309 381 10
436 179 497 1 1381 1471 10
567 230 487 20 1096 1193 10
700 226 423 15 174 308 10
183 211 411 15 1116 1208 10
462 166 440 12 207 354 10
619 195 464 20 1492 1620 10
671 257 391 22 1585 1711 10
353 211 446 15 1068 1208 10
744 248 386 22 337 449 10
340 177 404 17 1189 1366 10
615 311 422 29 933 1072 10
710 261 359 10 109 272 10
425 245 461 8 628 701 10
539 167 445 7 1356 1499 10
834 217 357 23 1388 1481 10
445 268 351 7 1664 1717 10
432 225 488 28 590 712 10
925 231 410 14 1192 1311 10
282 174 347 3 958 1101 10
479 162 388 11 1069 1213 10
581 244 368 25 352 507 10
779 208 488 22 404 581 10
321 178 420 18 1034 1139 10
374 307 412 8 339 499 10
308 154 392 9 171 248 10
811 267 374 23 540 692 10
776 312 453 6 534 595 10
548 268 458 24 522 554 10
97 218 403 15 1294 1374 10
346 283 454 14 1216 1345 10
99 228 399 14 547 656 10
850 239 486 3 1407 1588 10
77 225 369 38 121 248 10
352 222 499 7 785 935 10
470 196 489 23 986 1105 10
182 216 341 19 594 744 10
238 208 445 22 1265 1429 10
439 152 476 45 486 590 10
440 277 428 7 449 562 10
908 256 441 34 191 313 10
799 279 355 9 119 244 10
450 284 457 17 1447 1581 10
926 199 438 3 1295 1455 10
840 195 450 16 1434 1567 10
900 241 402 11 987 1092 10
261 259 498 33 1035 1144 10
901 213 399 18 169 328 10
358 313 391 5 154 238 10
905 215 434 9 187 286 10
474 243 408 15 1387 1510 10
946 176 470 14 512 612 10
545 207 487 4 597 812 10
389 287 397 12 512 646 10
192 272 420 7 1367 1435 10
150 210 379 12 653 794 10
656 299 353 34 114 211 10
249 167 488 17 252 358 10
757 255 487 19 380 446 10
395 185 431 15 356 448 10
670 149 458 13 1116 1242 10
102 274 441 12 639 781 10
413 250 441 5 694 848 10
460 189 402 10 506 596 10
203 182 480 31 302 458 10
888 153 362 7 1112 1240 10
817 246 407 12 264 389 10
42 166 345 14 1092 1197 10
669 288 439 16 237 340 10
981 175 422 24 1390 1533 10
569 240 362 23 1342 1516 10
909 174 397 32 1203 1317 10
408 174 376 8 1332 1537 10
206 170 347 15 389 513 10
522 274 403 17 828 976 10
992 195 386 13 146 268 10
