rc2_10_5

VEHICLE
NUMBER  CAPACITY
250   1000

CUSTOMER
CUST NO. XCOORD. YCOORD. DEMAND READY TIME DUE DATE SERVICE TIME

0  250  250   0   0  7284   0
411 120 37 28 3060 3263 10
559 21 70 15 2918 3372 10
410 30 7 23 4625 5004 10
28 80 117 24 3274 3439 10
372 89 65 16 2798 3084 10
145 66 88 2 3234 3524 10
555 102 6 3 5675 6113 10
438 1 101 8 4853 5326 10
99 38 15 3 4342 4507 10
574 57 43 15 4133 4175 10
79 60 29 32 5365 5657 10
394 64 5 14 4350 4801 10
935 66 31 25 4039 4469 10
241 65 62 15 3741 4190 10
333 142 14 18 3293 3509 10
506 60 5 18 4161 4309 10
895 92 76 4 4328 4903 10
73 26 67 15 5266 5389 10
921 56 75 24 5526 6095 10
156 79 80 19 5530 5647 10
526 95 64 4 2884 3364 10
294 94 40 24 4262 4402 10
151 87 3 13 5714 5871 10
92 92 18 8 4381 4733 10
942 52 18 28 3370 3605 10
964 100 66 15 5437 5881 10
415 132 32 18 3085 3311 10
339 58 39 12 4640 4783 10
