c2_10_1

VEHICLE
NUMBER  CAPACITY
250   700

CUSTOMER
CUST NO. XCOORD. YCOORD. DEMAND READY TIME DUE DATE SERVICE TIME

0  250  250   0   0  3914   0
485 471 154 20 1319 1479 90
155 441 157 10 433 593 90
495 444 157 10 215 375 90
171 470 152 30 1226 1386 90
824 475 145 30 1128 1288 90
791 475 156 40 1413 1573 90
772 457 142 20 829 989 90
396 481 156 20 1600 1760 90
468 449 140 20 730 890 90
134 450 153 20 533 693 90
471 446 139 20 637 797 90
986 489 150 50 1798 1958 90
144 484 161 10 1696 1856 90
34 456 154 10 238 398 90
818 475 136 20 1029 1189 90
49 452 154 30 332 492 90
908 468 135 10 932 1092 90
583 477 154 10 1506 1666 90
