r2_10_7

VEHICLE
NUMBER  CAPACITY
250   1000

CUSTOMER
CUST NO. XCOORD. YCOORD. DEMAND READY TIME DUE DATE SERVICE TIME

0  250  250   0   0  7697   0
147 110 122 14 0 7498 10
240 26 67 15 0 7398 10
48 56 75 24 0 7426 10
845 49 118 3 0 7447 10
238 100 85 14 0 7465 10
595 117 110 13 0 7494 10
51 6 53 8 0 7374 10
666 75 118 21 0 7468 10
814 80 117 24 0 7472 10
789 100 66 15 0 7450 10
697 9 101 16 0 7404 10
418 51 89 19 0 7432 10
995 79 80 19 0 7446 10
558 16 68 11 0 7391 10
925 114 102 21 0 7487 10
579 66 88 2 0 7442 10
45 62 94 16 0 7443 10
