c2_10_5

VEHICLE
NUMBER  CAPACITY
250   700

CUSTOMER
CUST NO. XCOORD. YCOORD. DEMAND READY TIME DUE DATE SERVICE TIME

0  250  250   0   0  3914   0
18 90 168 20 3000 3320 90
553 77 172 20 2896 3216 90
658 50 138 20 1809 2129 90
620 67 160 10 2610 2930 90
29 48 137 20 1717 2037 90
768 51 162 20 2133 2453 90
273 30 162 10 2022 2342 90
493 44 153 30 1915 2235 90
787 59 163 20 2231 2551 90
151 63 166 30 2422 2742 90
407 65 164 20 2515 2835 90
643 71 163 20 2705 3025 90
933 74 165 10 2798 3118 90
158 61 170 30 2328 2648 90
677 49 136 10 1625 1945 90
683 107 168 20 2435 2755 90
