c2_10_8

VEHICLE
NUMBER  CAPACITY
250   700

CUSTOMER
CUST NO. XCOORD. YCOORD. DEMAND READY TIME DUE DATE SERVICE TIME

0  250  250   0   0  3914   0
742 138 272 20 1581 2221 90
906 117 319 10 2868 3508 90
90 131 269 10 2148 2788 90
25 115 269 10 2716 3356 90
367 132 314 30 2974 3614 90
440 83 301 20 2057 2697 90
461 209 201 30 2513 3153 90
59 121 203 10 1552 2192 90
626 62 301 20 2990 3630 90
424 108 245 20 1490 2130 90
270 189 200 10 1749 2389 90
955 138 196 30 1753 2393 90
102 131 253 10 2569 3209 90
231 125 181 20 2478 3118 90
638 117 204 30 1458 2098 90
414 203 203 10 2610 3250 90
135 126 188 20 1858 2498 90
505 173 208 30 1641 2281 90
828 91 303 20 1959 2599 90
256 153 295 20 3078 3718 90
959 207 289 20 2757 3397 90
191 139 269 20 1488 2128 90
304 16 280 10 2527 3167 90
636 114 169 20 2372 3012 90
476 116 259 20 2373 3013 90
933 74 165 10 2638 3278 90
315 157 192 20 2970 3610 90
237 173 328 10 2241 2881 90
949 163 277 10 3093 3733 90
21 149 183 20 2868 3508 90
151 63 166 30 2262 2902 90
683 107 168 20 2275 2915 90
553 77 172 20 2736 3376 90
378 107 311 40 2573 3213 90
532 129 244 30 2668 3308 90
866 132 272 30 2054 2694 90
848 183 187 20 1528 2168 90
40 196 192 30 1850 2490 90
150 131 241 10 3065 3705 90
620 67 160 10 2450 3090 90
691 129 185 20 2574 3214 90
571 129 264 20 2521 3161 90
897 110 199 10 1967 2607 90
548 138 276 10 1675 2315 90
6 25 293 20 2724 3364 90
795 133 278 10 1770 2410 90
29 48 137 20 1557 2197 90
334 137 186 10 2672 3312 90
113 35 308 30 2832 3472 90
842 128 240 10 3045 3685 90
407 65 164 20 2355 2995 90
100 85 317 30 2367 3007 90
154 25 290 30 2631 3271 90
658 50 138 20 1649 2289 90
39 17 283 20 2344 2984 90
493 44 153 30 1755 2395 90
22 19 297 20 2042 2682 90
228 119 232 10 1699 2339 90
880 127 278 10 1866 2506 90
329 207 196 20 2325 2965 90
710 16 281 10 2436 3076 90
506 204 189 10 2138 2778 90
564 67 302 30 2253 2893 90
101 125 264 20 2615 3255 90
399 130 304 10 2935 3575 90
938 37 295 20 1651 2291 90
642 119 285 40 2823 3463 90
817 123 242 20 2950 3590 90
631 123 206 10 1645 2285 90
503 250 217 40 2294 2934 90
768 51 162 20 1973 2613 90
618 99 307 20 2474 3114 90
595 77 287 10 1665 2305 90
865 204 291 20 2663 3303 90
637 245 239 20 2693 3333 90
74 101 179 20 2172 2812 90
950 5 296 10 2146 2786 90
593 200 195 20 1945 2585 90
168 202 198 30 2038 2678 90
289 111 244 10 1989 2629 90
787 59 163 20 2071 2711 90
928 29 302 20 1845 2485 90
316 101 237 20 1591 2231 90
55 80 281 10 1477 2117 90
161 90 298 10 1864 2504 90
677 49 136 10 1465 2105 90
629 140 180 20 2769 3409 90
893 104 198 20 2063 2703 90
671 206 295 10 2569 3209 90
632 36 284 10 1458 2098 90
708 199 200 10 2705 3345 90
478 249 251 20 2796 3436 90
290 132 273 10 1963 2603 90
996 40 288 20 1553 2193 90
930 124 247 20 2855 3495 90
447 212 215 20 2920 3560 90
643 71 163 20 2545 3185 90
306 110 241 20 1896 2536 90
528 207 194 10 2233 2873 90
557 121 236 10 1794 2434 90
186 39 296 20 1743 2383 90
122 112 243 20 2081 2721 90
18 90 168 20 2840 3480 90
812 105 317 10 2669 3309 90
194 201 307 10 1473 2113 90
60 118 256 10 2279 2919 90
432 165 333 20 2141 2781 90
272 73 303 10 2157 2797 90
968 211 198 30 2420 3060 90
544 91 298 10 1773 2413 90
158 61 170 30 2168 2808 90
568 16 285 30 2252 2892 90
925 136 296 30 3035 3675 90
860 76 287 20 1574 2214 90
696 121 249 20 2181 2821 90
452 196 219 30 2814 3454 90
612 131 267 10 2332 2972 90
344 134 265 20 2426 3066 90
425 129 267 10 2240 2880 90
740 129 255 10 2476 3116 90
466 125 245 20 2762 3402 90
522 53 297 30 2982 3622 90
470 109 325 20 2768 3408 90
273 30 162 10 1862 2502 90
737 23 306 20 1942 2582 90
