c1_10_5

VEHICLE
NUMBER   CAPACITY
250     200

CUSTOMER
CUST NO. XCOORD.  YCOORD.  DEMAND  READY TIME DUE DATE  SERVICE TIME

0   250    250     0     0    1824     0
356 71 333 10 217 361 90
919 77 350 10 964 1092 90
652 101 384 30 200 296 90
380 80 342 10 193 336 90
317 100 387 10 404 544 90
4 78 346 30 307 451 90
967 67 334 20 509 622 90
258 101 386 20 307 457 90
518 62 326 20 877 1006 90
958 97 385 30 502 633 90
89 72 344 20 584 729 90
505 94 383 10 599 723 90
472 69 334 30 318 444 90
393 69 336 20 399 548 90
18 73 346 10 701 798 90
606 102 391 20 1082 1177 90
516 97 387 10 799 893 90
97 74 350 10 885 984 90
431 100 394 10 990 1082 90
666 84 346 20 1044 1207 90
9 76 345 30 503 623 90
285 73 328 20 193 311 90
17 77 347 20 397 545 90
44 77 344 10 215 359 90
315 63 336 20 785 898 90
341 95 391 10 885 996 90
474 67 335 20 591 722 90
823 101 385 20 239 344 90
142 95 384 30 680 825 90
105 75 347 10 789 893 90
688 66 336 10 674 823 90
