rc2_10_5

VEHICLE
NUMBER  CAPACITY
250   1000

CUSTOMER
CUST NO. XCOORD. YCOORD. DEMAND READY TIME DUE DATE SERVICE TIME

0  250  250   0   0  7284   0
21 307 108 10 841 1178 10
391 263 153 12 1588 1831 10
51 314 124 20 942 1025 10
612 313 119 30 855 992 10
264 323 118 20 601 806 10
325 304 97 20 612 963 10
767 315 121 10 784 960 10
933 317 123 20 595 1046 10
235 326 118 10 391 912 10
884 307 102 40 831 967 10
762 305 107 20 740 1182 10
326 297 102 10 472 866 10
787 324 127 30 529 619 10
490 324 99 10 1198 1626 10
796 271 128 12 1339 1546 10
870 299 98 30 648 806 10
540 253 118 19 2082 2417 10
533 300 108 10 366 838 10
866 319 124 20 684 860 10
720 303 78 12 680 759 10
709 313 126 10 803 1262 10
636 304 102 30 462 1232 10
