c1_10_6

VEHICLE
NUMBER  CAPACITY
250   200

CUSTOMER
CUST NO. XCOORD. YCOORD. DEMAND READY TIME DUE DATE SERVICE TIME

0  250  250   0   0  1824   0
579 110 459 30 955 1211 90
75 57 432 10 894 1112 90
865 56 434 20 752 1069 90
275 52 432 20 744 887 90
185 64 426 10 1168 1216 90
216 58 458 10 632 843 90
713 60 428 20 1035 1161 90
378 55 431 20 635 811 90
538 111 459 20 1083 1264 90
178 60 454 10 805 1040 90
176 63 444 20 1103 1127 90
237 58 449 30 935 1100 90
974 112 465 10 693 735 90
422 111 464 10 769 843 90
349 59 457 30 689 969 90
269 50 438 20 704 799 90
944 111 463 20 861 933 90
401 109 463 30 886 1092 90
