r2_10_9

VEHICLE
NUMBER  CAPACITY
250   1000

CUSTOMER
CUST NO. XCOORD. YCOORD. DEMAND READY TIME DUE DATE SERVICE TIME

0  250  250   0   0  7697   0
72 215 293 13 55 792 10
364 226 316 21 183 378 10
984 247 306 33 56 778 10
316 210 276 5 82 300 10
350 233 230 20 26 422 10
752 222 331 10 1892 2545 10
139 235 288 18 40 451 10
170 250 328 24 843 1266 10
850 266 221 9 33 443 10
977 290 328 7 584 686 10
323 217 333 26 1384 2025 10
210 216 341 19 2380 2972 10
313 267 290 15 43 458 10
921 291 251 20 41 662 10
583 214 311 14 70 549 10
220 298 264 36 50 597 10
898 265 240 9 18 429 10
880 259 301 25 195 716 10
116 280 245 21 30 369 10
503 247 219 17 31 445 10
807 228 287 21 43 471 10
548 221 291 9 58 430 10
191 251 238 27 12 330 10
802 211 248 26 39 414 10
493 297 304 4 71 618 10
307 235 316 2 2538 2828 10
547 214 245 8 36 754 10
251 273 300 30 55 481 10
993 287 256 18 37 272 10
