r1_10_8

VEHICLE
NUMBER  CAPACITY
250   200

CUSTOMER
CUST NO. XCOORD. YCOORD. DEMAND READY TIME DUE DATE SERVICE TIME

0  250  250   0   0  1925   0
32 27 444 22 0 1620 10
211 105 474 27 0 1649 10
977 49 437 7 0 1641 10
688 114 460 14 0 1665 10
769 26 442 23 0 1620 10
121 64 437 11 0 1652 10
453 112 433 29 0 1686 10
768 84 453 19 0 1653 10
284 67 451 5 0 1644 10
582 90 477 18 0 1638 10
520 94 497 31 0 1623 10
808 77 465 11 0 1640 10
59 69 423 32 0 1665 10
886 3 471 13 0 1584 10
274 90 496 13 0 1622 10
504 63 420 19 0 1663 10
324 93 490 2 0 1629 10
919 88 484 5 0 1631 10
375 68 450 18 0 1645 10
263 53 466 9 0 1623 10
418 44 496 32 0 1595 10
574 44 440 24 0 1635 10
693 103 464 22 0 1656 10
677 5 445 30 0 1602 10
961 36 451 15 0 1622 10
285 27 464 21 0 1606 10
167 20 480 25 0 1590 10
