c1_10_5

VEHICLE
NUMBER  CAPACITY
250   200

CUSTOMER
CUST NO. XCOORD. YCOORD. DEMAND READY TIME DUE DATE SERVICE TIME

0  250  250   0   0  1824   0
362 270 401 20 182 302 90
506 250 411 30 465 580 90
656 203 390 40 279 388 90
772 249 407 10 373 485 90
658 210 391 30 172 301 90
815 211 386 20 141 250 90
597 248 404 30 165 323 90
238 246 398 40 148 263 90
213 272 403 30 470 579 90
761 207 400 20 492 559 90
621 272 402 10 280 390 90
287 250 405 20 279 394 90
914 270 400 10 151 253 90
771 208 396 20 375 487 90
969 277 403 10 357 502 90
