c1_10_7

VEHICLE
NUMBER  CAPACITY
250   200

CUSTOMER
CUST NO. XCOORD. YCOORD. DEMAND READY TIME DUE DATE SERVICE TIME

0  250  250   0   0  1824   0
432 483 22 10 419 599 90
718 459 14 20 315 495 90
326 460 13 20 407 587 90
645 439 15 20 588 768 90
14 437 12 20 495 675 90
955 440 7 20 399 579 90
54 433 31 10 285 465 90
177 433 27 20 571 751 90
288 483 14 10 608 788 90
607 434 26 10 479 659 90
727 481 20 20 512 692 90
853 485 24 20 326 506 90
384 481 26 30 321 501 90
100 460 2 20 598 778 90
184 433 15 20 297 477 90
139 435 11 40 302 482 90
531 438 26 10 385 565 90
722 458 16 20 313 493 90
483 438 31 10 290 470 90
334 459 10 10 500 680 90
195 431 28 20 663 843 90
