c2_10_5

VEHICLE
NUMBER  CAPACITY
250   700

CUSTOMER
CUST NO. XCOORD. YCOORD. DEMAND READY TIME DUE DATE SERVICE TIME

0  250  250   0   0  3914   0
146 241 375 10 1918 2238 90
374 258 350 20 1742 2062 90
20 259 355 20 1837 2157 90
245 255 371 40 2129 2449 90
764 250 367 20 2033 2353 90
61 236 361 30 1633 1953 90
577 253 382 10 3010 3330 90
775 244 371 20 2230 2550 90
731 241 391 30 2905 3225 90
312 232 378 20 2114 2434 90
584 234 383 10 2019 2339 90
15 252 347 10 2831 3151 90
403 261 350 10 1649 1969 90
519 239 369 30 1731 2051 90
807 234 350 10 2537 2857 90
348 239 373 10 1825 2145 90
962 233 346 20 2631 2951 90
149 257 336 10 3026 3346 90
676 260 330 40 3123 3443 90
157 251 376 10 3106 3426 90
958 241 362 10 2330 2650 90
521 254 357 20 1932 2252 90
182 242 350 10 2731 3051 90
907 262 352 10 1556 1876 90
600 254 335 10 2933 3253 90
