r2_10_5

VEHICLE
NUMBER  CAPACITY
250   1000

CUSTOMER
CUST NO. XCOORD. YCOORD. DEMAND READY TIME DUE DATE SERVICE TIME

0  250  250   0   0  7697   0
283 149 214 7 1868 2108 10
492 71 282 29 2507 2747 10
556 100 266 5 1819 2059 10
611 89 185 16 2339 2579 10
30 39 162 18 2201 2441 10
938 77 172 23 3082 3322 10
471 131 246 17 3268 3508 10
869 46 248 9 3195 3435 10
306 133 202 33 1782 2022 10
417 83 300 26 1939 2179 10
174 18 225 8 2705 2945 10
239 103 177 28 2446 2686 10
293 72 227 25 2195 2435 10
629 33 268 18 2723 2963 10
362 39 153 26 3131 3371 10
698 71 304 19 2696 2936 10
375 48 150 15 2560 2800 10
931 2 264 40 2558 2798 10
610 52 303 25 1705 1945 10
588 62 236 29 2172 2412 10
867 110 251 23 1931 2171 10
225 83 169 21 3046 3286 10
748 10 237 19 2406 2646 10
43 87 213 18 2443 2683 10
62 34 169 11 1878 2118 10
466 32 191 5 2285 2525 10
498 68 240 11 3118 3358 10
482 83 290 14 2370 2610 10
317 120 261 5 3113 3353 10
385 148 208 22 2046 2286 10
966 21 146 21 1887 2127 10
626 69 266 12 2973 3213 10
835 37 281 17 1913 2153 10
