c2_10_5

VEHICLE
NUMBER   CAPACITY
250     700

CUSTOMER
CUST NO. XCOORD.  YCOORD.  DEMAND  READY TIME DUE DATE  SERVICE TIME

0   250    250     0     0    3914     0
753 69 475 30 1109 1429 90
668 206 313 20 2011 2331 90
15 252 347 10 2831 3151 90
141 189 327 10 340 660 90
227 277 434 20 1347 1667 90
292 221 374 30 1050 1370 90
444 125 444 10 1917 2237 90
95 166 464 10 714 1034 90
816 183 340 10 2597 2917 90
348 239 373 10 1825 2145 90
549 346 487 10 1728 2048 90
559 203 369 10 761 1081 90
600 254 335 10 2933 3253 90
856 141 454 20 1606 1926 90
197 176 447 20 231 551 90
388 156 421 30 3275 3595 90
919 176 358 10 1995 2315 90
80 216 380 20 2220 2540 90
836 197 350 30 1106 1426 90
31 220 394 10 2703 3023 90
755 198 334 20 2123 2443 90
542 214 372 10 863 1183 90
253 152 457 10 1137 1457 90
10 79 479 30 918 1238 90
652 261 371 20 898 1218 90
969 314 436 10 2021 2341 90
398 76 408 30 940 1260 90
96 266 373 10 713 1033 90
209 135 460 10 1705 2025 90
760 67 463 30 504 824 90
960 264 365 10 1175 1495 90
962 233 346 20 2631 2951 90
175 331 486 10 1923 2243 90
676 260 330 40 3123 3443 90
500 318 493 10 745 1065 90
735 345 496 20 1327 1647 90
35 216 307 20 2436 2756 90
673 177 436 20 199 519 90
797 188 356 20 1802 2122 90
765 157 436 20 2693 3013 90
335 229 396 30 2802 3122 90
225 94 456 20 3044 3364 90
47 229 364 10 2432 2752 90
305 277 431 30 1254 1574 90
115 222 381 20 2509 2829 90
178 326 498 10 941 1261 90
361 332 486 20 1832 2152 90
299 156 434 10 2785 3105 90
558 336 479 20 2118 2438 90
157 251 376 10 3106 3426 90
751 170 338 20 2204 2524 90
703 54 485 30 1693 2013 90
687 267 436 30 2927 3247 90
728 222 317 30 2335 2655 90
974 197 351 20 1197 1517 90
433 160 431 30 3174 3494 90
630 269 428 20 1065 1385 90
672 329 459 10 2805 3125 90
822 57 456 20 308 628 90
160 95 475 20 2845 3165 90
664 59 471 20 1404 1724 90
858 298 430 30 389 709 90
117 311 496 10 648 968 90
118 220 384 10 2603 2923 90
28 205 343 20 822 1142 90
43 329 471 30 2703 3023 90
250 151 462 10 1322 1642 90
258 163 453 10 613 933 90
489 347 479 10 2309 2629 90
574 151 436 10 2306 2626 90
67 277 371 30 515 835 90
907 262 352 10 1556 1876 90
730 322 454 20 240 560 90
312 232 378 20 2114 2434 90
958 241 362 10 2330 2650 90
680 220 362 20 1251 1571 90
300 180 335 20 2501 2821 90
218 275 431 10 1162 1482 90
301 327 483 20 2018 2338 90
851 300 443 10 1916 2236 90
847 292 456 20 2438 2758 90
810 283 425 20 778 1098 90
659 61 437 20 265 585 90
951 152 478 20 935 1255 90
648 209 307 10 1731 2051 90
111 191 397 20 183 503 90
964 196 348 10 1014 1334 90
314 188 330 30 433 753 90
338 297 430 20 298 618 90
780 155 447 20 2592 2912 90
892 78 479 30 1009 1329 90
769 194 353 20 1291 1611 90
45 95 466 10 2944 3264 90
441 201 331 20 627 947 90
877 63 454 10 404 724 90
857 146 461 20 1417 1737 90
354 275 448 10 2822 3142 90
640 169 443 30 420 740 90
353 340 449 10 3000 3320 90
744 279 436 20 1439 1759 90
419 316 453 20 213 533 90
239 200 327 30 3070 3390 90
200 294 455 30 2346 2666 90
146 241 375 10 1918 2238 90
584 234 383 10 2019 2339 90
170 191 352 20 117 437 90
371 149 434 30 2123 2443 90
628 184 354 30 1896 2216 90
973 206 312 40 1920 2240 90
834 289 452 20 2718 3038 90
826 290 416 30 170 490 90
711 151 442 20 2402 2722 90
781 211 308 30 1823 2143 90
61 236 361 30 1633 1953 90
288 52 484 10 1601 1921 90
456 344 478 20 2216 2536 90
692 291 450 10 2625 2945 90
350 284 360 30 229 549 90
263 70 482 20 2271 2591 90
940 186 372 20 1605 1925 90
608 87 454 40 802 1122 90
979 247 447 10 3040 3360 90
149 257 336 10 3026 3346 90
941 116 446 20 1818 2138 90
282 222 356 20 1528 1848 90
494 263 351 10 1465 1785 90
479 325 490 10 843 1163 90
366 348 466 20 2503 2823 90
181 76 456 30 700 1020 90
374 258 350 20 1742 2062 90
521 254 357 20 1932 2252 90
202 216 316 20 2239 2559 90
391 96 407 20 354 674 90
577 253 382 10 3010 3330 90
448 276 428 20 968 1288 90
513 206 377 20 479 799 90
782 297 442 20 1732 2052 90
332 206 326 30 3166 3486 90
78 272 365 30 613 933 90
23 209 358 30 1397 1717 90
776 174 444 10 325 645 90
809 142 457 10 1513 1833 90
137 71 453 20 605 925 90
364 317 467 20 344 664 90
217 64 473 10 1204 1524 90
428 213 363 30 1154 1474 90
99 220 379 10 2314 2634 90
264 357 445 20 3107 3427 90
73 278 357 10 132 452 90
145 77 483 20 2459 2779 90
653 302 470 20 2147 2467 90
783 200 342 10 917 1237 90
352 279 369 10 422 742 90
590 202 386 20 289 609 90
775 244 371 20 2230 2550 90
182 242 350 10 2731 3051 90
572 172 483 30 824 1144 90
125 67 485 40 2086 2406 90
238 280 423 10 871 1191 90
596 187 362 20 1706 2026 90
9 294 437 30 581 901 90
390 265 358 20 1272 1592 90
820 310 484 30 546 866 90
799 69 485 10 2178 2498 90
731 241 391 30 2905 3225 90
403 261 350 10 1649 1969 90
242 332 491 30 1131 1451 90
463 352 500 30 1425 1745 90
278 154 458 20 1045 1365 90
614 299 442 10 1824 2144 90
764 250 367 20 2033 2353 90
379 178 441 20 204 524 90
177 172 435 30 2981 3301 90
120 349 476 10 2403 2723 90
929 290 425 30 200 520 90
133 355 480 20 1536 1856 90
386 166 434 40 2885 3205 90
840 351 480 30 1630 1950 90
900 216 374 30 955 1275 90
261 184 340 10 2688 3008 90
491 261 370 30 989 1309 90
845 233 441 20 3145 3465 90
296 189 368 20 132 452 90
235 85 486 30 2558 2878 90
434 338 489 30 1228 1548 90
827 277 369 30 330 650 90
20 259 355 20 1837 2157 90
341 189 339 50 2783 3103 90
905 95 395 30 252 572 90
236 204 371 30 669 989 90
519 239 369 30 1731 2051 90
991 320 476 30 443 763 90
38 166 452 20 519 839 90
625 298 438 10 487 807 90
927 290 440 40 1541 1861 90
310 214 382 30 2411 2731 90
887 345 468 10 2597 2917 90
114 169 360 20 2092 2412 90
127 147 435 10 2031 2351 90
187 262 368 30 1082 1402 90
526 190 332 20 526 846 90
83 66 491 20 1990 2310 90
232 69 493 20 1897 2217 90
867 206 379 10 387 707 90
794 210 359 10 1488 1808 90
762 59 480 10 1503 1823 90
998 298 456 30 2252 2572 90
904 149 444 20 2495 2815 90
890 208 371 20 575 895 90
207 94 479 20 2750 3070 90
222 168 433 20 3076 3396 90
807 234 350 10 2537 2857 90
746 263 372 10 806 1126 90
245 255 371 40 2129 2449 90
956 87 481 10 2653 2973 90
126 220 359 30 1344 1664 90
511 207 337 20 725 1045 90
460 314 449 30 209 529 90
279 290 417 10 171 491 90
342 280 351 30 105 425 90
888 150 435 20 2215 2535 90
42 292 445 10 1636 1956 90
981 292 434 10 675 995 90
972 60 497 10 1797 2117 90
585 199 327 10 2979 3299 90
948 189 338 10 2874 3194 90
878 222 357 30 1437 1757 90
226 73 484 20 2365 2685 90
707 52 469 20 1307 1627 90
801 54 446 20 277 597 90
326 293 454 20 2531 2851 90
206 152 460 10 1230 1550 90
874 328 498 20 1033 1353 90
184 268 351 10 1370 1690 90
208 337 453 30 2905 3225 90
