r1_10_2

VEHICLE
NUMBER   CAPACITY
250     200

CUSTOMER
CUST NO. XCOORD.  YCOORD.  DEMAND  READY TIME DUE DATE  SERVICE TIME

0   250    250     0     0    1925     0
455 213 283 14 0 1866 10
148 161 276 8 143 153 10
753 225 269 30 0 1884 10
12 260 472 33 0 1693 10
15 164 320 12 1105 1115 10
205 44 344 12 1089 1099 10
932 187 263 35 64 74 10
161 263 418 25 288 298 10
22 104 349 20 1019 1029 10
404 91 326 4 0 1739 10
461 215 282 21 1450 1460 10
816 46 389 22 0 1669 10
549 175 352 12 0 1789 10
759 34 329 2 1053 1063 10
697 235 288 18 40 50 10
59 69 423 32 812 822 10
856 243 402 13 415 425 10
919 88 484 5 0 1631 10
293 163 472 9 663 673 10
80 132 479 11 257 267 10
742 29 358 23 621 631 10
253 246 314 36 1455 1465 10
84 115 296 24 1539 1549 10
468 76 462 18 966 976 10
593 12 367 27 336 346 10
837 173 474 14 1295 1305 10
327 150 484 16 635 645 10
96 262 369 15 0 1796 10
380 84 377 10 0 1706 10
35 250 328 24 259 269 10
328 235 316 2 666 676 10
418 44 496 32 412 422 10
369 177 486 20 0 1668 10
875 164 473 26 306 316 10
335 55 318 13 322 332 10
484 185 434 9 0 1720 10
121 64 437 11 928 938 10
167 20 480 25 0 1590 10
24 91 427 14 893 903 10
663 181 441 25 552 562 10
178 148 462 10 737 747 10
937 118 314 26 348 358 10
299 221 291 9 56 66 10
122 181 260 23 0 1846 10
687 228 260 12 1616 1626 10
721 214 274 24 0 1872 10
220 67 378 26 480 490 10
363 94 344 26 0 1733 10
641 202 391 30 0 1767 10
630 222 331 10 550 560 10
690 154 374 36 0 1759 10
844 221 269 14 1275 1285 10
160 68 303 22 0 1726 10
664 162 301 16 1623 1633 10
858 66 314 26 194 204 10
923 138 406 8 1226 1236 10
117 201 278 13 56 66 10
830 89 322 21 1031 1041 10
543 71 304 19 699 709 10
489 195 273 22 59 69 10
574 44 440 24 0 1635 10
518 48 366 29 753 763 10
349 122 422 3 1467 1477 10
693 103 464 22 1283 1293 10
770 180 283 23 754 764 10
312 67 352 20 383 393 10
481 69 414 6 1273 1283 10
958 61 441 27 554 564 10
544 87 311 7 0 1741 10
982 48 437 4 814 824 10
333 161 416 25 0 1727 10
677 5 445 30 321 331 10
851 237 420 15 1344 1354 10
412 244 422 14 548 558 10
859 58 391 16 892 902 10
898 218 271 16 1584 1594 10
166 89 358 23 1257 1267 10
659 48 412 7 1042 1052 10
739 12 358 7 1234 1244 10
32 27 444 22 1090 1100 10
897 247 443 17 340 350 10
436 179 497 1 1421 1431 10
520 94 497 31 792 802 10
57 130 494 6 769 779 10
567 230 487 20 1140 1150 10
700 226 423 15 207 217 10
183 211 411 15 0 1750 10
586 157 269 31 1586 1596 10
769 26 442 23 1354 1364 10
462 166 440 12 207 217 10
45 32 319 21 411 421 10
619 195 464 20 0 1695 10
671 257 391 22 1643 1653 10
880 115 395 11 825 835 10
527 244 277 18 1311 1321 10
768 84 453 19 0 1653 10
66 142 372 18 162 172 10
353 211 446 15 1133 1143 10
744 248 386 22 388 398 10
239 230 320 8 1202 1212 10
340 177 404 17 1272 1282 10
710 261 359 10 109 119 10
425 245 461 8 659 669 10
26 210 276 5 47 57 10
371 179 318 2 1131 1141 10
539 167 445 7 0 1704 10
251 136 430 14 720 730 10
834 217 357 23 1430 1440 10
432 225 488 28 646 656 10
88 49 353 15 1456 1466 10
3 80 400 10 1456 1466 10
476 141 426 23 541 551 10
263 53 466 9 345 355 10
608 62 375 16 359 369 10
925 231 410 14 0 1754 10
243 79 467 22 361 371 10
717 13 394 15 383 393 10
411 179 286 8 351 361 10
282 174 347 3 1025 1035 10
754 50 383 20 270 280 10
211 105 474 27 481 491 10
961 36 451 15 0 1622 10
479 162 388 11 1136 1146 10
777 35 344 21 873 883 10
581 244 368 25 424 434 10
779 208 488 22 488 498 10
321 178 420 18 1081 1091 10
308 154 392 9 171 181 10
704 247 306 33 56 66 10
18 144 331 13 941 951 10
453 112 433 29 0 1686 10
367 29 336 22 342 352 10
284 67 451 5 1226 1236 10
23 28 467 34 1353 1363 10
430 80 337 28 0 1725 10
843 10 407 36 444 454 10
548 268 458 24 533 543 10
97 218 403 15 0 1759 10
886 3 471 13 0 1584 10
99 228 399 14 0 1765 10
264 167 291 27 1644 1654 10
582 90 477 18 277 287 10
73 77 372 19 211 221 10
737 26 342 12 331 341 10
145 7 382 27 780 790 10
495 83 300 26 510 520 10
850 239 486 3 1492 1502 10
77 225 369 38 121 131 10
352 222 499 7 855 865 10
775 228 287 21 43 53 10
470 196 489 23 1040 1050 10
182 216 341 19 664 674 10
238 208 445 22 1342 1352 10
439 152 476 45 533 543 10
596 43 360 2 0 1681 10
390 107 374 8 924 934 10
373 149 341 6 414 424 10
820 134 276 15 143 153 10
908 256 441 34 0 1724 10
893 226 316 21 70 80 10
651 169 305 21 172 182 10
708 137 377 23 169 179 10
738 139 438 24 0 1697 10
607 217 333 26 421 431 10
944 96 346 26 0 1734 10
285 27 464 21 1301 1311 10
136 93 413 17 226 236 10
379 80 458 30 381 391 10
915 159 299 12 1026 1036 10
873 214 311 14 70 80 10
517 162 306 22 129 139 10
177 29 462 17 1320 1330 10
841 95 382 19 0 1712 10
190 11 403 18 353 363 10
654 65 343 38 217 227 10
926 199 438 3 0 1721 10
532 190 267 36 0 1853 10
274 90 496 13 1405 1415 10
365 146 376 8 244 254 10
501 229 322 11 0 1840 10
302 178 302 19 897 907 10
840 195 450 16 0 1708 10
900 241 402 11 0 1763 10
261 259 498 33 1085 1095 10
901 213 399 18 244 254 10
551 51 360 13 1155 1165 10
235 215 293 13 55 65 10
905 215 434 9 0 1728 10
171 111 392 18 0 1717 10
474 243 408 15 1444 1454 10
860 142 360 20 1542 1552 10
698 0 356 13 0 1644 10
946 176 470 14 557 567 10
545 207 487 4 699 709 10
566 13 465 31 784 794 10
199 126 391 19 283 293 10
762 171 303 18 0 1820 10
150 210 379 12 719 729 10
547 161 275 21 0 1823 10
249 167 488 17 260 270 10
853 172 314 9 555 565 10
50 132 477 25 337 347 10
16 52 412 22 0 1660 10
757 255 487 19 408 418 10
718 172 292 17 0 1827 10
395 185 431 15 397 407 10
224 78 406 15 970 980 10
918 164 332 19 1290 1300 10
670 149 458 13 0 1684 10
956 80 357 1 540 550 10
413 250 441 5 766 776 10
808 77 465 11 275 285 10
384 224 320 36 1294 1304 10
459 259 301 25 109 119 10
460 189 402 10 0 1752 10
203 182 480 31 0 1676 10
496 72 477 46 288 298 10
888 153 362 7 0 1767 10
977 49 437 7 437 447 10
817 246 407 12 322 332 10
42 166 345 14 1140 1150 10
981 175 422 24 1456 1466 10
569 240 362 23 0 1803 10
909 174 397 32 1255 1265 10
504 63 420 19 0 1663 10
878 133 455 25 818 828 10
571 0 422 8 831 841 10
324 93 490 2 389 399 10
408 174 376 8 0 1768 10
206 170 347 15 0 1790 10
681 59 388 20 673 683 10
423 146 313 22 0 1794 10
597 102 422 23 236 246 10
688 114 460 14 0 1665 10
375 68 450 18 643 653 10
208 124 448 6 379 389 10
234 135 400 20 0 1726 10
992 195 386 13 146 156 10
