r1_10_2

VEHICLE
NUMBER   CAPACITY
250     200

CUSTOMER
CUST NO. XCOORD.  YCOORD.  DEMAND  READY TIME DUE DATE  SERVICE TIME

0   250    250     0     0    1925     0
429 212 47 20 811 821 10
303 250 57 26 758 768 10
227 224 3 10 700 710 10
444 261 138 1 0 1803 10
968 309 29 11 1304 1314 10
993 172 24 17 1462 1472 10
800 206 172 29 798 808 10
930 187 61 19 555 565 10
339 288 70 24 189 199 10
785 295 89 23 752 762 10
388 135 30 12 484 494 10
31 52 18 28 867 877 10
604 66 31 25 0 1629 10
10 251 63 14 997 1007 10
507 158 24 18 621 631 10
398 142 30 32 1256 1266 10
632 226 175 23 1704 1714 10
502 150 68 23 0 1708 10
805 253 74 20 0 1739 10
260 236 126 23 0 1791 10
962 276 84 20 0 1747 10
500 188 119 44 985 995 10
673 191 215 17 68 78 10
683 142 80 12 0 1714 10
573 71 12 2 303 313 10
499 238 123 24 791 801 10
313 173 182 25 102 112 10
53 231 167 15 0 1830 10
703 176 199 28 89 99 10
819 213 185 21 74 84 10
281 206 174 14 810 820 10
1 171 34 21 1153 1163 10
447 215 79 5 0 1741 10
103 210 113 28 700 710 10
246 124 111 15 0 1728 10
488 87 51 35 524 534 10
636 140 108 29 1081 1091 10
172 267 162 6 1459 1469 10
400 174 122 14 603 613 10
213 211 248 26 39 49 10
680 198 85 28 273 283 10
101 267 174 34 1628 1638 10
483 142 14 18 845 855 10
813 89 65 16 730 740 10
847 281 96 1 0 1758 10
842 225 121 18 0 1784 10
634 223 178 20 1146 1156 10
895 102 6 3 1468 1478 10
162 147 30 26 1119 1129 10
111 114 102 21 517 527 10
107 100 85 14 361 371 10
761 242 106 28 1278 1288 10
976 149 98 4 1175 1185 10
338 91 27 14 1192 1202 10
780 235 33 30 1347 1357 10
441 64 5 14 1139 1149 10
503 67 24 10 0 1625 10
857 117 110 13 0 1722 10
623 200 78 31 1003 1013 10
81 201 66 14 1177 1187 10
866 240 240 35 1710 1720 10
914 253 118 19 557 567 10
176 264 135 1 889 899 10
942 94 40 24 1078 1088 10
200 92 18 8 1134 1144 10
865 151 81 28 1568 1578 10
674 231 29 14 1236 1246 10
254 176 200 17 578 588 10
472 171 24 11 1393 1403 10
628 120 17 30 289 299 10
691 235 13 27 369 379 10
781 140 137 32 580 590 10
61 261 201 15 1524 1534 10
309 196 56 15 0 1714 10
14 266 221 9 33 43 10
456 240 34 28 1570 1580 10
947 206 97 33 0 1756 10
692 303 78 12 179 189 10
427 191 84 13 877 887 10
747 172 66 18 1313 1323 10
541 272 234 26 1600 1610 10
854 233 230 20 26 36 10
98 218 12 3 554 564 10
643 224 56 13 1196 1206 10
449 171 188 30 631 641 10
366 244 13 24 1023 1033 10
980 188 151 7 1307 1317 10
387 98 29 14 0 1647 10
796 209 212 18 0 1860 10
997 215 129 17 1129 1139 10
147 174 41 15 0 1693 10
13 290 145 5 1292 1302 10
577 132 32 18 794 804 10
448 109 56 27 239 249 10
513 235 108 12 0 1773 10
368 306 42 11 0 1700 10
332 307 52 23 930 940 10
256 257 133 19 872 882 10
516 217 207 26 1392 1402 10
627 125 65 17 798 808 10
41 245 42 24 557 567 10
435 177 156 25 177 187 10
591 92 76 4 1149 1159 10
137 210 29 13 0 1691 10
702 144 35 26 239 249 10
82 245 176 20 0 1841 10
699 178 135 21 0 1780 10
963 130 140 17 204 214 10
247 247 219 17 0 1884 10
815 202 28 22 0 1688 10
330 193 138 30 671 681 10
165 271 128 12 356 366 10
795 138 28 23 1107 1117 10
144 181 185 19 1624 1634 10
821 262 97 17 957 967 10
194 200 27 22 535 545 10
514 174 67 15 0 1717 10
938 60 29 32 1373 1383 10
403 173 65 12 458 468 10
482 273 70 36 629 639 10
617 168 109 10 214 224 10
614 100 66 15 0 1678 10
846 168 59 6 376 386 10
173 248 176 32 1411 1421 10
917 268 113 21 0 1777 10
675 253 50 27 236 246 10
798 156 65 22 1047 1057 10
240 157 38 3 1058 1068 10
478 240 255 33 1621 1631 10
295 282 10 30 0 1673 10
189 186 135 24 0 1784 10
491 95 64 4 776 786 10
845 264 180 33 1691 1701 10
362 257 57 18 1236 1246 10
599 210 81 2 0 1742 10
610 248 214 19 1489 1499 10
724 179 75 13 750 760 10
519 209 68 27 1578 1588 10
38 233 87 18 263 273 10
625 197 202 29 1214 1224 10
927 219 215 32 0 1869 10
965 292 136 28 791 801 10
39 60 5 18 1054 1064 10
729 199 203 20 1467 1477 10
645 292 104 26 314 324 10
185 178 150 33 642 652 10
784 265 0 10 0 1665 10
473 187 73 18 302 312 10
655 158 179 37 0 1799 10
415 195 111 15 1008 1018 10
110 251 238 27 12 22 10
33 178 72 23 767 777 10
890 143 158 12 148 158 10
318 269 112 19 1273 1283 10
383 104 28 8 1483 1493 10
245 282 1 18 0 1664 10
971 263 153 12 0 1818 10
106 241 180 13 1705 1715 10
126 232 101 24 356 366 10
273 292 32 14 239 249 10
279 120 37 28 0 1666 10
726 214 245 8 36 46 10
262 180 162 9 0 1803 10
396 262 92 25 640 650 10
667 210 219 7 50 60 10
214 212 186 11 1732 1742 10
948 210 133 15 699 709 10
791 98 2 14 602 612 10
595 128 113 22 373 383 10
443 165 59 27 953 963 10
68 219 210 14 50 60 10
329 239 15 2 0 1680 10
226 241 38 16 0 1703 10
51 203 211 20 1316 1326 10
134 108 37 23 559 569 10
486 265 240 9 18 28 10
277 273 149 14 1513 1523 10
740 125 61 26 622 632 10
385 87 3 13 0 1620 10
