rc1_10_2

VEHICLE
NUMBER  CAPACITY
250   200

CUSTOMER
CUST NO. XCOORD. YCOORD. DEMAND READY TIME DUE DATE SERVICE TIME

0  250  250   0   0  1821   0
876 213 397 10 217 247 10
924 17 459 10 422 452 10
634 11 403 18 343 373 10
414 87 285 30 241 271 10
138 163 472 9 653 683 10
697 167 445 7 1412 1442 10
376 15 457 20 323 353 10
805 88 287 30 263 293 10
703 59 459 20 311 341 10
17 203 390 40 159 189 10
100 2 295 30 306 336 10
869 69 334 30 206 236 10
766 12 358 7 1224 1254 10
668 112 433 29 235 265 10
835 102 422 23 226 256 10
197 111 459 20 359 389 10
86 97 288 22 1284 1314 10
925 66 448 10 270 300 10
507 189 402 10 536 566 10
147 93 413 17 226 256 10
257 218 403 15 1319 1349 10
152 62 326 20 286 316 10
496 13 314 14 245 275 10
593 22 483 30 325 355 10
803 90 285 40 276 306 10
309 58 458 10 323 353 10
811 7 292 10 246 276 10
220 145 434 20 233 263 10
569 32 319 21 401 431 10
575 1 293 10 268 298 10
440 220 392 20 258 288 10
740 112 465 10 299 329 10
899 13 465 31 774 804 10
608 122 422 3 1457 1487 10
601 66 336 10 253 283 10
397 16 497 20 426 456 10
369 40 304 16 1145 1175 10
75 30 302 10 267 297 10
503 185 434 9 574 604 10
359 59 388 20 663 693 10
589 13 459 20 347 377 10
855 210 391 30 146 176 10
61 105 474 27 471 501 10
40 80 290 10 197 227 10
381 63 336 20 266 296 10
366 63 444 20 380 410 10
419 146 439 10 259 289 10
111 0 422 8 821 851 10
461 17 458 10 433 463 10
830 67 334 20 231 261 10
679 208 396 20 176 206 10
308 135 400 20 299 329 10
102 54 445 10 308 338 10
833 77 465 11 275 305 10
19 7 300 30 345 375 10
13 239 486 3 1482 1512 10
972 28 467 34 1343 1373 10
130 44 344 12 1079 1109 10
128 103 464 22 1273 1303 10
619 64 437 11 918 948 10
626 170 347 15 436 466 10
825 132 479 11 257 287 10
163 64 294 12 1101 1131 10
511 37 281 17 493 523 10
382 6 296 10 320 350 10
185 27 464 21 1291 1321 10
334 73 328 20 193 223 10
917 112 467 10 276 306 10
229 110 459 30 348 378 10
993 3 292 20 256 286 10
705 55 449 20 278 308 10
664 51 447 10 294 324 10
539 140 431 30 211 241 10
845 90 296 20 166 196 10
283 111 392 18 1169 1199 10
747 26 490 10 475 505 10
913 130 494 6 759 789 10
996 147 435 20 245 275 10
551 107 374 8 914 944 10
144 142 372 18 162 192 10
466 138 438 20 287 317 10
449 85 288 20 182 212 10
642 95 382 19 231 261 10
469 35 303 20 221 251 10
25 116 466 20 254 284 10
358 16 463 20 375 405 10
586 53 440 10 323 353 10
221 33 286 11 1546 1576 10
628 117 467 10 254 284 10
920 166 440 12 207 237 10
689 59 457 30 334 364 10
62 20 489 10 383 413 10
46 69 414 6 1263 1293 10
120 7 382 27 770 800 10
645 30 301 10 278 308 10
433 33 278 18 1487 1517 10
782 58 449 30 363 393 10
255 115 395 11 815 845 10
752 109 463 30 334 364 10
696 52 303 25 441 471 10
281 213 399 18 234 264 10
609 65 453 30 282 312 10
139 29 336 22 332 362 10
307 25 307 10 249 279 10
837 141 428 20 208 238 10
791 96 346 26 185 215 10
739 53 466 9 335 365 10
842 5 281 16 1372 1402 10
12 60 454 10 347 377 10
340 58 391 16 882 912 10
770 84 377 10 926 956 10
624 20 488 10 372 402 10
251 118 314 26 338 368 10
622 196 489 23 1030 1060 10
383 146 376 8 234 264 10
615 35 306 20 229 259 10
268 49 451 20 284 314 10
2 214 394 10 231 261 10
465 111 467 20 287 317 10
746 134 428 20 308 338 10
513 44 311 27 407 437 10
489 21 487 10 350 380 10
417 67 451 5 1216 1246 10
276 90 477 18 277 307 10
882 56 268 28 1064 1094 10
583 104 349 20 1009 1039 10
734 210 379 12 709 739 10
157 62 453 10 295 325 10
106 230 487 20 1130 1160 10
60 71 333 10 197 227 10
357 133 455 25 808 838 10
858 12 463 20 361 391 10
182 179 497 1 1411 1441 10
168 175 422 24 1446 1476 10
30 83 300 26 500 530 10
279 8 497 40 408 438 10
387 142 360 20 1532 1562 10
160 38 301 20 296 326 10
348 48 437 4 804 834 10
295 0 356 13 1086 1116 10
905 18 484 10 329 359 10
907 19 273 25 1017 1047 10
606 21 488 10 361 391 10
966 12 451 20 311 341 10
554 14 459 20 336 366 10
448 215 395 20 242 272 10
587 69 336 20 218 248 10
243 0 293 30 279 309 10
113 195 464 20 1541 1571 10
32 18 462 20 398 428 10
434 149 458 13 1164 1194 10
783 16 460 20 411 441 10
