c1_10_9

VEHICLE
NUMBER  CAPACITY
250   200

CUSTOMER
CUST NO. XCOORD. YCOORD. DEMAND READY TIME DUE DATE SERVICE TIME

0  250  250   0   0  1824   0
822 105 27 10 460 820 90
698 95 92 20 408 768 90
927 4 116 10 468 828 90
48 164 21 20 428 788 90
593 113 156 10 439 799 90
509 4 114 10 560 920 90
222 2 116 20 376 736 90
428 133 53 20 514 874 90
870 65 153 30 412 772 90
786 66 156 10 505 865 90
624 181 6 20 535 895 90
360 37 51 10 481 841 90
953 116 152 20 534 894 90
271 17 65 20 482 842 90
635 26 36 10 494 854 90
966 24 41 10 399 759 90
852 132 55 10 422 782 90
876 67 105 10 420 780 90
235 125 29 30 438 798 90
634 182 4 10 443 803 90
47 111 113 10 483 843 90
344 198 12 10 427 787 90
596 129 27 10 533 893 90
372 48 72 30 560 920 90
426 197 11 10 518 878 90
559 88 95 20 505 865 90
935 167 24 20 522 882 90
675 107 26 10 368 728 90
459 104 28 20 552 912 90
320 40 52 40 388 748 90
709 43 71 40 373 733 90
795 64 101 20 515 875 90
381 16 68 20 389 749 90
461 111 110 20 390 750 90
991 46 74 20 467 827 90
