c1_10_9

VEHICLE
NUMBER  CAPACITY
250   200

CUSTOMER
CUST NO. XCOORD. YCOORD. DEMAND READY TIME DUE DATE SERVICE TIME

0  250  250   0   0  1824   0
291 120 159 10 161 521 90
977 74 146 30 204 564 90
406 9 124 20 271 631 90
834 15 69 10 296 656 90
257 26 43 10 305 665 90
600 61 156 30 317 677 90
148 121 157 10 159 519 90
200 188 4 20 254 614 90
879 200 14 10 241 601 90
328 188 12 30 245 605 90
708 132 57 20 239 599 90
352 61 147 40 218 578 90
390 72 148 20 205 565 90
33 39 76 10 273 633 90
820 7 123 30 274 634 90
784 130 57 40 227 587 90
501 200 13 10 245 605 90
616 68 108 10 230 590 90
415 96 97 20 217 577 90
244 169 31 20 237 597 90
122 113 106 20 198 558 90
190 111 23 10 266 626 90
683 199 12 20 336 696 90
131 116 156 10 346 706 90
95 20 73 10 290 650 90
462 97 93 20 315 675 90
627 93 96 20 220 580 90
313 67 108 10 231 591 90
382 124 56 20 231 591 90
127 122 35 10 250 610 90
502 0 120 30 282 642 90
984 166 34 20 231 591 90
536 26 45 30 303 663 90
57 118 157 20 254 614 90
562 123 159 20 156 516 90
896 166 32 10 233 593 90
497 167 27 30 331 691 90
557 15 68 10 298 658 90
460 131 56 10 331 691 90
682 125 32 30 254 614 90
92 189 7 30 250 610 90
481 67 109 20 233 593 90
846 186 7 20 348 708 90
842 105 22 30 270 630 90
764 204 15 20 239 599 90
705 108 105 20 202 562 90
351 125 39 20 245 605 90
532 44 79 10 267 627 90
209 38 72 30 278 638 90
301 44 47 20 289 649 90
316 109 107 20 206 566 90
74 64 108 10 326 686 90
564 39 50 30 296 656 90
678 109 108 10 297 657 90
777 41 47 20 291 651 90
121 26 42 20 307 667 90
475 126 30 10 347 707 90
50 108 26 10 277 637 90
322 94 97 20 218 578 90
