c2_10_9

VEHICLE
NUMBER   CAPACITY
250     700

CUSTOMER
CUST NO. XCOORD.  YCOORD.  DEMAND  READY TIME DUE DATE  SERVICE TIME

0   250    250     0     0    3914     0
587 144 266 30 107 1069 90
196 139 262 30 1142 1918 90
161 90 298 10 1393 2974 90
716 106 295 20 459 1807 90
945 179 284 30 919 1304 90
930 124 247 20 2175 3698 90
604 152 241 20 389 1357 90
742 138 272 20 1267 2535 90
828 91 303 20 1857 2701 90
424 108 245 20 1601 2020 90
696 121 249 20 2309 2694 90
875 108 222 10 1320 1834 90
906 117 319 10 2885 3492 90
344 134 265 20 2541 2950 90
122 112 243 20 1863 2938 90
363 55 282 40 197 1069 90
306 110 241 20 2123 2309 90
923 140 265 40 957 2288 90
544 91 298 10 1926 2260 90
289 111 244 10 2073 2545 90
212 32 247 20 600 1163 90
101 125 264 20 2490 3380 90
60 118 256 10 2181 3017 90
859 148 270 10 103 328 90
842 128 240 10 3148 3582 90
557 121 236 10 1576 2651 90
806 101 295 30 543 1534 90
880 127 278 10 1902 2470 90
866 132 272 30 1676 3072 90
425 129 267 10 1866 3254 90
7 43 269 30 567 968 90
3 89 284 20 1341 1691 90
399 130 304 10 1886 3693 90
14 143 266 10 126 839 90
476 116 259 20 2221 3165 90
994 109 250 10 1142 2098 90
37 90 270 10 383 907 90
925 136 296 30 2988 3702 90
243 81 283 10 1260 2148 90
109 32 256 10 434 1527 90
961 102 289 20 725 1918 90
777 94 247 30 585 1280 90
308 152 260 10 98 461 90
997 175 282 10 761 1651 90
25 115 269 10 2699 3374 90
862 143 257 10 107 1834 90
367 132 314 30 2307 3690 90
256 153 295 20 2460 3718 90
627 112 251 10 1274 2151 90
41 94 275 10 333 765 90
548 138 276 10 1614 2376 90
346 111 279 30 141 607 90
582 167 304 20 99 814 90
855 101 263 20 458 2013 90
850 103 251 10 1077 1599 90
666 106 248 20 901 2151 90
795 133 278 10 1538 2642 90
949 163 277 10 2784 3733 90
373 141 267 10 1288 2141 90
440 83 301 20 1929 2825 90
90 131 269 10 1971 2965 90
944 96 269 10 341 1748 90
191 139 269 20 1382 2234 90
285 155 242 10 540 1392 90
27 113 229 30 305 2100 90
55 80 281 10 1459 2134 90
532 129 244 30 2395 3581 90
189 149 273 20 120 465 90
563 104 246 10 1054 1812 90
599 125 226 20 1408 1530 90
551 103 266 30 630 1654 90
642 119 285 40 2862 3424 90
474 146 245 20 104 1508 90
860 76 287 20 1469 2319 90
552 98 286 30 1107 1727 90
337 95 243 20 160 1517 90
150 131 241 10 2539 3705 90
656 90 277 30 234 1251 90
50 113 289 10 142 993 90
943 83 228 20 466 993 90
694 116 255 20 779 1860 90
116 96 292 10 460 1424 90
705 83 282 10 1147 2078 90
228 119 232 10 1833 2205 90
102 131 253 10 2621 3157 90
290 132 273 10 1758 2808 90
839 101 290 20 999 1462 90
612 131 267 10 2224 3080 90
817 123 242 20 2296 3697 90
618 99 307 20 2277 3311 90
214 95 294 10 398 1302 90
504 107 225 30 203 838 90
595 77 287 10 1520 2450 90
812 105 317 10 2718 3260 90
571 129 264 20 2286 3396 90
466 125 245 20 2870 3294 90
180 95 279 20 157 1285 90
565 114 296 40 143 1192 90
740 129 255 10 2448 3145 90
538 128 249 20 1083 1763 90
881 140 252 20 110 1243 90
378 107 311 40 2808 2977 90
316 101 237 20 1508 2314 90
