c2_10_9

VEHICLE
NUMBER   CAPACITY
250     700

CUSTOMER
CUST NO. XCOORD.  YCOORD.  DEMAND  READY TIME DUE DATE  SERVICE TIME

0   250    250     0     0    3914     0
156 13 266 20 941 1626 90
429 76 391 30 1154 1641 90
467 52 369 30 2065 2242 90
229 78 375 10 212 1453 90
193 39 278 10 1153 2209 90
22 19 297 20 1721 3004 90
802 56 357 10 1128 2608 90
647 90 391 10 213 1224 90
632 36 284 10 1471 2084 90
741 59 377 20 1899 2436 90
502 51 364 10 1334 2601 90
418 59 358 20 1962 2915 90
360 57 367 20 1700 2798 90
317 74 360 40 2556 3316 90
167 46 383 30 1022 1714 90
24 56 388 20 957 2784 90
307 48 385 20 587 1590 90
272 73 303 10 2198 2757 90
198 67 380 20 1824 2893 90
937 88 390 30 214 1248 90
568 16 285 30 2146 2998 90
695 50 368 30 1690 2433 90
734 74 363 40 2460 3226 90
657 46 341 10 2386 3093 90
978 11 269 10 850 1531 90
483 26 269 30 815 1356 90
412 75 379 30 1718 3577 90
895 47 388 20 1015 1532 90
162 71 388 20 896 2274 90
57 73 395 20 719 1886 90
462 88 379 20 655 884 90
619 22 283 30 1236 1550 90
458 69 346 10 2575 3508 90
152 71 368 20 3083 3592 90
340 66 391 20 1003 2359 90
710 16 281 10 2586 2926 90
251 47 389 30 902 1463 90
87 58 364 10 2165 2519 90
6 25 293 20 2807 3281 90
947 66 359 20 3020 3454 90
76 74 390 20 262 1492 90
747 50 347 10 2261 3023 90
62 78 371 20 210 1804 90
754 54 372 20 1023 3118 90
129 43 355 20 556 2794 90
561 87 369 10 201 497 90
304 16 280 10 2720 2974 90
606 46 277 10 405 933 90
811 77 397 10 446 1552 90
622 44 279 10 208 1040 90
82 89 358 20 3272 3631 90
737 23 306 20 1743 2782 90
470 109 325 20 2575 3602 90
508 79 346 10 2560 3628 90
821 47 280 10 341 624 90
938 37 295 20 1361 2581 90
112 72 341 10 2413 3478 90
257 81 373 10 232 1108 90
100 85 317 30 2543 2831 90
644 78 361 10 2651 3620 90
609 86 359 10 2635 3628 90
915 66 397 10 847 1563 90
873 95 356 10 3340 3637 90
92 29 282 10 1054 1927 90
517 74 374 20 2479 3005 90
786 80 374 20 279 878 90
841 67 357 10 2418 3613 90
868 69 383 10 2406 2695 90
758 80 398 10 533 1279 90
377 50 343 10 2260 3408 90
564 67 302 30 2292 2854 90
71 59 389 20 1469 2087 90
241 96 356 10 186 781 90
996 40 288 20 1363 2383 90
750 50 383 10 1732 2206 90
358 67 377 10 1455 3076 90
763 40 378 20 1170 1762 90
905 95 395 30 212 988 90
186 39 296 20 1541 2586 90
248 73 360 20 2521 3533 90
39 17 283 20 2075 3253 90
113 35 308 30 2932 3372 90
698 77 360 10 2863 3619 90
833 56 287 20 197 1381 90
199 35 358 20 1226 1928 90
255 88 394 10 325 1289 90
138 54 287 20 199 1464 90
784 44 325 20 3241 3280 90
464 65 357 10 1707 3362 90
718 96 377 10 199 926 90
33 54 357 10 1378 2175 90
154 25 290 30 2335 3566 90
459 80 376 40 211 1741 90
626 62 301 20 2935 3630 90
977 71 348 10 2628 3620 90
719 86 361 20 3081 3626 90
426 57 379 20 726 1249 90
790 34 279 20 1481 1691 90
928 29 302 20 1523 2808 90
51 67 387 10 2330 2581 90
950 5 296 10 2207 2726 90
522 53 297 30 1986 3622 90
234 72 391 10 908 2075 90
