c2_10_6

VEHICLE
NUMBER  CAPACITY
250   700

CUSTOMER
CUST NO. XCOORD. YCOORD. DEMAND READY TIME DUE DATE SERVICE TIME

0  250  250   0   0  3914   0
581 392 213 20 1900 2445 90
402 385 235 10 2402 2920 90
163 383 246 20 2627 3268 90
980 386 213 20 1685 2467 90
616 398 231 20 2147 2605 90
321 384 217 20 1615 2163 90
645 354 219 10 3198 3712 90
384 363 212 30 3103 3605 90
173 402 230 10 2111 2453 90
793 367 239 20 2983 3490 90
646 389 233 20 2350 2783 90
276 379 245 10 2626 3080 90
819 377 246 20 2890 3379 90
75 396 234 20 2118 2821 90
349 384 235 20 2449 3055 90
69 386 218 20 1785 2177 90
934 382 245 20 2811 3266 90
