c2_10_5

VEHICLE
NUMBER   CAPACITY
250     700

CUSTOMER
CUST NO. XCOORD.  YCOORD.  DEMAND  READY TIME DUE DATE  SERVICE TIME

0   250    250     0     0    3914     0
156 13 266 20 1124 1444 90
193 39 278 10 1521 1841 90
161 90 298 10 2024 2344 90
22 19 297 20 2202 2522 90
828 91 303 20 2119 2439 90
632 36 284 10 1618 1938 90
272 73 303 10 2317 2637 90
568 16 285 30 2412 2732 90
363 55 282 40 225 545 90
544 91 298 10 1933 2253 90
212 32 247 20 722 1042 90
978 11 269 10 1030 1350 90
483 26 269 30 925 1245 90
619 22 283 30 1233 1553 90
710 16 281 10 2596 2916 90
7 43 269 30 607 927 90
6 25 293 20 2884 3204 90
3 89 284 20 1356 1676 90
243 81 283 10 1544 1864 90
109 32 256 10 821 1141 90
304 16 280 10 2687 3007 90
606 46 277 10 509 829 90
622 44 279 10 416 736 90
737 23 306 20 2102 2422 90
821 47 280 10 323 643 90
440 83 301 20 2217 2537 90
938 37 295 20 1811 2131 90
92 29 282 10 1330 1650 90
55 80 281 10 1637 1957 90
564 67 302 30 2413 2733 90
996 40 288 20 1713 2033 90
186 39 296 20 1903 2223 90
39 17 283 20 2504 2824 90
860 76 287 20 1734 2054 90
113 35 308 30 2992 3312 90
833 56 287 20 197 517 90
138 54 287 20 199 519 90
784 44 325 20 3101 3421 90
116 96 292 10 782 1102 90
705 83 282 10 1452 1772 90
154 25 290 30 2791 3111 90
626 62 301 20 3310 3630 90
214 95 294 10 690 1010 90
595 77 287 10 1825 2145 90
790 34 279 20 1426 1746 90
928 29 302 20 2005 2325 90
950 5 296 10 2306 2626 90
522 53 297 30 3220 3540 90
