c2_10_5

VEHICLE
NUMBER   CAPACITY
250     700

CUSTOMER
CUST NO. XCOORD.  YCOORD.  DEMAND  READY TIME DUE DATE  SERVICE TIME

0   250    250     0     0    3914     0
148 403 361 10 1372 1692 90
303 375 342 10 859 1179 90
132 400 364 30 490 810 90
800 413 353 10 1570 1890 90
697 404 346 10 1083 1403 90
879 416 364 20 1858 2178 90
339 393 368 10 392 712 90
835 378 326 30 148 468 90
689 383 351 20 167 487 90
507 399 379 20 2880 3200 90
805 391 373 10 2980 3300 90
260 401 385 20 2784 3104 90
537 432 369 10 2067 2387 90
889 395 365 30 208 528 90
589 368 325 30 139 459 90
394 361 337 50 283 603 90
53 341 367 30 2450 2770 90
159 386 357 20 1353 1673 90
509 360 338 10 192 512 90
246 358 359 20 2559 2879 90
130 368 340 10 381 701 90
400 378 363 30 1669 1989 90
722 369 351 20 758 1078 90
195 395 378 10 1556 1876 90
436 412 361 10 1668 1988 90
825 400 376 40 682 1002 90
89 346 344 10 3132 3452 90
269 386 344 20 1159 1479 90
26 377 356 10 1766 2086 90
221 361 349 10 2936 3256 90
359 370 353 10 666 986 90
446 391 334 20 967 1287 90
939 359 371 10 2342 2662 90
541 413 350 10 1477 1797 90
854 372 354 30 1861 2181 90
347 367 358 30 2053 2373 90
536 364 364 20 2150 2470 90
702 353 346 20 3034 3354 90
93 418 385 30 2677 2997 90
79 418 355 20 1957 2277 90
916 366 352 10 2750 3070 90
311 414 384 10 2582 2902 90
580 366 341 20 473 793 90
475 401 368 20 584 904 90
54 410 364 30 1762 2082 90
679 428 384 10 2364 2684 90
512 409 361 30 977 1297 90
501 399 352 10 1180 1500 90
362 386 361 30 1447 1767 90
357 434 377 10 2265 2585 90
185 360 356 10 2653 2973 90
682 365 360 20 1960 2280 90
566 394 356 30 178 498 90
169 358 365 30 2246 2566 90
230 366 346 20 568 888 90
110 406 339 20 215 535 90
16 403 390 10 2480 2800 90
413 404 378 10 777 1097 90
106 389 342 10 1065 1385 90
105 373 364 20 3090 3410 90
669 412 367 20 880 1200 90
262 402 362 20 1281 1601 90
86 394 367 30 300 620 90
649 363 351 20 2843 3163 90
385 384 346 20 1251 1571 90
523 434 382 30 2170 2490 90
