c2_10_5

VEHICLE
NUMBER   CAPACITY
250     700

CUSTOMER
CUST NO. XCOORD.  YCOORD.  DEMAND  READY TIME DUE DATE  SERVICE TIME

0   250    250     0     0    3914     0
753 69 475 30 1109 1429 90
10 79 479 30 918 1238 90
760 67 463 30 504 824 90
225 94 456 20 3044 3364 90
703 54 485 30 1693 2013 90
822 57 456 20 308 628 90
160 95 475 20 2845 3165 90
664 59 471 20 1404 1724 90
659 61 437 20 265 585 90
892 78 479 30 1009 1329 90
45 95 466 10 2944 3264 90
877 63 454 10 404 724 90
288 52 484 10 1601 1921 90
263 70 482 20 2271 2591 90
608 87 454 40 802 1122 90
181 76 456 30 700 1020 90
137 71 453 20 605 925 90
217 64 473 10 1204 1524 90
145 77 483 20 2459 2779 90
125 67 485 40 2086 2406 90
799 69 485 10 2178 2498 90
235 85 486 30 2558 2878 90
83 66 491 20 1990 2310 90
232 69 493 20 1897 2217 90
762 59 480 10 1503 1823 90
207 94 479 20 2750 3070 90
956 87 481 10 2653 2973 90
972 60 497 10 1797 2117 90
226 73 484 20 2365 2685 90
707 52 469 20 1307 1627 90
801 54 446 20 277 597 90
