c110_2

VEHICLE
NUMBER     CAPACITY
 250          200

CUSTOMER
CUST NO.  XCOORD.    YCOORD.    DEMAND   READY TIME  DUE DATE   SERVICE TIME

0 250 250 0 0 1824 0 13
603 108 116 30 911 973 90 3
415 96 97 20 217 280 90 4
316 109 107 20 357 416 90 27
569 91 101 10 0 1517 90 3
559 88 95 20 658 712 90 0
322 94 97 20 285 334 90 4
461 111 110 20 550 590 90 18
627 93 96 20 374 427 90 27
698 95 92 20 0 1513 90 18
122 113 106 20 198 260 90 4
389 109 114 10 829 871 90 8
462 97 93 20 0 1515 90 18
773 107 112 30 728 787 90 0
172 87 96 30 0 1510 90 0
678 109 108 10 0 1534 90 18
705 108 105 20 258 329 90 4
47 111 113 10 632 694 90 0
