c110_2

VEHICLE
NUMBER     CAPACITY
 250          200

CUSTOMER
CUST NO.  XCOORD.    YCOORD.    DEMAND   READY TIME  DUE DATE   SERVICE TIME

0 250 250 0 0 1824 0 13
453 440 241 10 0 1544 90 23
152 444 242 10 441 501 90 24
508 443 237 20 248 318 90 1
29 440 247 20 717 779 90 21
392 442 243 10 996 1052 90 14
283 436 241 20 1271 1333 90 23
757 440 244 10 809 874 90 25
860 439 243 20 0 1545 90 23
112 443 246 20 536 593 90 21
254 445 237 10 349 402 90 10
336 436 237 20 186 264 90 1
221 434 245 10 1377 1416 90 23
101 441 244 10 909 955 90 7
157 442 247 10 623 689 90 21
