rc2_10_1

VEHICLE
NUMBER   CAPACITY
250     1000

CUSTOMER
CUST NO. XCOORD.  YCOORD.  DEMAND  READY TIME DUE DATE  SERVICE TIME

0   250    250     0     0    7284     0
753 199 187 20 507 627 10
467 172 314 9 2182 2302 10
319 80 251 14 1214 1334 10
193 60 231 32 4104 4224 10
451 228 287 21 112 232 10
161 192 265 10 497 617 10
993 3 292 20 1022 1142 10
647 197 267 10 435 555 10
59 246 255 10 450 570 10
945 92 236 20 1031 1151 10
879 53 204 8 4220 4340 10
930 86 268 10 869 989 10
388 177 156 25 669 789 10
919 61 214 4 1367 1487 10
293 225 196 10 223 343 10
742 93 235 10 985 1105 10
252 234 246 10 259 379 10
424 91 268 10 978 1098 10
864 213 185 21 239 359 10
437 221 291 9 184 304 10
805 88 287 30 1054 1174 10
760 228 199 10 537 657 10
988 34 239 16 876 996 10
500 204 185 20 653 773 10
696 52 303 25 1765 1885 10
735 228 260 12 6422 6542 10
5 230 197 40 486 606 10
686 241 205 30 472 592 10
153 212 186 11 6886 7006 10
369 40 304 16 4579 4699 10
684 90 232 10 846 966 10
75 30 302 10 1066 1186 10
317 241 180 13 6778 6898 10
407 214 245 8 85 205 10
613 90 274 20 717 837 10
163 64 294 12 4405 4525 10
484 195 273 22 178 298 10
995 18 225 8 2765 2885 10
47 41 232 16 821 941 10
344 238 210 30 535 655 10
305 111 178 18 566 686 10
497 72 227 25 2255 2375 10
115 264 180 33 6723 6843 10
124 210 185 20 245 365 10
307 25 307 10 998 1118 10
272 236 213 20 98 218 10
53 226 175 23 6775 6895 10
937 35 304 30 870 990 10
728 0 297 10 1171 1291 10
65 200 261 10 666 786 10
286 91 235 10 1076 1196 10
433 33 278 18 5949 6069 10
509 146 313 22 4781 4901 10
641 159 299 12 4062 4182 10
160 38 301 20 1182 1302 10
967 197 270 30 383 503 10
695 234 202 10 319 439 10
923 80 286 10 896 1016 10
43 111 192 11 4798 4918 10
258 149 341 6 1616 1736 10
349 200 270 20 236 356 10
40 80 290 10 790 910 10
575 1 293 10 1071 1191 10
535 8 300 10 1423 1543 10
745 224 320 36 5135 5255 10
907 19 273 25 4066 4186 10
101 237 254 20 333 453 10
859 237 213 10 588 708 10
659 244 254 20 401 521 10
842 5 281 16 5486 5606 10
477 265 240 9 18 138 10
30 83 300 26 1999 2119 10
959 206 186 10 750 870 10
355 95 234 10 653 773 10
314 208 184 20 294 414 10
976 198 271 20 337 457 10
45 88 286 10 1010 1130 10
458 235 316 2 2623 2743 10
818 133 273 20 417 537 10
152 62 326 20 1145 1265 10
857 24 259 19 1480 1600 10
623 51 286 14 5836 5956 10
176 248 251 20 2 122 10
744 215 282 21 5762 5882 10
19 7 300 30 1379 1499 10
970 13 214 21 5414 5534 10
584 173 182 25 351 471 10
505 71 282 29 2567 2687 10
615 35 306 20 918 1038 10
425 103 177 28 2506 2626 10
221 33 286 11 6184 6304 10
251 118 314 26 1350 1470 10
7 133 202 33 1842 1962 10
872 199 203 20 5829 5949 10
6 175 239 23 243 363 10
14 102 264 10 535 655 10
476 176 199 28 299 419 10
427 225 269 30 5083 5203 10
902 16 287 12 1083 1203 10
243 0 293 30 1115 1235 10
979 131 246 17 3328 3448 10
149 249 258 30 507 627 10
871 240 250 10 150 270 10
754 201 188 10 555 675 10
469 35 303 20 826 946 10
449 85 288 20 728 848 10
961 204 187 30 701 821 10
779 243 248 30 96 216 10
374 200 265 10 610 730 10
347 216 341 19 2616 2736 10
304 100 266 20 586 706 10
18 92 233 10 895 1015 10
536 105 181 19 6125 6245 10
660 233 207 10 165 285 10
811 7 292 10 926 1046 10
453 238 204 20 419 539 10
513 44 311 27 1630 1750 10
368 246 314 36 5781 5901 10
421 6 292 10 970 1090 10
367 89 290 20 670 790 10
955 153 235 10 333 453 10
627 92 230 20 755 875 10
382 6 296 10 1279 1399 10
97 5 297 10 1325 1445 10
420 209 212 18 6111 6231 10
346 200 178 20 374 494 10
886 250 328 24 995 1115 10
772 89 185 16 2399 2519 10
737 95 277 20 1098 1218 10
77 96 270 20 649 769 10
244 211 248 26 96 216 10
590 244 277 18 5205 5325 10
508 134 211 35 482 602 10
795 274 261 20 6828 6948 10
911 214 274 24 5476 5596 10
799 146 188 6 4940 5060 10
90 230 320 8 4768 4888 10
100 2 295 30 1223 1343 10
727 293 228 19 133 253 10
334 73 328 20 714 834 10
607 231 204 20 601 721 10
173 180 283 23 2975 3095 10
944 195 185 20 449 569 10
562 120 261 5 3173 3293 10
706 224 192 10 280 400 10
177 7 194 29 3805 3925 10
786 47 208 30 906 1026 10
868 198 264 20 561 681 10
929 247 219 17 65 185 10
189 149 214 7 1928 2048 10
386 233 204 20 217 337 10
635 89 272 10 766 886 10
501 226 191 20 372 492 10
302 157 269 31 6305 6425 10
922 210 276 5 131 251 10
900 92 232 10 707 827 10
261 238 203 10 375 495 10
845 90 296 20 606 726 10
882 56 268 28 4256 4376 10
610 206 261 10 730 850 10
763 231 195 20 437 557 10
991 236 247 20 210 330 10
248 224 191 20 324 444 10
64 92 259 4 1598 1718 10
645 30 301 10 1110 1230 10
698 179 286 8 1365 1485 10
887 91 231 30 801 921 10
127 0 188 26 3728 3848 10
199 148 208 22 2106 2226 10
414 87 285 30 964 1084 10
230 244 250 10 47 167 10
823 92 270 20 1027 1147 10
464 199 268 20 285 405 10
547 201 278 13 166 286 10
50 86 199 23 1111 1231 10
116 94 235 20 607 727 10
757 272 234 26 6361 6481 10
904 143 158 12 550 670 10
395 95 235 10 563 683 10
228 226 316 21 221 341 10
808 202 186 20 604 724 10
126 201 270 10 192 312 10
158 188 151 7 5187 5307 10
511 37 281 17 1973 2093 10
626 170 347 15 1743 1863 10
203 91 266 10 930 1050 10
496 13 314 14 975 1095 10
817 130 247 17 420 540 10
714 217 207 26 5530 5650 10
569 32 319 21 1602 1722 10
838 204 269 30 139 259 10
396 203 211 20 5226 5346 10
618 79 291 10 835 955 10
214 286 244 31 5136 5256 10
86 97 288 22 5136 5256 10
408 92 234 10 939 1059 10
803 90 285 40 1105 1225 10
793 245 251 10 5 125 10
134 89 270 10 814 934 10
206 224 203 20 155 275 10
688 57 183 15 4401 4521 10
234 219 215 32 127 247 10
538 166 247 1 276 396 10
605 231 203 20 266 386 10
