c1_10_6

VEHICLE
NUMBER   CAPACITY
250     200

CUSTOMER
CUST NO. XCOORD.  YCOORD.  DEMAND  READY TIME DUE DATE  SERVICE TIME

0   250    250     0     0    1824     0
753 458 130 20 1116 1233 90
587 488 96 10 845 1036 90
913 470 139 10 687 712 90
957 485 95 10 281 424 90
94 481 122 30 540 720 90
507 464 134 20 1032 1123 90
891 469 132 10 819 960 90
164 474 96 30 271 437 90
982 470 125 20 253 313 90
111 479 127 20 415 474 90
323 476 94 20 274 613 90
892 465 136 30 966 1004 90
806 489 87 20 436 514 90
877 478 118 20 1018 1161 90
942 478 121 40 713 914 90
419 481 96 20 465 639 90
710 493 91 30 485 655 90
539 472 132 10 723 869 90
692 466 142 10 416 612 90
961 492 95 30 713 980 90
622 478 102 10 712 766 90
843 479 121 10 635 810 90
885 477 122 10 849 962 90
144 463 140 10 239 451 90
373 465 142 10 380 467 90
787 485 86 20 286 510 90
450 476 102 20 778 885 90
242 477 97 10 440 476 90
609 477 120 10 935 1060 90
831 492 94 10 636 875 90
133 467 141 10 496 715 90
551 481 124 10 493 584 90
58 489 101 20 922 1149 90
179 478 99 10 561 732 90
318 494 94 10 478 848 90
290 467 114 10 1135 1247 90
707 472 129 10 327 369 90
