c1_10_6

VEHICLE
NUMBER   CAPACITY
250     200

CUSTOMER
CUST NO. XCOORD.  YCOORD.  DEMAND  READY TIME DUE DATE  SERVICE TIME

0   250    250     0     0    1824     0
960 455 365 20 235 369 90
684 457 374 10 965 984 90
770 439 305 30 644 890 90
289 466 287 10 457 534 90
534 446 319 30 334 447 90
810 459 368 10 240 446 90
959 462 367 20 425 602 90
314 442 310 20 578 763 90
480 459 374 20 813 952 90
940 439 312 30 198 444 90
487 460 288 10 213 538 90
304 460 374 20 692 891 90
650 459 295 20 1217 1265 90
85 470 290 10 854 876 90
554 468 295 10 869 1053 90
572 465 287 10 509 665 90
580 459 372 20 607 792 90
738 444 313 20 374 599 90
841 461 369 10 521 691 90
233 466 295 20 939 1166 90
833 453 367 20 1045 1101 90
899 467 285 20 281 526 90
255 461 284 10 213 402 90
807 443 313 30 469 687 90
620 460 367 20 322 520 90
56 451 367 20 1115 1214 90
611 439 310 10 198 515 90
950 466 291 10 662 700 90
423 468 291 30 712 834 90
881 460 293 30 1125 1173 90
