r1_10_8

VEHICLE
NUMBER  CAPACITY
250   200

CUSTOMER
CUST NO. XCOORD. YCOORD. DEMAND READY TIME DUE DATE SERVICE TIME

0  250  250   0   0  1925   0
136 93 413 17 226 256 10
496 72 477 46 288 318 10
843 10 407 36 434 464 10
708 137 377 23 169 199 10
50 132 477 25 327 357 10
597 102 422 23 226 256 10
190 11 403 18 343 373 10
379 80 458 30 371 401 10
754 50 383 20 260 290 10
365 146 376 8 234 264 10
243 79 467 22 351 381 10
958 61 441 27 544 574 10
80 132 479 11 257 287 10
476 141 426 23 531 561 10
