rc1_10_6

VEHICLE
NUMBER  CAPACITY
250   200

CUSTOMER
CUST NO. XCOORD. YCOORD. DEMAND READY TIME DUE DATE SERVICE TIME

0  250  250   0   0  1821   0
470 341 59 27 775 835 10
836 240 34 28 1535 1595 10
558 282 1 18 1027 1087 10
48 323 77 36 1390 1450 10
940 224 56 13 1171 1231 10
385 235 33 30 1322 1382 10
403 335 46 18 1327 1387 10
186 231 29 14 1211 1271 10
982 337 41 8 987 1047 10
259 253 74 20 1335 1395 10
570 344 70 24 1131 1191 10
371 323 29 7 1122 1182 10
42 307 52 23 905 965 10
643 352 63 6 1163 1223 10
781 341 72 9 790 850 10
209 265 0 10 881 941 10
236 365 74 24 833 893 10
435 257 57 18 1211 1271 10
129 325 56 13 781 841 10
652 251 63 14 972 1032 10
322 364 71 5 1333 1393 10
