rc1_10_2

VEHICLE
NUMBER  CAPACITY
250   200

CUSTOMER
CUST NO. XCOORD. YCOORD. DEMAND READY TIME DUE DATE SERVICE TIME

0  250  250   0   0  1821   0
406 267 162 6 1449 1479 10
69 325 147 14 1187 1217 10
765 273 149 14 0 1708 10
926 351 128 15 1253 1283 10
762 305 107 20 0 1658 10
769 331 134 11 0 1670 10
94 269 112 19 1263 1293 10
654 281 96 1 1126 1156 10
48 323 77 36 1405 1435 10
400 330 147 28 0 1681 10
870 299 98 30 0 1652 10
557 297 131 25 1165 1195 10
533 300 108 10 0 1661 10
997 335 99 25 1218 1248 10
636 304 102 30 0 1654 10
502 330 138 18 0 1674 10
