c1_10_2

VEHICLE
NUMBER  CAPACITY
250   200

CUSTOMER
CUST NO. XCOORD. YCOORD. DEMAND READY TIME DUE DATE SERVICE TIME

0  250  250   0   0  1824   0
500 13 51 10 1366 1425 90
878 73 101 20 1313 1375 90
975 173 25 20 952 1007 90
399 203 7 20 1033 1108 90
805 72 96 20 1220 1278 90
367 22 41 10 1110 1164 90
765 173 28 10 1134 1191 90
416 68 99 10 1040 1085 90
83 20 48 10 1294 1358 90
903 107 35 30 986 1041 90
196 8 116 20 894 957 90
434 174 26 10 1037 1105 90
642 24 68 20 1282 1337 90
503 202 4 10 950 1004 90
895 66 98 20 944 996 90
347 19 43 20 1203 1259 90
284 70 100 10 1119 1191 90
454 182 14 10 1062 1116 90
236 25 65 10 1005 1057 90
662 8 120 10 1169 1232 90
448 22 40 30 1012 1080 90
603 108 116 30 911 973 90
750 21 68 20 1189 1243 90
452 22 38 20 929 980 90
871 8 118 20 1079 1138 90
