r2_10_9

VEHICLE
NUMBER  CAPACITY
250   1000

CUSTOMER
CUST NO. XCOORD. YCOORD. DEMAND READY TIME DUE DATE SERVICE TIME

0  250  250   0   0  7697   0
869 46 248 9 3179 3452 10
938 77 172 23 2920 3484 10
225 83 169 21 3003 3329 10
283 149 214 7 1888 2088 10
611 89 185 16 2282 2637 10
306 133 202 33 1642 2162 10
556 100 266 5 1700 2178 10
417 83 300 26 1936 2181 10
174 18 225 8 2582 3069 10
629 33 268 18 2750 2936 10
362 39 153 26 3008 3494 10
698 71 304 19 2563 3070 10
931 2 264 40 2551 2806 10
610 52 303 25 1640 2009 10
471 131 246 17 3184 3592 10
867 110 251 23 1847 2254 10
317 120 261 5 3081 3385 10
748 10 237 19 2352 2699 10
43 87 213 18 2211 2914 10
62 34 169 11 1787 2209 10
30 39 162 18 2112 2529 10
239 103 177 28 2448 2683 10
835 37 281 17 1722 2343 10
466 32 191 5 2270 2540 10
482 83 290 14 2236 2744 10
375 48 150 15 2544 2816 10
492 71 282 29 2305 2948 10
385 148 208 22 2002 2329 10
588 62 236 29 2234 2349 10
626 69 266 12 2858 3328 10
293 72 227 25 2143 2488 10
498 68 240 11 3117 3358 10
