r2_10_3

VEHICLE
NUMBER   CAPACITY
250     1000

CUSTOMER
CUST NO. XCOORD.  YCOORD.  DEMAND  READY TIME DUE DATE  SERVICE TIME

0   250    250     0     0    7697     0
227 390 249 21 0 7547 10
451 451 305 13 0 7479 10
404 385 239 21 3130 3274 10
356 426 231 24 4102 4245 10
604 428 302 27 0 7502 10
252 402 277 5 5771 5856 10
268 404 207 6 3634 3771 10
151 497 266 25 2996 3104 10
715 478 300 12 3589 3648 10
28 490 286 29 2073 2224 10
745 457 280 17 4013 4105 10
730 418 269 3 0 7518 10
101 440 294 16 3836 3966 10
219 415 253 21 0 7522 10
623 386 225 13 0 7549 10
744 389 255 15 0 7548 10
584 489 274 31 2132 2258 10
871 423 221 9 1022 1164 10
961 447 267 19 0 7490 10
69 424 288 13 0 7509 10
347 420 224 10 1704 1848 10
513 442 289 25 0 7492 10
82 497 296 14 0 7436 10
420 440 284 25 0 7494 10
893 490 276 33 0 7446 10
403 475 267 7 0 7462 10
242 385 285 13 3478 3586 10
798 398 210 31 0 7534 10
884 417 212 12 0 7516 10
259 463 253 23 4171 4325 10
733 418 251 21 4770 4925 10
248 439 222 22 3929 4028 10
998 439 237 11 3811 3817 10
694 386 245 16 0 7551 10
511 440 292 24 3776 3864 10
726 436 295 11 0 7496 10
410 409 255 23 0 7528 10
812 447 272 12 0 7489 10
928 472 248 11 0 7465 10
