r2_10_3

VEHICLE
NUMBER   CAPACITY
250     1000

CUSTOMER
CUST NO. XCOORD.  YCOORD.  DEMAND  READY TIME DUE DATE  SERVICE TIME

0   250    250     0     0    7697     0
957 248 386 22 0 7551 10
322 260 472 33 4143 4265 10
849 279 355 9 0 7579 10
484 243 402 13 0 7535 10
198 247 443 17 0 7494 10
974 259 498 33 0 7439 10
286 267 374 23 0 7562 10
858 211 411 15 4631 4662 10
281 217 357 23 0 7576 10
1 228 399 14 2329 2482 10
250 299 353 34 0 7573 10
489 283 438 3 939 1032 10
218 245 461 8 0 7476 10
533 202 391 30 2497 2611 10
355 283 454 14 0 7481 10
964 294 421 26 6292 6431 10
976 277 428 7 1931 2112 10
183 263 418 25 0 7519 10
372 240 362 23 0 7575 10
354 246 407 12 1235 1377 10
269 286 356 30 354 542 10
221 307 412 8 0 7516 10
872 313 391 5 600 716 10
392 243 408 15 5720 5870 10
854 284 457 17 6018 6090 10
282 255 487 19 0 7450 10
494 244 368 25 0 7569 10
660 210 379 12 0 7552 10
453 272 420 7 0 7516 10
843 268 458 24 0 7479 10
435 226 423 15 832 863 10
382 250 441 5 0 7496 10
346 288 439 16 1121 1187 10
653 262 369 15 513 641 10
386 225 369 38 432 541 10
296 274 442 17 4301 4350 10
750 257 391 22 6547 6637 10
474 218 403 15 5305 5368 10
389 287 397 12 0 7536 10
890 244 422 14 2134 2288 10
154 268 351 7 6698 6822 10
413 274 441 12 0 7495 10
203 261 359 10 0 7578 10
569 256 441 34 0 7496 10
585 231 410 14 0 7526 10
214 237 420 15 0 7517 10
265 241 402 11 0 7535 10
155 213 399 18 941 1051 10
681 274 403 17 0 7533 10
874 278 450 29 0 7486 10
