r2_10_8

VEHICLE
NUMBER  CAPACITY
250   1000

CUSTOMER
CUST NO. XCOORD. YCOORD. DEMAND READY TIME DUE DATE SERVICE TIME

0  250  250   0   0  7697   0
810 48 366 29 0 7455 10
649 87 311 7 0 7513 10
456 77 372 19 0 7476 10
919 80 337 28 0 7497 10
992 91 326 4 0 7511 10
699 43 360 2 0 7453 10
476 118 314 26 0 7541 10
764 51 360 13 0 7460 10
889 50 383 20 0 7447 10
21 0 356 13 0 7416 10
861 107 374 8 0 7498 10
54 67 352 20 0 7478 10
587 29 358 23 0 7442 10
1000 26 342 12 0 7445 10
186 89 322 21 0 7511 10
255 65 343 38 0 7480 10
705 66 314 26 0 7493 10
125 12 358 7 0 7426 10
196 111 392 18 0 7489 10
337 96 346 26 0 7506 10
736 55 318 13 0 7481 10
879 13 394 15 0 7410 10
327 29 336 22 0 7450 10
686 46 389 22 0 7441 10
209 67 378 26 0 7464 10
212 44 344 12 0 7461 10
790 35 344 21 0 7453 10
933 34 329 2 0 7458 10
