c1_10_8

VEHICLE
NUMBER  CAPACITY
250   200

CUSTOMER
CUST NO. XCOORD. YCOORD. DEMAND READY TIME DUE DATE SERVICE TIME

0  250  250   0   0  1824   0
625 470 475 30 314 548 90
482 468 475 10 313 570 90
962 405 450 20 253 448 90
797 478 464 10 312 590 90
578 388 408 10 289 497 90
486 406 450 20 305 563 90
115 404 447 20 250 444 90
268 319 468 10 228 478 90
363 474 461 30 307 534 90
973 378 493 30 335 578 90
28 374 489 20 269 545 90
849 388 418 10 217 446 90
605 389 404 10 207 426 90
810 459 368 10 240 438 90
785 422 409 10 234 482 90
346 390 408 30 375 596 90
980 319 470 10 260 565 90
476 390 423 10 222 489 90
6 322 465 10 226 417 90
960 455 365 20 235 476 90
620 460 367 20 326 516 90
775 376 494 30 274 481 90
788 389 428 20 275 541 90
451 386 405 20 206 411 90
267 421 415 30 237 495 90
837 419 418 10 292 556 90
