c1_10_8

VEHICLE
NUMBER  CAPACITY
250   200

CUSTOMER
CUST NO. XCOORD. YCOORD. DEMAND READY TIME DUE DATE SERVICE TIME

0  250  250   0   0  1824   0
45 478 461 10 347 644 90
574 322 468 20 466 735 90
354 392 426 10 576 812 90
440 408 453 10 483 754 90
990 472 481 20 338 665 90
118 325 466 40 563 824 90
210 323 471 30 372 643 90
580 459 372 20 580 819 90
584 471 484 10 473 716 90
841 461 369 10 469 742 90
132 419 422 20 446 777 90
188 380 498 10 418 687 90
575 483 458 10 539 825 90
443 391 407 10 441 712 90
68 480 460 20 482 693 90
743 408 452 10 397 657 90
60 476 483 10 584 796 90
494 398 428 10 523 672 90
527 382 498 10 549 739 90
528 391 429 20 400 600 90
104 422 420 20 416 619 90
925 416 420 20 580 830 90
959 462 367 20 415 611 90
7 393 408 30 534 805 90
512 412 453 10 624 801 90
