r2_10_8

VEHICLE
NUMBER   CAPACITY
250     1000

CUSTOMER
CUST NO. XCOORD.  YCOORD.  DEMAND  READY TIME DUE DATE  SERVICE TIME

0   250    250     0     0    7697     0
227 390 249 21 0 7547 10
229 359 246 18 0 7578 10
493 297 304 4 0 7616 10
716 299 285 3 4955 5195 10
404 385 239 21 3082 3322 10
993 287 256 18 37 277 10
529 394 310 10 4334 4574 10
454 318 280 21 177 417 10
31 361 178 5 0 7555 10
542 330 281 14 0 7602 10
652 337 232 2 6222 6462 10
870 308 199 14 0 7610 10
589 333 163 32 4901 5141 10
167 343 205 26 0 7584 10
4 340 291 22 1822 2062 10
313 267 290 15 54 294 10
937 370 262 15 0 7567 10
220 298 264 36 80 320 10
568 365 190 22 0 7558 10
664 368 311 14 0 7555 10
289 325 210 15 0 7602 10
898 265 240 9 18 258 10
739 289 220 19 0 7638 10
29 309 161 23 2273 2513 10
436 342 319 36 0 7572 10
520 297 283 28 0 7630 10
921 291 251 20 0 7646 10
567 331 356 13 0 7554 10
442 311 203 15 0 7610 10
462 360 284 19 2606 2846 10
576 306 229 10 0 7628 10
152 380 194 3 0 7546 10
320 330 308 24 0 7589 10
623 386 225 13 0 7549 10
744 389 255 15 0 7548 10
942 347 184 15 0 7570 10
19 307 249 10 0 7630 10
254 363 225 35 3363 3603 10
371 356 256 19 0 7581 10
251 273 300 30 0 7632 10
6 273 255 18 0 7664 10
487 268 288 26 0 7645 10
479 381 328 12 0 7535 10
779 347 192 18 5893 6133 10
181 284 319 17 3207 3447 10
374 394 322 12 0 7527 10
704 306 235 25 112 352 10
624 301 239 31 0 7635 10
332 366 334 5 0 7544 10
809 374 232 33 0 7562 10
852 359 287 24 0 7572 10
582 320 211 16 0 7607 10
772 366 288 29 0 7565 10
73 343 276 15 266 506 10
145 293 174 31 0 7600 10
850 266 221 9 0 7654 10
508 352 241 5 3109 3349 10
580 272 234 26 0 7660 10
9 295 283 26 3513 3753 10
390 285 247 13 0 7652 10
603 303 186 10 0 7604 10
112 371 332 14 0 7541 10
242 385 285 13 3412 3652 10
727 371 315 18 0 7550 10
917 357 290 24 0 7573 10
679 291 213 23 4971 5211 10
27 261 201 15 5996 6236 10
512 364 173 30 661 901 10
287 360 294 9 0 7569 10
926 350 199 21 4746 4986 10
929 333 293 27 2408 2648 10
189 401 314 25 3846 4086 10
233 343 166 28 3444 3684 10
519 374 260 27 0 7563 10
230 314 205 22 6047 6287 10
58 322 290 23 0 7605 10
50 295 247 12 0 7642 10
694 386 245 16 0 7551 10
116 280 245 21 0 7657 10
207 325 311 22 5229 5469 10
685 355 174 33 0 7558 10
594 365 274 14 350 590 10
839 286 244 31 0 7651 10
977 290 328 7 515 755 10
658 366 260 23 0 7571 10
707 348 348 23 0 7549 10
803 293 228 19 73 313 10
793 344 203 14 0 7582 10
950 274 261 20 0 7661 10
725 374 306 4 0 7551 10
881 351 233 21 5631 5871 10
