c1_10_5

VEHICLE
NUMBER   CAPACITY
250     200

CUSTOMER
CUST NO. XCOORD.  YCOORD.  DEMAND  READY TIME DUE DATE  SERVICE TIME

0   250    250     0     0    1824     0
15 418 218 20 948 1056 90
141 428 291 10 664 798 90
647 413 287 10 1325 1440 90
339 394 333 20 454 605 90
293 413 217 20 186 332 90
755 400 286 10 187 306 90
542 415 216 10 292 410 90
10 410 285 20 457 599 90
741 418 221 10 1127 1246 90
735 388 325 10 930 1067 90
673 390 325 30 839 973 90
167 412 214 10 165 272 90
307 395 295 20 649 764 90
283 436 241 20 1242 1362 90
157 442 247 10 601 712 90
457 395 332 10 568 673 90
687 391 293 20 736 866 90
220 421 294 10 858 978 90
556 408 279 20 650 779 90
863 441 273 20 879 996 90
117 444 271 10 607 714 90
1 387 297 10 187 283 90
250 439 266 10 234 326 90
734 402 264 20 187 303 90
657 443 272 10 788 902 90
770 439 305 30 693 841 90
289 466 287 10 421 570 90
101 441 244 10 849 1016 90
534 446 319 30 345 435 90
166 393 301 30 463 564 90
29 440 247 20 675 822 90
162 406 257 10 556 676 90
107 404 264 20 371 485 90
314 442 310 20 619 722 90
976 421 292 20 204 329 90
619 423 214 20 580 684 90
458 423 290 10 304 414 90
152 444 242 10 399 543 90
768 445 273 20 700 806 90
623 400 260 40 150 237 90
640 389 334 20 282 406 90
239 423 294 10 787 865 90
254 445 237 10 322 428 90
221 434 245 10 1325 1469 90
826 435 267 20 1155 1281 90
392 442 243 10 977 1071 90
940 439 312 30 230 350 90
446 425 215 10 646 801 90
717 401 281 20 921 1071 90
854 388 331 20 160 303 90
487 460 288 10 213 350 90
748 395 331 20 649 774 90
469 415 223 20 1231 1329 90
325 398 325 30 738 878 90
515 399 301 30 557 662 90
704 402 284 30 267 412 90
629 441 265 40 304 441 90
453 440 241 10 1054 1179 90
776 403 262 30 466 574 90
435 436 264 20 186 317 90
591 425 288 10 578 694 90
637 418 290 10 1147 1247 90
650 459 295 20 1189 1293 90
99 406 285 20 375 492 90
73 417 218 10 1030 1156 90
85 470 290 10 807 924 90
554 468 295 10 904 1018 90
783 388 334 20 193 314 90
330 439 268 10 969 1096 90
848 416 288 20 1239 1340 90
508 443 237 20 212 355 90
572 465 287 10 524 650 90
112 443 246 20 496 633 90
598 405 276 20 738 881 90
738 444 313 20 440 534 90
617 390 294 20 827 957 90
70 389 300 10 267 390 90
798 423 286 20 407 499 90
55 420 295 20 946 1074 90
233 466 295 20 998 1107 90
336 436 237 20 186 307 90
599 400 288 30 154 300 90
861 391 334 20 376 496 90
733 421 218 10 845 973 90
829 450 265 10 404 538 90
248 435 268 10 1041 1213 90
860 439 243 20 1152 1266 90
899 467 285 20 352 455 90
255 461 284 10 254 362 90
655 415 289 20 169 331 90
757 440 244 10 774 909 90
228 402 265 20 261 410 90
883 418 295 20 1041 1163 90
807 443 313 30 521 635 90
273 402 281 20 842 968 90
496 390 301 10 359 482 90
396 423 217 20 765 868 90
231 385 295 20 142 306 90
928 417 217 30 399 488 90
649 407 280 10 563 684 90
611 439 310 10 198 342 90
51 424 286 10 488 600 90
950 466 291 10 615 746 90
423 468 291 30 716 829 90
952 420 213 10 462 616 90
992 401 255 30 635 787 90
881 460 293 30 1083 1215 90
523 444 269 20 502 636 90
