rc2_10_2

VEHICLE
NUMBER  CAPACITY
250   1000

CUSTOMER
CUST NO. XCOORD. YCOORD. DEMAND READY TIME DUE DATE SERVICE TIME

0  250  250   0   0  7284   0
215 436 237 20 0 7088 10
958 421 218 10 0 7101 10
299 500 228 8 0 7024 10
560 440 244 10 0 7084 10
692 445 237 10 0 7079 10
713 442 247 10 0 7082 10
971 440 247 20 0 7084 10
843 487 320 21 0 7027 10
495 440 284 25 0 7081 10
956 428 202 24 0 7090 10
693 441 273 20 0 7082 10
718 478 300 12 0 7041 10
912 489 338 17 5589 5709 10
801 409 255 23 0 7115 10
323 418 221 10 0 7104 10
928 490 286 29 0 7032 10
854 390 249 21 0 7134 10
492 443 272 10 0 7080 10
