rc1_10_8

VEHICLE
NUMBER  CAPACITY
250   200

CUSTOMER
CUST NO. XCOORD. YCOORD. DEMAND READY TIME DUE DATE SERVICE TIME

0  250  250   0   0  1821   0
462 43 135 31 236 340 10
425 103 177 28 556 726 10
694 31 175 24 231 397 10
50 86 199 23 250 335 10
995 18 225 8 647 765 10
772 89 185 16 537 693 10
80 34 169 11 444 554 10
47 41 232 16 209 252 10
497 72 227 25 522 636 10
305 111 178 18 156 262 10
510 21 146 21 442 561 10
614 39 162 18 507 653 10
786 47 208 30 207 323 10
988 34 239 16 216 348 10
919 61 214 4 291 422 10
