c2_10_1

VEHICLE
NUMBER  CAPACITY
250   700

CUSTOMER
CUST NO. XCOORD. YCOORD. DEMAND READY TIME DUE DATE SERVICE TIME

0  250  250   0   0  3914   0
815 417 56 20 1782 1942 90
655 381 20 20 1828 1988 90
351 325 75 30 2370 2530 90
864 385 28 10 2286 2446 90
534 351 75 10 2154 2314 90
912 397 27 20 2388 2548 90
369 416 48 10 1880 2040 90
416 362 17 10 1884 2044 90
32 436 54 20 1991 2151 90
365 335 54 30 1853 2013 90
297 397 40 40 2491 2651 90
11 365 18 20 2213 2373 90
496 374 17 10 1925 2085 90
774 441 63 20 2274 2434 90
52 368 17 20 2021 2181 90
331 382 17 20 1734 1894 90
715 386 28 20 2507 2667 90
435 335 64 10 1953 2113 90
295 335 52 20 1761 1921 90
990 440 70 10 2371 2531 90
701 348 16 30 1780 1940 90
211 337 63 30 2045 2205 90
259 378 25 10 2408 2568 90
395 322 78 20 2464 2624 90
392 443 70 20 2464 2624 90
323 356 77 20 2249 2409 90
785 438 60 30 2180 2340 90
515 375 31 20 2185 2345 90
681 437 61 20 2088 2248 90
952 366 34 10 2086 2246 90
244 373 22 10 2312 2472 90
910 361 15 20 2118 2278 90
700 366 16 20 1978 2138 90
