c1_10_7

VEHICLE
NUMBER  CAPACITY
250   200

CUSTOMER
CUST NO. XCOORD. YCOORD. DEMAND READY TIME DUE DATE SERVICE TIME

0  250  250   0   0  1824   0
362 270 401 20 152 332 90
506 250 411 30 433 613 90
656 203 390 40 244 424 90
772 249 407 10 339 519 90
658 210 391 30 147 327 90
815 211 386 20 141 321 90
597 248 404 30 154 334 90
238 246 398 40 148 328 90
213 272 403 30 435 615 90
761 207 400 20 436 616 90
621 272 402 10 245 425 90
287 250 405 20 247 427 90
914 270 400 10 151 331 90
771 208 396 20 341 521 90
969 277 403 10 340 520 90
