r1_10_1

VEHICLE
NUMBER   CAPACITY
250     200

CUSTOMER
CUST NO. XCOORD.  YCOORD.  DEMAND  READY TIME DUE DATE  SERVICE TIME

0   250    250     0     0    1925     0
148 161 276 8 143 153 10
15 164 320 12 1105 1115 10
932 187 263 35 64 74 10
755 110 251 23 508 518 10
84 115 296 24 1539 1549 10
792 131 246 17 842 852 10
394 159 226 16 94 104 10
937 118 314 26 348 358 10
122 181 260 23 69 79 10
664 162 301 16 1623 1633 10
117 201 278 13 56 66 10
489 195 273 22 59 69 10
770 180 283 23 754 764 10
289 153 244 5 118 128 10
212 134 211 35 130 140 10
723 120 261 5 803 813 10
586 157 269 31 1586 1596 10
616 153 235 10 98 108 10
371 179 318 2 1131 1141 10
411 179 286 8 351 361 10
804 133 273 20 119 129 10
606 175 239 23 75 85 10
264 167 291 27 1644 1654 10
820 134 276 15 143 153 10
651 169 305 21 172 182 10
915 159 299 12 1026 1036 10
517 162 306 22 129 139 10
377 144 220 35 110 120 10
532 190 267 36 1764 1774 10
386 149 214 7 492 502 10
1000 166 247 1 84 94 10
302 178 302 19 897 907 10
138 136 265 12 114 124 10
762 171 303 18 1599 1609 10
547 161 275 21 1357 1367 10
853 172 314 9 555 565 10
718 172 292 17 102 112 10
746 130 247 17 120 130 10
423 146 313 22 1205 1215 10
