r1_10_1

VEHICLE
NUMBER   CAPACITY
250     200

CUSTOMER
CUST NO. XCOORD.  YCOORD.  DEMAND  READY TIME DUE DATE  SERVICE TIME

0   250    250     0     0    1925     0
452 33 286 11 1556 1566 10
156 48 293 22 286 296 10
493 24 259 19 380 390 10
404 91 326 4 973 983 10
945 97 288 22 1294 1304 10
836 5 281 16 1382 1392 10
424 19 273 25 1027 1037 10
401 35 263 27 280 290 10
335 55 318 13 322 332 10
52 2 264 40 665 675 10
160 68 303 22 231 241 10
858 66 314 26 194 204 10
830 89 322 21 1031 1041 10
543 71 304 19 699 709 10
544 87 311 7 174 184 10
331 40 278 10 1114 1124 10
959 52 303 25 451 461 10
964 16 287 12 281 291 10
442 44 311 27 417 427 10
45 32 319 21 411 421 10
640 13 314 14 254 264 10
553 80 251 14 314 324 10
392 51 286 14 1469 1479 10
350 37 281 17 503 513 10
62 59 276 11 902 912 10
748 92 259 4 409 419 10
325 64 294 12 1111 1121 10
629 84 255 13 292 302 10
525 56 268 28 1074 1084 10
495 83 300 26 510 520 10
9 83 290 14 618 628 10
92 33 278 18 1497 1507 10
563 100 266 5 480 490 10
259 79 257 26 963 973 10
336 80 279 19 1168 1178 10
733 40 304 16 1155 1165 10
685 33 268 18 706 716 10
838 36 301 21 219 229 10
585 71 282 29 652 662 10
426 69 266 12 768 778 10
