rc2_10_7

VEHICLE
NUMBER  CAPACITY
250   1000

CUSTOMER
CUST NO. XCOORD. YCOORD. DEMAND READY TIME DUE DATE SERVICE TIME

0  250  250   0   0  7284   0
130 44 344 12 4205 4550 10
369 40 304 16 4392 4885 10
688 57 183 15 4284 4638 10
163 64 294 12 4217 4713 10
907 19 273 25 3922 4331 10
979 131 246 17 3070 3706 10
882 56 268 28 4142 4489 10
127 0 188 26 3690 3886 10
583 104 349 20 3975 4219 10
879 53 204 8 4163 4397 10
193 60 231 32 3993 4335 10
295 0 356 13 4244 4565 10
177 7 194 29 3728 4003 10
562 120 261 5 3015 3452 10
