rc2_10_9

VEHICLE
NUMBER  CAPACITY
250   1000

CUSTOMER
CUST NO. XCOORD. YCOORD. DEMAND READY TIME DUE DATE SERVICE TIME

0  250  250   0   0  7284   0
371 323 29 7 4370 4850 10
769 331 134 11 4315 4795 10
94 269 112 19 4871 5351 10
654 281 96 1 4323 4803 10
54 242 106 28 4894 5374 10
48 323 77 36 5440 5920 10
570 344 70 24 4403 4883 10
385 235 33 30 5168 5648 10
994 209 68 27 6092 6572 10
403 335 46 18 5187 5667 10
926 351 128 15 4833 5313 10
322 364 71 5 5214 5694 10
435 257 57 18 4724 5204 10
997 335 99 25 4694 5174 10
186 231 29 14 4725 5205 10
643 352 63 6 4533 5013 10
259 253 74 20 5220 5700 10
502 330 138 18 4258 4738 10
765 273 149 14 5831 6311 10
69 325 147 14 4567 5047 10
557 297 131 25 4482 4962 10
940 224 56 13 4566 5046 10
836 240 34 28 6058 6538 10
