rc2_10_9

VEHICLE
NUMBER  CAPACITY
250   1000

CUSTOMER
CUST NO. XCOORD. YCOORD. DEMAND READY TIME DUE DATE SERVICE TIME

0  250  250   0   0  7284   0
236 365 74 24 3214 3694 10
730 195 111 15 3812 4292 10
470 341 59 27 2979 3459 10
781 341 72 9 3039 3519 10
667 295 89 23 2788 3268 10
723 200 78 31 3791 4271 10
400 330 147 28 3214 3694 10
413 210 29 13 4023 4503 10
558 282 1 18 3990 4470 10
42 307 52 23 3502 3982 10
209 265 0 10 3404 3884 10
633 238 123 24 2944 3424 10
982 337 41 8 3829 4309 10
652 251 63 14 3770 4250 10
129 325 56 13 3006 3486 10
