c1_10_8

VEHICLE
NUMBER  CAPACITY
250   200

CUSTOMER
CUST NO. XCOORD. YCOORD. DEMAND READY TIME DUE DATE SERVICE TIME

0  250  250   0   0  1824   0
535 175 487 20 248 469 90
425 184 464 10 223 464 90
981 163 331 40 118 338 90
954 163 337 10 155 455 90
238 246 398 40 148 409 90
303 172 488 10 250 455 90
658 210 391 30 146 466 90
208 186 461 20 220 467 90
904 216 319 10 232 477 90
130 218 316 20 73 315 90
362 270 401 20 152 387 90
656 203 390 40 232 436 90
287 250 405 20 211 463 90
158 140 431 30 211 424 90
914 270 400 10 151 451 90
815 211 386 20 141 357 90
725 215 317 10 75 327 90
106 141 428 20 208 407 90
125 162 336 20 123 366 90
612 212 319 30 141 380 90
621 272 402 10 216 454 90
81 141 431 30 263 522 90
597 248 404 30 154 432 90
404 165 337 20 254 541 90
