rc2_10_5

VEHICLE
NUMBER   CAPACITY
250     1000

CUSTOMER
CUST NO. XCOORD.  YCOORD.  DEMAND  READY TIME DUE DATE  SERVICE TIME

0   250    250     0     0    7284     0
773 472 481 20 1239 1494 10
15 408 452 10 918 1379 10
404 381 495 20 1332 1367 10
253 406 450 20 1056 1137 10
84 384 491 20 1436 1465 10
468 494 468 31 1384 1555 10
962 468 475 10 1182 1325 10
104 438 488 18 1344 1393 10
499 477 478 20 1442 1816 10
936 425 448 9 3072 3403 10
630 405 450 20 881 1224 10
164 381 494 10 1227 1561 10
72 412 478 7 3771 4027 10
213 475 480 30 1326 1829 10
680 380 489 20 1454 1698 10
289 382 498 10 1154 1440 10
986 399 450 20 1374 1616 10
480 387 488 20 1307 1709 10
671 408 453 10 922 1462 10
999 470 475 30 1115 1488 10
200 475 477 20 1512 1845 10
392 493 493 20 3321 3651 10
3 476 483 10 1298 1660 10
639 376 494 30 1051 1226 10
939 470 473 10 1667 1900 10
712 398 476 25 1624 1841 10
582 412 453 10 1103 1394 10
848 473 475 10 1640 1818 10
949 477 483 20 1201 1846 10
915 374 489 20 802 1352 10
71 404 447 20 949 1051 10
524 406 460 2 2870 3003 10
910 433 447 20 3145 3328 10
83 498 456 27 5482 5885 10
290 457 492 7 2028 2157 10
460 405 454 11 5201 5343 10
719 378 493 30 1166 1209 10
658 469 489 4 2204 2359 10
262 405 455 40 1410 1437 10
948 481 454 14 1159 1524 10
443 471 484 10 1389 1450 10
56 419 459 20 1109 1542 10
681 380 498 10 1135 1363 10
277 379 486 22 2708 2786 10
