c1_10_6

VEHICLE
NUMBER  CAPACITY
250   200

CUSTOMER
CUST NO. XCOORD. YCOORD. DEMAND READY TIME DUE DATE SERVICE TIME

0  250  250   0   0  1824   0
771 208 396 20 416 447 90
978 178 491 10 469 777 90
149 182 463 30 302 510 90
332 181 469 20 403 601 90
39 163 340 30 468 513 90
13 219 325 10 504 579 90
168 210 398 10 451 788 90
855 217 323 20 432 465 90
626 245 408 10 542 696 90
213 272 403 30 502 548 90
782 165 343 10 477 692 90
506 250 411 30 470 575 90
537 147 435 20 497 664 90
761 207 400 20 462 590 90
385 145 434 20 389 586 90
251 269 402 20 530 706 90
78 221 325 10 554 713 90
969 277 403 10 319 541 90
772 249 407 10 329 528 90
671 174 494 10 426 630 90
226 173 490 20 414 454 90
345 186 472 20 558 638 90
