c1_10_7

VEHICLE
NUMBER  CAPACITY
250   200

CUSTOMER
CUST NO. XCOORD. YCOORD. DEMAND READY TIME DUE DATE SERVICE TIME

0  250  250   0   0  1824   0
983 315 121 10 528 708 90
259 342 54 20 495 675 90
766 343 148 20 330 510 90
930 345 144 30 514 694 90
5 286 159 20 473 653 90
998 375 80 10 484 664 90
410 288 154 10 378 558 90
214 232 42 10 482 662 90
900 290 136 20 492 672 90
686 304 102 30 442 622 90
343 344 146 10 422 602 90
421 285 44 10 400 580 90
369 287 43 10 492 672 90
467 356 21 20 343 523 90
137 370 82 40 389 569 90
639 358 16 30 528 708 90
357 304 97 20 347 527 90
243 307 102 40 535 715 90
909 340 54 10 403 583 90
333 358 18 10 436 616 90
321 319 124 20 343 523 90
353 317 123 20 435 615 90
136 286 137 10 398 578 90
63 275 45 20 390 570 90
618 275 42 30 483 663 90
767 231 43 10 390 570 90
