rc1_10_2

VEHICLE
NUMBER  CAPACITY
250   200

CUSTOMER
CUST NO. XCOORD. YCOORD. DEMAND READY TIME DUE DATE SERVICE TIME

0  250  250   0   0  1821   0
226 482 184 14 1107 1137 10
877 405 187 34 1251 1281 10
889 420 224 10 0 1640 10
820 404 140 8 0 1622 10
412 397 153 29 882 912 10
191 429 169 8 903 933 10
390 452 172 9 0 1595 10
599 479 169 20 0 1569 10
207 426 231 24 1028 1058 10
956 428 202 24 904 934 10
247 455 168 21 0 1591 10
493 447 184 27 0 1604 10
447 458 213 22 1128 1158 10
629 413 217 20 0 1645 10
300 412 214 10 0 1646 10
875 477 179 20 0 1574 10
604 441 177 23 0 1607 10
