rc1_10_6

VEHICLE
NUMBER  CAPACITY
250   200

CUSTOMER
CUST NO. XCOORD. YCOORD. DEMAND READY TIME DUE DATE SERVICE TIME

0  250  250   0   0  1821   0
202 346 354 8 802 862 10
218 272 420 7 1371 1431 10
738 360 284 19 652 712 10
968 311 422 29 973 1033 10
600 497 266 25 733 793 10
912 489 338 17 1382 1442 10
224 330 308 24 1155 1215 10
802 449 428 25 1232 1292 10
222 370 262 15 1084 1144 10
498 377 385 6 851 911 10
843 487 320 21 843 903 10
398 348 348 23 920 980 10
934 408 318 15 628 688 10
181 385 285 13 853 913 10
4 352 487 27 887 947 10
651 489 437 29 692 752 10
284 330 281 14 1315 1375 10
910 433 447 20 779 839 10
482 491 369 28 715 775 10
430 374 306 4 979 1039 10
338 360 294 9 1403 1463 10
154 241 402 11 1010 1070 10
761 245 461 8 634 694 10
72 412 478 7 945 1005 10
392 493 493 20 841 901 10
495 440 284 25 837 897 10
378 328 491 21 663 723 10
711 352 241 5 777 837 10
442 250 441 5 741 801 10
863 381 328 12 702 762 10
432 470 405 17 911 971 10
463 318 497 21 839 899 10
524 406 460 2 704 764 10
631 394 322 12 1010 1070 10
758 380 350 15 851 911 10
893 336 493 20 1478 1538 10
649 468 352 9 753 813 10
460 405 454 11 1288 1348 10
957 257 391 22 1610 1670 10
70 421 386 29 809 869 10
208 260 472 33 1021 1081 10
237 331 356 13 697 757 10
141 294 421 26 1560 1620 10
332 420 383 27 967 1027 10
485 313 493 20 1178 1238 10
834 284 319 17 802 862 10
136 463 253 23 1032 1092 10
83 498 456 27 1391 1451 10
662 411 379 25 1178 1238 10
597 368 311 14 911 971 10
650 418 251 21 1182 1242 10
807 368 452 16 655 715 10
459 370 382 11 869 929 10
722 371 315 18 1151 1211 10
78 243 408 15 1419 1479 10
36 440 292 24 925 985 10
494 366 288 29 669 729 10
840 470 417 11 722 782 10
250 434 359 13 1377 1437 10
39 377 432 20 816 876 10
775 475 267 7 765 825 10
1 440 436 18 877 937 10
831 448 414 23 1208 1268 10
29 421 387 15 786 846 10
277 379 486 22 657 717 10
178 322 290 23 1464 1524 10
541 359 246 18 1408 1468 10
8 328 458 17 753 813 10
184 492 335 10 813 873 10
801 409 255 23 1507 1567 10
936 425 448 9 779 839 10
718 478 300 12 875 935 10
324 274 441 12 680 740 10
677 385 239 21 771 831 10
