rc2_10_4

VEHICLE
NUMBER  CAPACITY
250   1000

CUSTOMER
CUST NO. XCOORD. YCOORD. DEMAND READY TIME DUE DATE SERVICE TIME

0  250  250   0   0  7284   0
359 59 388 20 2651 2771 10
880 13 394 15 1490 1610 10
946 76 462 18 3824 3944 10
586 53 440 10 1292 1412 10
987 67 452 30 1078 1198 10
833 77 465 11 1044 1164 10
980 49 437 7 1710 1830 10
348 48 437 4 3215 3335 10
340 58 391 16 3529 3649 10
157 62 453 10 1179 1299 10
309 58 458 10 1291 1411 10
782 58 449 30 1451 1571 10
140 84 453 19 4892 5012 10
