r1_10_3

VEHICLE
NUMBER   CAPACITY
250     200

CUSTOMER
CUST NO. XCOORD.  YCOORD.  DEMAND  READY TIME DUE DATE  SERVICE TIME

0   250    250     0     0    1925     0
429 212 47 20 811 821 10
303 250 57 26 0 1722 10
2 67 190 25 1183 1193 10
227 224 3 10 700 710 10
95 86 189 21 237 247 10
356 26 67 15 1327 1337 10
993 172 24 17 1462 1472 10
800 206 172 29 798 808 10
638 94 192 1 1090 1100 10
529 30 97 23 1220 1230 10
197 45 166 22 1023 1033 10
930 187 61 19 555 565 10
388 135 30 12 0 1667 10
31 52 18 28 867 877 10
604 66 31 25 0 1629 10
345 47 208 30 236 246 10
665 1 101 8 1267 1277 10
252 38 15 3 0 1599 10
10 251 63 14 997 1007 10
507 158 24 18 0 1671 10
398 142 30 32 0 1670 10
632 226 175 23 1704 1714 10
832 30 155 9 0 1676 10
502 150 68 23 0 1708 10
805 253 74 20 0 1739 10
260 236 126 23 0 1791 10
500 188 119 44 985 995 10
492 63 155 7 0 1706 10
151 60 231 32 0 1725 10
673 191 215 17 68 78 10
683 142 80 12 0 1714 10
416 26 221 28 1006 1016 10
765 61 214 4 0 1723 10
225 103 123 8 500 510 10
394 159 226 16 94 104 10
573 71 12 2 303 313 10
499 238 123 24 791 801 10
307 65 82 13 750 760 10
313 173 182 25 102 112 10
361 130 186 16 141 151 10
53 231 167 15 0 1830 10
157 64 135 11 0 1697 10
703 176 199 28 0 1826 10
433 105 140 27 0 1733 10
819 213 185 21 74 84 10
715 62 94 16 0 1671 10
556 66 88 2 0 1670 10
281 206 174 14 0 1828 10
588 39 153 26 808 818 10
863 62 236 29 0 1727 10
966 53 204 8 0 1713 10
1 171 34 21 1153 1163 10
447 215 79 5 0 1741 10
103 210 113 28 700 710 10
246 124 111 15 0 1728 10
258 39 162 18 575 585 10
488 87 51 35 0 1658 10
210 75 118 21 419 429 10
657 9 233 31 0 1674 10
636 140 108 29 0 1736 10
934 74 215 10 239 249 10
400 174 122 14 603 613 10
680 198 85 28 273 283 10
212 134 211 35 130 140 10
483 142 14 18 845 855 10
140 111 178 18 156 166 10
534 18 24 32 638 648 10
813 89 65 16 0 1670 10
842 225 121 18 0 1784 10
29 41 232 16 0 1706 10
30 25 53 23 1030 1040 10
634 223 178 20 1146 1156 10
895 102 6 3 1468 1478 10
162 147 30 26 1119 1129 10
111 114 102 21 0 1715 10
107 100 85 14 0 1693 10
323 134 194 19 1662 1672 10
275 68 53 16 749 759 10
761 242 106 28 1278 1288 10
976 149 98 4 0 1733 10
338 91 27 14 1192 1202 10
402 24 71 11 356 366 10
780 235 33 30 1347 1357 10
616 153 235 10 98 108 10
441 64 5 14 1139 1149 10
503 67 24 10 0 1625 10
857 117 110 13 0 1722 10
623 200 78 31 0 1736 10
81 201 66 14 0 1725 10
354 30 7 23 1199 1209 10
866 240 240 35 1710 1720 10
498 72 227 25 0 1736 10
999 19 38 15 0 1602 10
942 94 40 24 1078 1088 10
200 92 18 8 0 1635 10
865 151 81 28 1568 1578 10
674 231 29 14 1236 1246 10
254 176 200 17 578 588 10
143 57 183 15 0 1711 10
472 171 24 11 1393 1403 10
63 146 188 6 1245 1255 10
628 120 17 30 289 299 10
691 235 13 27 369 379 10
781 140 137 32 580 590 10
309 196 56 15 0 1714 10
456 240 34 28 0 1699 10
947 206 97 33 0 1756 10
427 191 84 13 877 887 10
940 33 152 17 0 1677 10
902 32 191 5 596 606 10
446 48 150 15 0 1690 10
747 172 66 18 1313 1323 10
979 43 135 31 236 246 10
854 233 230 20 26 36 10
98 218 12 3 0 1675 10
701 15 11 15 962 972 10
643 224 56 13 1196 1206 10
449 171 188 30 631 641 10
393 49 118 3 0 1675 10
366 244 13 24 1023 1033 10
69 64 198 10 0 1722 10
980 188 151 7 1307 1317 10
387 98 29 14 0 1647 10
409 38 190 23 0 1695 10
796 209 212 18 0 1860 10
997 215 129 17 0 1790 10
521 110 122 14 0 1726 10
147 174 41 15 0 1693 10
515 132 151 22 154 164 10
606 175 239 23 75 85 10
577 132 32 18 794 804 10
448 109 56 27 239 249 10
513 235 108 12 0 1773 10
516 217 207 26 0 1861 10
627 125 65 17 798 808 10
41 245 42 24 557 567 10
435 177 156 25 0 1796 10
591 92 76 4 1149 1159 10
137 210 29 13 0 1691 10
788 148 208 22 0 1805 10
702 144 35 26 239 249 10
364 6 53 8 0 1602 10
637 34 239 16 0 1699 10
382 6 196 20 1213 1223 10
82 245 176 20 0 1841 10
699 178 135 21 0 1780 10
963 130 140 17 204 214 10
428 68 160 21 0 1712 10
815 202 28 22 0 1688 10
79 117 178 28 0 1764 10
855 79 80 19 1392 1402 10
330 193 138 30 0 1790 10
666 80 117 24 834 844 10
985 111 192 11 1209 1219 10
795 138 28 23 1107 1117 10
144 181 185 19 0 1821 10
603 56 75 24 0 1654 10
194 200 27 22 535 545 10
514 174 67 15 0 1717 10
938 60 29 32 1373 1383 10
528 105 181 19 0 1755 10
731 86 199 23 0 1744 10
403 173 65 12 458 468 10
242 61 170 20 1016 1026 10
617 168 109 10 0 1752 10
614 100 66 15 0 1678 10
609 82 183 17 1112 1122 10
846 168 59 6 0 1708 10
675 253 50 27 236 246 10
798 156 65 22 1047 1057 10
786 3 23 11 0 1580 10
27 58 39 12 0 1630 10
240 157 38 3 0 1684 10
120 105 137 32 462 472 10
758 133 202 33 471 481 10
884 87 213 18 0 1748 10
377 144 220 35 0 1805 10
189 186 135 24 0 1784 10
386 149 214 7 0 1808 10
71 9 101 16 676 686 10
491 95 64 4 776 786 10
896 41 120 22 706 716 10
315 18 225 8 0 1682 10
296 66 163 6 405 415 10
599 210 81 2 0 1742 10
882 7 194 29 0 1666 10
298 83 169 21 0 1730 10
724 179 75 13 750 760 10
341 10 237 19 626 636 10
583 34 169 11 494 504 10
519 209 68 27 0 1729 10
829 103 177 28 636 646 10
38 233 87 18 0 1752 10
625 197 202 29 1214 1224 10
927 219 215 32 0 1869 10
248 28 180 34 0 1683 10
39 60 5 18 1054 1064 10
729 199 203 20 1467 1477 10
113 21 146 21 497 507 10
185 178 150 33 642 652 10
867 46 163 8 0 1694 10
552 21 70 15 781 791 10
58 31 175 24 0 1684 10
337 48 162 15 227 237 10
473 187 73 18 302 312 10
655 158 179 37 0 1799 10
415 195 111 15 1008 1018 10
179 44 140 11 878 888 10
33 178 72 23 767 777 10
824 68 240 11 804 814 10
890 143 158 12 0 1774 10
383 104 28 8 0 1650 10
222 7 82 25 422 432 10
807 77 172 23 0 1726 10
135 5 224 19 0 1669 10
290 153 192 13 0 1802 10
106 241 180 13 1705 1715 10
126 232 101 24 0 1765 10
158 65 62 15 0 1652 10
279 120 37 28 0 1666 10
719 14 232 18 0 1679 10
410 16 68 11 0 1619 10
262 180 162 9 0 1803 10
667 210 219 7 50 60 10
214 212 186 11 1732 1742 10
948 210 133 15 0 1792 10
791 98 2 14 0 1625 10
595 128 113 22 373 383 10
265 89 185 16 610 620 10
443 165 59 27 953 963 10
68 219 210 14 50 60 10
86 43 210 20 210 220 10
329 239 15 2 0 1680 10
226 241 38 16 0 1703 10
707 23 235 43 1033 1043 10
231 13 214 21 1364 1374 10
801 32 94 14 940 950 10
51 203 211 20 0 1854 10
134 108 37 23 559 569 10
155 44 115 24 246 256 10
48 0 188 26 0 1658 10
990 51 89 19 1218 1228 10
740 125 61 26 0 1689 10
385 87 3 13 0 1620 10
316 57 43 15 0 1632 10
