c1_10_6

VEHICLE
NUMBER   CAPACITY
250     200

CUSTOMER
CUST NO. XCOORD.  YCOORD.  DEMAND  READY TIME DUE DATE  SERVICE TIME

0   250    250     0     0    1824     0
156 208 11 20 1245 1454 90
454 182 14 10 893 1286 90
879 200 14 10 278 389 90
328 188 12 30 245 323 90
683 199 12 20 466 566 90
765 173 28 10 1158 1168 90
484 168 24 10 754 833 90
344 198 12 10 537 676 90
497 167 27 30 368 654 90
634 182 4 10 471 775 90
503 202 4 10 973 981 90
200 188 4 20 368 500 90
201 180 6 10 727 885 90
445 179 7 20 765 1030 90
399 203 7 20 968 1173 90
98 202 8 10 1047 1277 90
624 181 6 20 655 775 90
935 167 24 20 646 759 90
82 202 9 10 1125 1382 90
653 170 26 10 733 1039 90
244 169 31 20 374 460 90
799 198 9 20 750 831 90
846 186 7 20 454 601 90
764 204 15 20 239 314 90
92 189 7 30 250 482 90
517 176 8 10 932 1050 90
501 200 13 10 355 495 90
896 166 32 10 267 380 90
434 174 26 10 979 1162 90
975 173 25 20 885 1074 90
594 199 9 20 804 959 90
426 197 11 10 612 784 90
984 166 34 20 231 302 90
48 164 21 20 567 650 90
