c1_10_6

VEHICLE
NUMBER   CAPACITY
250     200

CUSTOMER
CUST NO. XCOORD.  YCOORD.  DEMAND  READY TIME DUE DATE  SERVICE TIME

0   250    250     0     0    1824     0
404 165 337 20 369 426 90
945 132 294 20 439 536 90
689 132 291 10 686 847 90
153 90 285 40 886 1136 90
225 136 288 10 947 1139 90
906 89 270 10 536 702 90
174 91 268 10 833 966 90
680 88 287 30 860 977 90
510 169 336 30 804 926 90
986 85 288 20 328 386 90
813 100 266 20 150 380 90
533 137 290 10 149 272 90
586 89 272 10 428 625 90
818 79 291 10 487 601 90
857 169 340 10 750 792 90
46 128 291 10 614 732 90
541 86 268 10 663 762 90
411 90 296 20 166 214 90
577 139 291 10 118 287 90
811 95 277 20 1036 1142 90
782 165 343 10 477 692 90
256 167 339 10 584 774 90
886 91 266 10 673 943 90
125 162 336 20 207 221 90
938 80 290 10 305 600 90
463 90 274 20 329 540 90
27 87 285 30 660 812 90
189 88 286 10 784 871 90
563 89 290 20 165 419 90
840 96 270 20 253 422 90
20 129 292 10 539 623 90
905 134 288 20 894 1007 90
910 80 286 10 563 714 90
39 163 340 30 468 513 90
946 134 285 20 1063 1210 90
138 132 290 10 753 962 90
954 163 337 10 249 362 90
249 135 293 30 322 467 90
116 102 264 10 148 195 90
981 163 331 40 118 129 90
329 136 290 20 260 343 90
522 92 270 20 972 1011 90
