c1_10_6

VEHICLE
NUMBER   CAPACITY
250     200

CUSTOMER
CUST NO. XCOORD.  YCOORD.  DEMAND  READY TIME DUE DATE  SERVICE TIME

0   250    250     0     0    1824     0
216 58 458 10 632 843 90
96 54 430 20 502 761 90
492 67 452 30 276 452 90
237 58 449 30 935 1100 90
75 57 432 10 894 1112 90
401 109 463 30 886 1092 90
178 60 454 10 805 1040 90
974 112 465 10 693 735 90
422 111 464 10 769 843 90
570 55 449 20 278 357 90
103 115 465 10 289 585 90
752 53 440 10 593 724 90
349 59 457 30 689 969 90
400 54 445 10 537 589 90
331 112 467 10 438 624 90
219 65 453 30 439 475 90
275 52 432 20 744 887 90
176 63 444 20 1103 1127 90
91 55 428 20 523 555 90
553 116 466 20 254 479 90
269 50 438 20 704 799 90
865 56 434 20 752 1069 90
170 62 453 10 516 584 90
350 49 451 20 332 418 90
713 60 428 20 1035 1161 90
364 66 448 10 270 437 90
944 111 463 20 861 933 90
240 59 459 20 617 675 90
882 51 447 10 376 562 90
185 64 426 10 1168 1216 90
972 111 467 20 560 684 90
579 110 459 30 955 1211 90
948 56 428 20 306 591 90
571 57 425 20 260 371 90
681 54 424 10 266 441 90
789 117 467 10 254 446 90
538 111 459 20 1083 1264 90
378 55 431 20 635 811 90
