c2_10_8

VEHICLE
NUMBER  CAPACITY
250   700

CUSTOMER
CUST NO. XCOORD. YCOORD. DEMAND READY TIME DUE DATE SERVICE TIME

0  250  250   0   0  3914   0
948 189 338 10 2714 3354 90
261 184 340 10 2528 3168 90
15 252 347 10 2671 3311 90
962 233 346 20 2471 3111 90
731 241 391 30 2745 3385 90
676 260 330 40 2963 3603 90
182 242 350 10 2571 3211 90
865 204 291 20 2663 3303 90
157 251 376 10 2946 3586 90
816 183 340 10 2437 3077 90
807 234 350 10 2377 3017 90
31 220 394 10 2543 3183 90
332 206 326 30 3006 3646 90
671 206 295 10 2569 3209 90
115 222 381 20 2349 2989 90
118 220 384 10 2443 3083 90
239 200 327 30 2910 3550 90
341 189 339 50 2623 3263 90
149 257 336 10 2866 3506 90
600 254 335 10 2773 3413 90
882 218 298 30 2466 3106 90
577 253 382 10 2850 3490 90
959 207 289 20 2757 3397 90
335 229 396 30 2642 3282 90
884 216 300 30 2373 3013 90
300 180 335 20 2341 2981 90
585 199 327 10 2819 3459 90
