c2_10_6

VEHICLE
NUMBER  CAPACITY
250   700

CUSTOMER
CUST NO. XCOORD. YCOORD. DEMAND READY TIME DUE DATE SERVICE TIME

0  250  250   0   0  3914   0
578 247 89 20 1894 2295 90
837 243 88 20 1515 2106 90
773 244 94 20 1697 2054 90
274 230 95 20 1742 2216 90
266 231 81 30 2188 2777 90
869 245 96 20 1561 2004 90
270 189 200 10 1738 2400 90
965 216 92 20 2165 2759 90
788 236 92 10 2008 2573 90
506 204 189 10 2147 2769 90
771 247 82 30 1656 2160 90
380 232 85 10 2129 2649 90
268 236 95 30 1991 2403 90
284 224 93 20 2019 2523 90
926 218 98 30 1837 2327 90
831 215 91 30 2074 2667 90
593 200 195 20 1948 2581 90
168 202 198 30 2137 2579 90
848 183 187 20 1568 2128 90
984 224 96 40 1892 2464 90
40 196 192 30 1914 2425 90
562 247 88 30 1765 2242 90
