c2_10_6

VEHICLE
NUMBER  CAPACITY
250   700

CUSTOMER
CUST NO. XCOORD. YCOORD. DEMAND READY TIME DUE DATE SERVICE TIME

0  250  250   0   0  3914   0
663 232 87 30 1318 1850 90
623 200 182 10 938 1528 90
481 186 177 20 1203 1680 90
838 250 72 20 946 1465 90
91 236 96 20 1412 1955 90
924 238 83 20 1388 1858 90
641 212 96 10 734 1233 90
917 221 87 20 1206 1761 90
814 213 76 20 1093 1666 90
188 204 90 20 956 1392 90
971 197 178 20 874 1402 90
265 212 71 20 1043 1525 90
58 259 76 10 784 1232 90
103 184 188 10 1168 1512 90
525 173 169 10 1471 1805 90
488 235 81 20 1343 1717 90
886 184 178 10 1286 1782 90
843 253 81 10 798 1413 90
524 204 171 20 789 1288 90
547 238 84 10 1380 2049 90
736 167 169 20 1464 2003 90
204 238 57 30 1112 1720 90
343 241 77 30 987 1623 90
453 210 94 20 811 1342 90
