c2_10_3

VEHICLE
NUMBER  CAPACITY
250   700

CUSTOMER
CUST NO. XCOORD. YCOORD. DEMAND READY TIME DUE DATE SERVICE TIME

0  250  250   0   0  3914   0
60 118 256 10 0 3692 90
90 131 269 10 0 3704 90
740 129 255 10 0 3703 90
855 101 263 20 0 3675 90
881 140 252 20 0 3714 90
571 129 264 20 0 3703 90
850 103 251 10 0 3677 90
308 152 260 10 0 3726 90
285 155 242 10 0 3729 90
866 132 272 30 0 3704 90
306 110 241 20 0 3684 90
474 146 245 20 0 3720 90
538 128 249 20 0 3702 90
102 131 253 10 0 3705 90
612 131 267 10 0 3704 90
795 133 278 10 0 3704 90
627 112 251 10 0 3686 90
373 141 267 10 0 3714 90
337 95 243 20 0 3669 90
696 121 249 20 0 3695 90
604 152 241 20 0 3726 90
122 112 243 20 0 3686 90
694 116 255 20 0 3690 90
666 106 248 20 0 3680 90
424 108 245 20 0 3682 90
930 124 247 20 0 3698 90
