r1_10_5

VEHICLE
NUMBER  CAPACITY
250   200

CUSTOMER
CUST NO. XCOORD. YCOORD. DEMAND READY TIME DUE DATE SERVICE TIME

0  250  250   0   0  1925   0
180 414 378 23 495 525 10
994 408 318 15 643 673 10
128 447 383 17 237 267 10
783 330 371 1 559 589 10
848 387 349 9 169 199 10
899 376 385 12 184 214 10
127 371 332 14 530 560 10
814 429 389 18 424 454 10
983 334 403 26 174 204 10
903 441 374 10 227 257 10
950 418 399 20 438 468 10
696 382 360 26 178 208 10
622 366 334 5 410 440 10
849 398 329 17 167 197 10
995 410 399 25 234 264 10
123 413 391 8 217 247 10
133 374 346 27 421 451 10
672 405 349 15 522 552 10
