rc1_10_9

VEHICLE
NUMBER  CAPACITY
250   200

CUSTOMER
CUST NO. XCOORD. YCOORD. DEMAND READY TIME DUE DATE SERVICE TIME

0  250  250   0   0  1821   0
172 385 17 40 764 884 10
561 482 104 19 762 882 10
997 335 99 25 1173 1293 10
820 404 140 8 1214 1334 10
94 269 112 19 1218 1338 10
673 432 66 30 1026 1146 10
926 351 128 15 1208 1328 10
956 428 202 24 859 979 10
132 472 57 17 1250 1370 10
259 253 74 20 1305 1425 10
247 455 168 21 822 942 10
570 344 70 24 1101 1221 10
977 480 131 5 643 763 10
654 281 96 1 1081 1201 10
371 323 29 7 1092 1212 10
379 399 175 13 702 822 10
470 341 59 27 745 865 10
726 397 57 17 1431 1551 10
412 397 153 29 837 957 10
192 350 199 21 1156 1276 10
209 265 0 10 851 971 10
677 385 239 21 741 861 10
502 330 138 18 1065 1185 10
85 355 174 33 670 790 10
865 482 141 14 966 1086 10
236 365 74 24 803 923 10
953 492 34 5 766 886 10
978 437 98 16 1069 1189 10
780 488 96 22 1021 1141 10
400 330 147 28 803 923 10
749 438 127 2 896 1016 10
938 471 94 30 954 1074 10
648 498 171 12 1211 1331 10
435 257 57 18 1181 1301 10
205 391 112 24 955 1075 10
620 376 92 10 946 1066 10
611 466 149 16 1141 1261 10
33 390 120 24 959 1079 10
604 441 177 23 956 1076 10
42 307 52 23 875 995 10
661 441 60 21 1414 1534 10
48 323 77 36 1360 1480 10
595 347 192 18 1443 1563 10
226 482 184 14 1062 1182 10
478 365 190 22 1432 1552 10
444 480 152 26 977 1097 10
447 458 213 22 1083 1203 10
69 325 147 14 1142 1262 10
546 437 19 15 969 1089 10
557 297 131 25 1120 1240 10
112 429 67 16 687 807 10
951 389 156 27 671 791 10
196 436 25 19 1237 1357 10
399 485 104 21 749 869 10
159 386 154 31 1056 1176 10
232 390 34 7 1015 1135 10
529 384 149 18 1152 1272 10
299 500 228 8 737 857 10
403 335 46 18 1297 1417 10
982 337 41 8 957 1077 10
558 282 1 18 997 1117 10
643 352 63 6 1133 1253 10
207 426 231 24 983 1103 10
191 429 169 8 858 978 10
121 459 53 20 1077 1197 10
322 364 71 5 1303 1423 10
769 331 134 11 1079 1199 10
129 325 56 13 751 871 10
781 341 72 9 760 880 10
877 405 187 34 1206 1326 10
667 295 89 23 697 817 10
103 382 110 24 1067 1187 10
804 415 95 15 1132 1252 10
