rc1_10_2

VEHICLE
NUMBER   CAPACITY
250     200

CUSTOMER
CUST NO. XCOORD.  YCOORD.  DEMAND  READY TIME DUE DATE  SERVICE TIME

0   250    250     0     0    1821     0
156 79 80 19 1382 1412 10
753 199 187 20 127 157 10
319 80 251 14 304 334 10
193 60 231 32 0 1621 10
451 228 287 21 43 73 10
161 192 265 10 124 154 10
578 236 126 23 124 154 10
356 128 113 22 363 393 10
816 24 65 10 0 1519 10
800 93 96 20 225 255 10
647 197 267 10 109 139 10
294 94 40 24 0 1550 10
94 269 112 19 1263 1293 10
759 140 108 29 1071 1101 10
559 21 70 15 771 801 10
59 246 255 10 113 143 10
945 92 236 20 258 288 10
879 53 204 8 1055 1085 10
339 58 39 12 1163 1193 10
388 177 156 25 0 1692 10
919 61 214 4 342 372 10
293 225 196 10 0 1752 10
80 34 169 11 484 514 10
836 240 34 28 1560 1590 10
31 136 52 10 293 323 10
742 93 235 10 246 276 10
252 234 246 10 65 95 10
652 251 63 14 0 1624 10
632 125 61 26 612 642 10
832 46 163 8 926 956 10
864 213 185 21 0 1737 10
437 221 291 9 50 80 10
760 228 199 10 0 1756 10
988 34 239 16 0 1595 10
500 204 185 20 163 193 10
735 228 260 12 0 1787 10
5 230 197 40 122 152 10
151 87 3 13 1433 1463 10
418 24 68 20 0 1521 10
686 241 205 30 118 148 10
153 212 186 11 1707 1737 10
684 90 232 10 212 242 10
317 241 180 13 0 1741 10
407 214 245 8 0 1775 10
765 273 149 14 0 1708 10
270 178 135 21 1514 1544 10
484 195 273 22 59 89 10
995 18 225 8 691 721 10
47 41 232 16 209 239 10
344 238 210 30 134 164 10
394 64 5 14 1129 1159 10
34 188 119 44 975 1005 10
305 111 178 18 156 186 10
497 72 227 25 0 1632 10
663 178 72 23 757 787 10
115 264 180 33 1681 1711 10
124 210 185 20 76 106 10
272 236 213 20 39 69 10
313 30 155 9 1280 1310 10
53 226 175 23 1694 1724 10
457 120 17 30 0 1545 10
687 18 24 32 628 658 10
65 200 261 10 166 196 10
286 91 235 10 269 299 10
306 91 101 10 0 1594 10
422 18 63 10 339 369 10
174 71 12 2 297 327 10
715 233 87 18 253 283 10
967 197 270 30 96 126 10
695 234 202 10 80 110 10
28 80 117 24 824 854 10
43 111 192 11 1199 1229 10
543 168 59 6 366 396 10
574 57 43 15 0 1528 10
488 30 72 10 0 1529 10
349 200 270 20 59 89 10
730 195 111 15 998 1028 10
312 94 97 20 218 248 10
212 132 30 20 0 1562 10
101 237 254 20 83 113 10
540 253 118 19 547 577 10
333 142 14 18 0 1552 10
510 21 146 21 487 517 10
743 125 32 30 259 289 10
851 15 69 10 296 326 10
859 237 213 10 147 177 10
898 109 56 27 239 269 10
166 186 135 24 0 1680 10
659 244 254 20 100 130 10
723 200 78 31 0 1632 10
477 265 240 9 0 1793 10
895 92 76 4 1139 1169 10
959 206 186 10 188 218 10
355 95 234 10 163 193 10
964 100 66 15 1400 1430 10
314 208 184 20 0 1733 10
976 198 271 20 0 1755 10
921 56 75 24 1438 1468 10
700 165 59 27 943 973 10
372 89 65 16 720 750 10
462 43 135 31 0 1575 10
818 133 273 20 119 149 10
441 253 50 27 226 256 10
640 20 73 10 290 320 10
914 23 67 30 389 419 10
176 248 251 20 2 32 10
744 215 282 21 1440 1470 10
942 52 18 28 0 1506 10
970 13 214 21 1354 1384 10
343 21 64 20 0 1516 10
584 173 182 25 102 132 10
254 75 118 21 409 439 10
425 103 177 28 626 656 10
7 133 202 33 461 491 10
621 129 27 10 298 328 10
872 199 203 20 1457 1487 10
6 175 239 23 75 105 10
14 102 264 10 148 178 10
555 102 6 3 0 1526 10
476 176 199 28 89 119 10
994 209 68 27 1568 1598 10
947 124 56 20 231 261 10
427 225 269 30 1271 1301 10
940 224 56 13 1186 1216 10
979 131 246 17 832 862 10
717 6 53 8 587 617 10
109 151 81 28 1558 1588 10
149 249 258 30 0 1803 10
871 240 250 10 37 67 10
748 44 115 24 0 1565 10
411 120 37 28 775 805 10
754 201 188 10 0 1732 10
961 204 187 30 0 1733 10
479 133 53 20 0 1582 10
779 243 248 30 24 54 10
374 200 265 10 152 182 10
796 271 128 12 346 376 10
391 263 153 12 412 442 10
935 66 31 25 1048 1078 10
18 92 233 10 0 1653 10
536 105 181 19 0 1651 10
660 233 207 10 46 76 10
453 238 204 20 0 1764 10
955 153 235 10 0 1713 10
627 92 230 20 0 1652 10
435 257 57 18 1226 1256 10
137 97 93 20 240 270 10
788 87 96 30 282 312 10
525 88 95 20 270 300 10
420 209 212 18 1528 1558 10
346 200 178 20 94 124 10
99 38 15 3 0 1495 10
885 130 57 40 0 1584 10
506 60 5 18 0 1501 10
772 89 185 16 600 630 10
73 26 67 15 1317 1347 10
79 60 29 32 0 1520 10
145 66 88 2 830 860 10
653 132 55 10 267 297 10
916 126 30 10 272 302 10
244 211 248 26 39 69 10
590 244 277 18 0 1784 10
508 134 211 35 122 152 10
572 21 68 20 401 431 10
125 150 68 23 423 453 10
596 95 92 20 0 1590 10
373 144 35 26 239 269 10
266 25 65 10 376 406 10
438 1 101 8 0 1521 10
911 214 274 24 1369 1399 10
799 146 188 6 0 1690 10
450 179 75 13 740 770 10
54 242 106 28 1268 1298 10
614 39 162 18 565 595 10
607 231 204 20 150 180 10
173 180 283 23 744 774 10
944 195 185 20 0 1726 10
562 120 261 5 793 823 10
706 224 192 10 0 1748 10
92 92 18 8 1124 1154 10
177 7 194 29 951 981 10
786 47 208 30 226 256 10
27 130 140 17 194 224 10
190 187 73 18 292 322 10
868 198 264 20 140 170 10
929 247 219 17 0 1780 10
189 149 214 7 482 512 10
386 233 204 20 54 84 10
501 226 191 20 0 1748 10
44 131 56 10 0 1584 10
563 125 29 30 283 313 10
302 157 269 31 1576 1606 10
922 210 276 5 47 77 10
900 92 232 10 177 207 10
241 65 62 15 976 1006 10
261 238 203 10 94 124 10
259 253 74 20 1350 1380 10
750 239 15 2 604 634 10
827 125 39 20 0 1566 10
610 206 261 10 182 212 10
763 231 195 20 109 139 10
530 122 35 10 250 280 10
733 132 57 20 244 274 10
991 236 247 20 0 1797 10
186 231 29 14 1226 1256 10
248 224 191 20 81 111 10
64 92 259 4 399 429 10
204 17 65 20 327 357 10
310 133 26 10 0 1559 10
633 238 123 24 781 811 10
887 91 231 30 200 230 10
127 0 188 26 932 962 10
566 68 160 21 1136 1166 10
187 157 38 3 1048 1078 10
199 148 208 22 526 556 10
526 95 64 4 766 796 10
230 244 250 10 12 42 10
464 199 268 20 71 101 10
415 132 32 18 784 814 10
547 201 278 13 56 86 10
50 86 199 23 0 1640 10
943 16 68 20 314 344 10
694 31 175 24 247 277 10
116 94 235 20 156 186 10
757 272 234 26 1590 1620 10
904 143 158 12 141 171 10
395 95 235 10 155 185 10
413 210 29 13 1051 1081 10
808 202 186 20 151 181 10
126 201 270 10 52 82 10
158 188 151 7 1297 1327 10
342 96 97 20 217 247 10
817 130 247 17 120 150 10
714 217 207 26 1382 1412 10
410 30 7 23 1189 1219 10
838 204 269 30 49 79 10
396 203 211 20 1306 1336 10
406 267 162 6 1449 1479 10
408 92 234 10 235 265 10
793 245 251 10 5 35 10
206 224 203 20 53 83 10
423 149 98 4 0 1629 10
789 140 137 32 0 1654 10
565 262 92 25 630 660 10
688 57 183 15 0 1607 10
234 219 215 32 46 76 10
538 166 247 1 0 1727 10
881 15 68 10 303 333 10
605 231 203 20 67 97 10
385 235 33 30 1337 1367 10
