rc1_10_10

VEHICLE
NUMBER  CAPACITY
250   200

CUSTOMER
CUST NO. XCOORD. YCOORD. DEMAND READY TIME DUE DATE SERVICE TIME

0  250  250   0   0  1821   0
564 292 32 14 222 372 10
797 275 45 20 206 356 10
750 239 15 2 544 694 10
699 269 48 20 221 371 10
981 270 49 30 232 382 10
441 253 50 27 200 350 10
852 267 44 20 206 356 10
849 275 42 30 209 359 10
169 274 48 10 203 353 10
568 277 50 10 201 351 10
528 273 55 20 196 346 10
715 233 87 18 193 343 10
810 269 46 20 209 359 10
118 268 52 10 246 396 10
565 262 92 25 570 720 10
