c1_10_7

VEHICLE
NUMBER  CAPACITY
250   200

CUSTOMER
CUST NO. XCOORD. YCOORD. DEMAND READY TIME DUE DATE SERVICE TIME

0  250  250   0   0  1824   0
11 472 189 30 322 502 90
588 316 286 30 542 722 90
908 462 167 20 502 682 90
738 444 313 20 397 577 90
755 400 286 10 157 337 90
253 473 196 10 513 693 90
167 412 214 10 165 345 90
365 337 241 20 278 458 90
70 389 300 10 239 419 90
466 375 191 30 412 592 90
619 423 214 20 542 722 90
779 461 167 10 411 591 90
515 399 301 30 519 699 90
199 320 262 10 530 710 90
963 371 193 20 133 313 90
87 337 251 10 87 267 90
801 374 190 20 228 408 90
613 320 283 30 356 536 90
194 452 163 30 219 399 90
976 421 292 20 176 356 90
565 359 179 20 407 587 90
69 337 256 20 87 267 90
495 344 262 20 463 643 90
928 417 217 30 354 534 90
655 415 289 20 169 349 90
112 443 246 20 475 655 90
228 402 265 20 246 426 90
796 343 254 20 274 454 90
456 357 181 20 314 494 90
947 316 284 20 450 630 90
997 332 249 30 82 262 90
299 477 179 20 237 417 90
508 443 237 20 193 373 90
449 479 176 20 241 421 90
899 467 285 20 314 494 90
107 404 264 20 338 518 90
836 335 255 20 85 265 90
289 466 287 10 406 586 90
309 463 194 20 220 400 90
702 319 260 20 438 618 90
726 371 192 30 135 315 90
940 439 312 30 200 380 90
99 406 285 20 344 524 90
649 407 280 10 534 714 90
162 406 257 10 526 706 90
84 457 163 20 225 405 90
254 445 237 10 285 465 90
585 339 244 30 185 365 90
337 318 280 20 262 442 90
798 423 286 20 363 543 90
120 335 243 20 371 551 90
339 394 333 20 439 619 90
293 413 217 20 169 349 90
734 402 264 20 155 335 90
487 460 288 10 213 393 90
336 436 237 20 186 366 90
704 402 284 30 250 430 90
638 321 277 10 75 255 90
952 420 213 10 449 629 90
3 355 177 20 129 309 90
776 403 262 30 430 610 90
590 316 258 20 253 433 90
152 444 242 10 381 561 90
924 311 266 10 63 243 90
599 400 288 30 154 334 90
546 484 174 10 430 610 90
561 240 250 10 282 462 90
629 441 265 40 282 462 90
521 334 240 30 464 644 90
255 461 284 10 218 398 90
890 467 195 10 224 404 90
166 393 301 30 423 603 90
602 484 177 20 337 517 90
694 342 254 10 183 363 90
224 315 260 10 160 340 90
457 395 332 10 531 711 90
155 312 264 20 65 245 90
759 488 173 20 524 704 90
623 400 260 40 150 330 90
36 245 251 10 5 185 90
438 234 246 10 470 650 90
402 355 180 30 222 402 90
279 376 195 10 506 686 90
854 388 331 20 160 340 90
573 320 280 10 170 350 90
193 367 178 20 505 685 90
496 390 301 10 330 510 90
542 415 216 10 261 441 90
51 424 286 10 454 634 90
523 444 269 20 479 659 90
10 410 285 20 438 618 90
829 450 265 10 381 561 90
951 341 257 20 367 547 90
435 436 264 20 186 366 90
783 388 334 20 163 343 90
721 476 196 30 420 600 90
714 243 248 30 189 369 90
458 423 290 10 269 449 90
534 446 319 30 300 480 90
611 439 310 10 198 378 90
861 391 334 20 346 526 90
807 443 313 30 488 668 90
498 236 247 20 377 557 90
231 385 295 20 142 322 90
591 425 288 10 546 726 90
250 439 266 10 190 370 90
183 248 251 20 2 182 90
72 321 280 30 79 259 90
987 376 190 30 320 500 90
312 317 261 20 346 526 90
572 465 287 10 497 677 90
663 244 250 10 97 277 90
1 387 297 10 145 325 90
660 352 176 20 126 306 90
867 458 164 20 316 496 90
640 389 334 20 254 434 90
