rc1_10_9

VEHICLE
NUMBER  CAPACITY
250   200

CUSTOMER
CUST NO. XCOORD. YCOORD. DEMAND READY TIME DUE DATE SERVICE TIME

0  250  250   0   0  1821   0
488 30 72 10 387 507 10
640 20 73 10 290 410 10
788 87 96 30 237 357 10
525 88 95 20 225 345 10
312 94 97 20 218 338 10
717 6 53 8 542 662 10
572 21 68 20 356 476 10
266 25 65 10 331 451 10
596 95 92 20 221 341 10
816 24 65 10 320 440 10
422 18 63 10 297 417 10
914 23 67 30 344 464 10
174 71 12 2 297 417 10
943 16 68 20 296 416 10
851 15 69 10 296 416 10
343 21 64 20 307 427 10
748 44 115 24 246 366 10
137 97 93 20 219 339 10
342 96 97 20 217 337 10
254 75 118 21 364 484 10
204 17 65 20 297 417 10
687 18 24 32 583 703 10
306 91 101 10 253 373 10
881 15 68 10 297 417 10
418 24 68 20 369 489 10
800 93 96 20 219 339 10
