rc1_10_9

VEHICLE
NUMBER  CAPACITY
250   200

CUSTOMER
CUST NO. XCOORD. YCOORD. DEMAND READY TIME DUE DATE SERVICE TIME

0  250  250   0   0  1821   0
145 66 88 2 785 905 10
241 65 62 15 931 1051 10
339 58 39 12 1118 1238 10
895 92 76 4 1094 1214 10
28 80 117 24 779 899 10
99 38 15 3 1046 1166 10
921 56 75 24 1393 1513 10
372 89 65 16 675 795 10
574 57 43 15 978 1098 10
438 1 101 8 1212 1332 10
410 30 7 23 1144 1264 10
942 52 18 28 812 932 10
73 26 67 15 1272 1392 10
156 79 80 19 1337 1457 10
79 60 29 32 1318 1438 10
394 64 5 14 1084 1204 10
559 21 70 15 726 846 10
506 60 5 18 999 1119 10
935 66 31 25 1003 1123 10
