rc2_10_1

VEHICLE
NUMBER  CAPACITY
250   1000

CUSTOMER
CUST NO. XCOORD. YCOORD. DEMAND READY TIME DUE DATE SERVICE TIME

0  250  250   0   0  7284   0
115 264 180 33 6723 6843 10
53 226 175 23 6775 6895 10
420 209 212 18 6111 6231 10
872 199 203 20 5829 5949 10
730 195 111 15 3992 4112 10
34 188 119 44 3899 4019 10
317 241 180 13 6778 6898 10
270 178 135 21 6055 6175 10
714 217 207 26 5530 5650 10
158 188 151 7 5187 5307 10
396 203 211 20 5226 5346 10
799 146 188 6 4940 5060 10
153 212 186 11 6886 7006 10
