rc1_10_5

VEHICLE
NUMBER   CAPACITY
250     200

CUSTOMER
CUST NO. XCOORD.  YCOORD.  DEMAND  READY TIME DUE DATE  SERVICE TIME

0   250    250     0     0    1821     0
529 384 149 18 1183 1242 10
360 376 190 30 139 211 10
602 376 195 10 160 231 10
159 386 154 31 1088 1144 10
52 375 191 30 164 200 10
363 374 232 33 125 166 10
588 359 182 20 197 252 10
531 308 199 14 1502 1544 10
412 397 153 29 872 922 10
951 389 156 27 707 755 10
162 371 192 30 134 162 10
806 379 196 20 177 241 10
877 405 187 34 1238 1293 10
143 371 193 20 133 157 10
350 357 181 20 127 212 10
778 409 155 19 185 207 10
85 355 174 33 677 784 10
405 364 173 30 166 225 10
74 358 183 20 213 284 10
580 303 186 10 1325 1413 10
820 404 140 8 1249 1298 10
514 361 181 20 169 256 10
285 344 203 14 141 223 10
379 399 175 13 741 782 10
517 359 179 20 142 213 10
478 365 190 22 1465 1519 10
519 401 164 13 603 669 10
38 391 202 14 148 187 10
927 352 176 20 126 182 10
954 371 200 10 210 268 10
192 350 199 21 1195 1238 10
883 360 184 10 207 265 10
135 374 190 20 137 216 10
273 355 177 20 127 150 10
669 320 211 16 985 1031 10
595 347 192 18 1478 1529 10
68 378 199 10 205 239 10
426 367 178 20 155 235 10
790 314 205 22 1504 1580 10
316 355 180 30 138 167 10
