rc1_10_6

VEHICLE
NUMBER  CAPACITY
250   200

CUSTOMER
CUST NO. XCOORD. YCOORD. DEMAND READY TIME DUE DATE SERVICE TIME

0  250  250   0   0  1821   0
992 340 291 22 455 515 10
87 316 284 20 110 170 10
93 273 300 30 55 115 10
11 313 282 20 148 208 10
389 315 287 30 133 193 10
402 316 286 30 122 182 10
114 356 256 19 106 166 10
542 321 277 10 75 135 10
983 318 280 20 82 142 10
644 365 274 14 117 177 10
989 343 276 15 96 156 10
771 320 280 10 76 136 10
792 321 280 30 77 137 10
556 359 287 24 115 175 10
275 306 235 25 57 117 10
393 320 283 30 96 156 10
