r1_10_3

VEHICLE
NUMBER  CAPACITY
250   200

CUSTOMER
CUST NO. XCOORD. YCOORD. DEMAND READY TIME DUE DATE SERVICE TIME

0  250  250   0   0  1925   0
477 415 118 19 0 1704 10
973 401 164 13 0 1742 10
767 321 149 18 0 1792 10
613 333 163 32 0 1795 10
584 351 128 15 0 1757 10
955 390 120 24 0 1724 10
139 409 155 19 0 1730 10
494 376 92 10 0 1713 10
661 382 110 24 0 1723 10
108 350 199 21 0 1803 10
471 354 156 20 0 1775 10
286 361 178 5 0 1783 10
904 376 113 8 0 1729 10
984 372 115 13 0 1734 10
572 297 131 25 0 1788 10
773 309 161 23 0 1809 10
112 345 146 27 0 1775 10
658 330 138 18 0 1778 10
129 325 147 14 0 1788 10
464 339 113 14 0 1752 10
153 367 97 17 0 1723 10
497 380 194 3 0 1774 10
987 331 134 11 0 1774 10
163 384 149 18 0 1748 10
686 355 174 33 0 1786 10
