c2_10_7

VEHICLE
NUMBER  CAPACITY
250   700

CUSTOMER
CUST NO. XCOORD. YCOORD. DEMAND READY TIME DUE DATE SERVICE TIME

0  250  250   0   0  3914   0
515 375 31 20 2136 2395 90
404 389 33 20 3038 3088 90
621 390 42 20 2435 2901 90
52 368 17 20 1814 2389 90
910 361 15 20 1975 2422 90
477 374 55 30 2785 2958 90
297 397 40 40 2249 2893 90
244 373 22 10 2036 2748 90
381 391 23 10 2325 3232 90
864 385 28 10 1933 2799 90
259 378 25 10 2086 2890 90
770 383 41 20 2314 3216 90
416 362 17 10 1535 2392 90
496 374 17 10 1406 2604 90
715 386 28 20 1892 3282 90
11 365 18 20 2036 2551 90
655 381 20 20 1655 2161 90
912 397 27 20 2224 2712 90
302 363 62 20 2533 3605 90
952 366 34 10 2042 2289 90
370 370 55 10 2370 3562 90
409 363 55 10 2681 3445 90
706 384 24 10 1962 3400 90
490 367 59 10 3045 3453 90
759 366 57 20 2883 3430 90
849 392 31 20 2930 3010 90
443 395 30 20 2459 3293 90
700 366 16 20 1655 2461 90
319 378 46 30 3101 3240 90
