c2_10_7

VEHICLE
NUMBER  CAPACITY
250   700

CUSTOMER
CUST NO. XCOORD. YCOORD. DEMAND READY TIME DUE DATE SERVICE TIME

0  250  250   0   0  3914   0
623 200 182 10 837 1630 90
886 184 178 10 1171 1897 90
539 221 179 20 227 671 90
472 229 214 20 41 767 90
601 212 168 20 649 1231 90
635 211 180 20 662 1013 90
970 217 189 20 357 930 90
610 220 192 20 65 780 90
971 197 178 20 824 1453 90
684 220 177 20 78 1366 90
525 173 169 10 1276 2000 90
376 211 188 10 301 1179 90
291 228 186 20 67 717 90
481 186 177 20 1264 1618 90
420 225 192 20 63 720 90
524 204 171 20 799 1278 90
103 184 188 10 1001 1679 90
