r1_10_1

VEHICLE
NUMBER   CAPACITY
250     200

CUSTOMER
CUST NO. XCOORD.  YCOORD.  DEMAND  READY TIME DUE DATE  SERVICE TIME

0   250    250     0     0    1925     0
455 213 283 14 1481 1491 10
148 161 276 8 143 153 10
753 225 269 30 1281 1291 10
12 260 472 33 1046 1056 10
15 164 320 12 1105 1115 10
141 291 251 20 41 51 10
932 187 263 35 64 74 10
451 274 442 17 1076 1086 10
161 263 418 25 288 298 10
802 301 239 31 52 62 10
461 215 282 21 1450 1460 10
549 175 352 12 1675 1685 10
697 235 288 18 40 50 10
559 286 244 31 1294 1304 10
856 243 402 13 415 425 10
253 246 314 36 1455 1465 10
96 262 369 15 139 149 10
35 250 328 24 259 269 10
328 235 316 2 666 676 10
237 294 421 26 1585 1595 10
407 295 283 26 903 913 10
589 306 229 10 1330 1340 10
283 330 281 14 1340 1350 10
272 278 450 29 1385 1395 10
299 221 291 9 56 66 10
751 268 288 26 1277 1287 10
122 181 260 23 69 79 10
457 283 438 3 241 251 10
687 228 260 12 1616 1626 10
65 299 285 3 1264 1274 10
721 214 274 24 1379 1389 10
306 286 356 30 111 121 10
641 202 391 30 634 644 10
630 222 331 10 550 560 10
844 221 269 14 1275 1285 10
664 162 301 16 1623 1633 10
695 306 235 25 57 67 10
117 201 278 13 56 66 10
28 273 300 30 55 65 10
489 195 273 22 59 69 10
770 180 283 23 754 764 10
213 211 248 26 39 49 10
289 153 244 5 118 128 10
540 340 291 22 480 490 10
743 285 247 13 1285 1295 10
851 237 420 15 1344 1354 10
412 244 422 14 548 558 10
898 218 271 16 1584 1594 10
897 247 443 17 340 350 10
567 230 487 20 1140 1150 10
700 226 423 15 207 217 10
183 211 411 15 1157 1167 10
586 157 269 31 1586 1596 10
671 257 391 22 1643 1653 10
877 274 261 20 1717 1727 10
527 244 277 18 1311 1321 10
320 291 213 23 1268 1278 10
353 211 446 15 1133 1143 10
866 240 240 35 1710 1720 10
744 248 386 22 388 398 10
239 230 320 8 1202 1212 10
21 343 276 15 96 106 10
970 273 255 18 1502 1512 10
710 261 359 10 109 119 10
425 245 461 8 659 669 10
26 210 276 5 47 57 10
201 293 228 19 48 58 10
371 179 318 2 1131 1141 10
834 217 357 23 1430 1440 10
445 268 351 7 1685 1695 10
61 261 201 15 1524 1534 10
432 225 488 28 646 656 10
14 266 221 9 33 43 10
925 231 410 14 1246 1256 10
541 272 234 26 1600 1610 10
854 233 230 20 26 36 10
487 280 245 21 30 40 10
411 179 286 8 351 361 10
282 174 347 3 1025 1035 10
581 244 368 25 424 434 10
374 307 412 8 414 424 10
796 209 212 18 1538 1548 10
704 247 306 33 56 66 10
606 175 239 23 75 85 10
811 267 374 23 611 621 10
713 333 293 27 627 637 10
516 217 207 26 1392 1402 10
548 268 458 24 533 543 10
97 218 403 15 1329 1339 10
346 283 454 14 1275 1285 10
712 318 280 21 74 84 10
99 228 399 14 596 606 10
264 167 291 27 1644 1654 10
247 247 219 17 31 41 10
850 239 486 3 1492 1502 10
77 225 369 38 121 131 10
352 222 499 7 855 865 10
775 228 287 21 43 53 10
74 298 264 36 50 60 10
182 216 341 19 664 674 10
238 208 445 22 1342 1352 10
440 277 428 7 500 510 10
908 256 441 34 191 201 10
893 226 316 21 70 80 10
651 169 305 21 172 182 10
911 287 256 18 37 47 10
799 279 355 9 176 186 10
450 284 457 17 1509 1519 10
257 295 247 12 1313 1323 10
278 297 283 28 1359 1369 10
607 217 333 26 421 431 10
706 289 220 19 49 59 10
915 159 299 12 1026 1036 10
873 214 311 14 70 80 10
517 162 306 22 129 139 10
831 307 249 10 1387 1397 10
478 240 255 33 1621 1631 10
926 199 438 3 1370 1380 10
532 190 267 36 1764 1774 10
635 330 308 24 1180 1190 10
501 229 322 11 1670 1680 10
1000 166 247 1 84 94 10
302 178 302 19 897 907 10
900 241 402 11 1035 1045 10
261 259 498 33 1085 1095 10
901 213 399 18 244 254 10
358 313 391 5 160 170 10
235 215 293 13 55 65 10
610 248 214 19 1489 1499 10
905 215 434 9 203 213 10
474 243 408 15 1444 1454 10
927 219 215 32 46 56 10
389 287 397 12 574 584 10
138 136 265 12 114 124 10
192 272 420 7 1396 1406 10
762 171 303 18 1599 1609 10
150 210 379 12 719 729 10
656 299 353 34 114 124 10
547 161 275 21 1357 1367 10
853 172 314 9 555 565 10
943 290 328 7 154 164 10
694 325 311 22 1332 1342 10
110 251 238 27 12 22 10
757 255 487 19 408 418 10
718 172 292 17 102 112 10
142 322 290 23 1489 1499 10
918 164 332 19 1290 1300 10
102 274 441 12 705 715 10
413 250 441 5 766 776 10
384 224 320 36 1294 1304 10
459 259 301 25 109 119 10
460 189 402 10 546 556 10
626 270 337 20 1793 1803 10
726 214 245 8 36 46 10
817 246 407 12 322 332 10
42 166 345 14 1140 1150 10
669 288 439 16 283 293 10
569 240 362 23 1424 1434 10
667 210 219 7 50 60 10
618 284 319 17 827 837 10
68 219 210 14 50 60 10
790 267 290 15 43 53 10
408 174 376 8 1429 1439 10
51 203 211 20 1316 1326 10
206 170 347 15 446 456 10
486 265 240 9 18 28 10
522 274 403 17 897 907 10
992 195 386 13 146 156 10
881 297 304 4 71 81 10
