rc1_10_4

VEHICLE
NUMBER  CAPACITY
250   200

CUSTOMER
CUST NO. XCOORD. YCOORD. DEMAND READY TIME DUE DATE SERVICE TIME

0  250  250   0   0  1821   0
518 388 334 20 0 1650 10
567 405 276 20 0 1654 10
738 360 284 19 0 1696 10
495 440 284 25 0 1618 10
296 297 283 28 0 1754 10
992 340 291 22 0 1713 10
237 331 356 13 0 1678 10
771 320 280 10 0 1735 10
402 316 286 30 0 1736 10
481 385 295 20 0 1669 10
81 407 280 10 0 1652 10
532 390 301 10 0 1662 10
843 487 320 21 0 1564 10
224 330 308 24 0 1713 10
250 434 359 13 0 1598 10
210 391 293 20 0 1664 10
24 371 332 14 0 1665 10
66 400 288 30 0 1657 10
693 441 273 20 0 1619 10
685 389 334 20 0 1649 10
597 368 311 14 0 1679 10
265 330 371 1 0 1666 10
928 490 286 29 0 1569 10
649 468 352 9 0 1571 10
269 307 249 10 0 1754 10
931 398 329 17 0 1644 10
11 313 282 20 0 1741 10
67 299 285 3 0 1751 10
544 406 285 20 0 1652 10
181 385 285 13 0 1672 10
430 374 306 4 0 1675 10
271 299 353 34 0 1697 10
960 393 301 30 0 1660 10
188 439 268 10 0 1622 10
542 321 277 10 0 1736 10
794 436 295 11 0 1620 10
894 389 300 10 0 1664 10
202 346 354 8 0 1670 10
275 306 235 25 0 1754 10
718 478 300 12 0 1578 10
483 445 273 20 0 1615 10
398 348 348 23 0 1673 10
983 318 280 20 0 1737 10
87 316 284 20 0 1737 10
341 410 285 20 0 1648 10
393 320 283 30 0 1734 10
545 391 334 20 0 1647 10
301 442 289 25 0 1616 10
678 386 245 16 0 1675 10
315 394 333 20 0 1645 10
854 390 249 21 0 1671 10
801 409 255 23 0 1652 10
631 394 322 12 0 1651 10
711 352 241 5 0 1709 10
527 306 229 10 0 1752 10
384 295 247 12 0 1766 10
516 444 271 10 0 1616 10
777 435 268 10 0 1626 10
691 402 281 20 0 1656 10
133 460 328 13 0 1587 10
472 395 295 20 0 1660 10
114 356 256 19 0 1705 10
764 450 265 10 0 1611 10
644 365 274 14 0 1694 10
416 390 294 20 0 1665 10
826 366 334 5 0 1668 10
26 441 265 40 0 1620 10
792 321 280 30 0 1734 10
389 315 287 30 0 1737 10
494 366 288 29 0 1689 10
556 359 287 24 0 1696 10
973 388 325 10 0 1654 10
912 489 338 17 0 1557 10
707 444 269 20 0 1617 10
329 408 279 20 0 1651 10
758 380 350 15 0 1647 10
722 371 315 18 0 1674 10
216 402 284 30 0 1656 10
146 395 332 10 0 1645 10
492 443 272 10 0 1617 10
201 390 325 30 0 1653 10
