r2_10_10

VEHICLE
NUMBER  CAPACITY
250   1000

CUSTOMER
CUST NO. XCOORD. YCOORD. DEMAND READY TIME DUE DATE SERVICE TIME

0  250  250   0   0  7697   0
863 436 467 12 2768 3240 10
346 288 439 16 937 1370 10
968 410 399 25 787 1204 10
904 418 399 20 1622 1999 10
85 422 498 5 2546 3110 10
434 470 417 11 2762 3253 10
413 274 441 12 2593 3083 10
183 263 418 25 999 1348 10
128 457 492 7 1933 2251 10
653 262 369 15 364 790 10
688 491 369 28 2753 3204 10
641 381 457 28 1736 2149 10
567 331 356 13 2664 3150 10
282 255 487 19 1377 1926 10
755 489 437 29 2644 3131 10
843 268 458 24 1893 2411 10
382 250 441 5 2856 3310 10
250 299 353 34 251 661 10
760 441 374 10 691 1216 10
840 429 389 18 1522 1991 10
621 448 404 15 2200 2711 10
988 413 391 8 639 1218 10
481 334 403 26 468 929 10
592 429 476 23 2151 2556 10
976 277 428 7 1889 2154 10
18 398 476 25 1470 1994 10
334 481 454 14 1077 1607 10
532 354 416 10 2565 2990 10
271 334 481 32 1131 1633 10
419 379 486 22 2578 2916 10
578 347 459 25 1760 2195 10
33 447 383 17 696 1206 10
162 468 360 16 919 1394 10
747 330 371 1 2056 2532 10
391 351 481 10 1083 1612 10
936 345 431 12 1208 1671 10
163 332 459 35 1306 1764 10
358 404 439 3 745 1286 10
276 371 423 10 550 1138 10
564 376 385 12 499 978 10
332 366 334 5 1453 1949 10
218 245 461 8 2394 2920 10
263 471 368 19 1556 1989 10
837 475 352 33 1031 1568 10
301 340 416 36 1095 1594 10
940 468 352 9 2880 3385 10
573 489 457 13 1091 1559 10
872 313 391 5 416 901 10
677 387 349 9 434 918 10
351 382 360 26 562 982 10
554 497 483 12 1238 1710 10
24 371 488 10 2138 2643 10
982 370 493 22 2110 2580 10
341 494 468 31 1270 1669 10
286 267 374 23 2274 2652 10
766 312 453 6 2044 2474 10
221 307 412 8 1435 1914 10
439 448 495 40 1356 1833 10
172 360 488 19 1084 1560 10
389 287 397 12 2077 2558 10
615 368 452 16 2448 3032 10
269 286 356 30 211 685 10
388 450 416 25 2115 2620 10
61 453 360 13 696 1152 10
972 479 387 13 1358 1942 10
352 406 460 2 2662 3211 10
164 469 489 4 2096 2468 10
836 414 378 23 1809 2270 10
468 328 458 17 2856 3406 10
38 328 491 21 2544 3002 10
517 329 456 19 794 1318 10
201 374 346 27 1474 2015 10
198 247 443 17 1121 1642 10
543 438 488 18 1114 1624 10
551 395 474 26 1341 1875 10
817 473 491 23 1476 1950 10
569 256 441 34 542 987 10
197 373 421 21 761 1258 10
849 279 355 9 528 922 10
489 283 438 3 756 1215 10
927 405 349 15 1938 2360 10
