rc2_10_2

VEHICLE
NUMBER   CAPACITY
250     1000

CUSTOMER
CUST NO. XCOORD.  YCOORD.  DEMAND  READY TIME DUE DATE  SERVICE TIME

0   250    250     0     0    7284     0
587 69 336 20 0 7074 10
319 80 251 14 1214 1334 10
193 60 231 32 4104 4224 10
993 3 292 20 1022 1142 10
945 92 236 20 0 7116 10
879 53 204 8 4220 4340 10
930 86 268 10 869 989 10
919 61 214 4 1367 1487 10
742 93 235 10 0 7117 10
424 91 268 10 978 1098 10
805 88 287 30 1054 1174 10
988 34 239 16 876 996 10
696 52 303 25 1765 1885 10
369 40 304 16 0 7058 10
684 90 232 10 0 7113 10
75 30 302 10 1066 1186 10
613 90 274 20 717 837 10
163 64 294 12 0 7083 10
995 18 225 8 0 7041 10
47 41 232 16 821 941 10
305 111 178 18 566 686 10
497 72 227 25 0 7095 10
307 25 307 10 998 1118 10
937 35 304 30 870 990 10
728 0 297 10 1171 1291 10
286 91 235 10 1076 1196 10
433 33 278 18 5949 6069 10
509 146 313 22 0 7153 10
822 67 335 20 967 1087 10
160 38 301 20 1182 1302 10
923 80 286 10 896 1016 10
830 67 334 20 923 1043 10
43 111 192 11 0 7124 10
130 44 344 12 4318 4438 10
40 80 290 10 790 910 10
575 1 293 10 1071 1191 10
535 8 300 10 1423 1543 10
907 19 273 25 0 7042 10
139 29 336 22 1326 1446 10
60 71 333 10 775 895 10
842 5 281 16 0 7028 10
30 83 300 26 0 7100 10
355 95 234 10 653 773 10
45 88 286 10 1010 1130 10
818 133 273 20 0 7155 10
152 62 326 20 1145 1265 10
857 24 259 19 0 7048 10
623 51 286 14 5836 5956 10
19 7 300 30 1379 1499 10
970 13 214 21 5414 5534 10
505 71 282 29 2567 2687 10
615 35 306 20 918 1038 10
425 103 177 28 0 7110 10
221 33 286 11 6184 6304 10
251 118 314 26 0 7128 10
14 102 264 10 535 655 10
902 16 287 12 1083 1203 10
243 0 293 30 1115 1235 10
979 131 246 17 0 7155 10
469 35 303 20 0 7053 10
449 85 288 20 728 848 10
304 100 266 20 586 706 10
18 92 233 10 0 7116 10
536 105 181 19 6125 6245 10
811 7 292 10 0 7028 10
513 44 311 27 1630 1750 10
421 6 292 10 970 1090 10
367 89 290 20 0 7109 10
627 92 230 20 755 875 10
382 6 296 10 0 7026 10
97 5 297 10 0 7025 10
772 89 185 16 2399 2519 10
737 95 277 20 1098 1218 10
77 96 270 20 649 769 10
601 66 336 10 1013 1133 10
100 2 295 30 1223 1343 10
334 73 328 20 714 834 10
562 120 261 5 3173 3293 10
177 7 194 29 0 7025 10
786 47 208 30 906 1026 10
295 0 356 13 4345 4465 10
381 63 336 20 0 7069 10
635 89 272 10 766 886 10
900 92 232 10 707 827 10
845 90 296 20 606 726 10
882 56 268 28 4256 4376 10
583 104 349 20 4037 4157 10
64 92 259 4 0 7116 10
645 30 301 10 1110 1230 10
887 91 231 30 801 921 10
127 0 188 26 3728 3848 10
414 87 285 30 964 1084 10
823 92 270 20 1027 1147 10
50 86 199 23 1111 1231 10
116 94 235 20 0 7118 10
395 95 235 10 563 683 10
511 37 281 17 0 7059 10
203 91 266 10 930 1050 10
496 13 314 14 975 1095 10
869 69 334 30 824 944 10
817 130 247 17 0 7154 10
569 32 319 21 0 7046 10
618 79 291 10 835 955 10
791 96 346 26 741 861 10
86 97 288 22 5136 5256 10
408 92 234 10 0 7116 10
803 90 285 40 1105 1225 10
766 12 358 7 4897 5017 10
134 89 270 10 814 934 10
688 57 183 15 4401 4521 10
