c1_10_9

VEHICLE
NUMBER  CAPACITY
250   200

CUSTOMER
CUST NO. XCOORD. YCOORD. DEMAND READY TIME DUE DATE SERVICE TIME

0  250  250   0   0  1824   0
272 323 118 20 156 516 90
520 299 98 30 162 522 90
884 282 139 20 115 475 90
32 297 102 10 155 515 90
985 284 140 40 115 475 90
774 279 159 20 97 457 90
305 279 138 40 121 481 90
306 338 147 10 135 495 90
321 319 124 20 253 613 90
30 281 137 10 213 573 90
5 286 159 20 383 743 90
357 304 97 20 257 617 90
353 317 123 20 345 705 90
686 304 102 30 352 712 90
410 288 154 10 288 648 90
343 344 146 10 332 692 90
478 285 158 30 193 553 90
758 280 162 30 92 452 90
504 343 144 10 146 506 90
941 300 108 10 150 510 90
856 281 164 20 91 451 90
760 326 118 10 152 512 90
766 343 148 20 240 600 90
136 286 137 10 308 668 90
388 324 127 30 143 503 90
294 338 142 40 139 499 90
