r1_10_9

VEHICLE
NUMBER  CAPACITY
250   200

CUSTOMER
CUST NO. XCOORD. YCOORD. DEMAND READY TIME DUE DATE SERVICE TIME

0  250  250   0   0  1925   0
77 225 369 38 121 217 10
742 29 358 23 600 652 10
937 118 314 26 333 373 10
677 5 445 30 313 359 10
886 3 471 13 716 736 10
873 214 311 14 70 96 10
663 181 441 25 530 584 10
249 167 488 17 252 306 10
413 250 441 5 741 801 10
982 48 437 4 782 855 10
293 163 472 9 649 688 10
178 148 462 10 718 766 10
838 36 301 21 219 276 10
640 13 314 14 245 313 10
893 226 316 21 70 171 10
99 228 399 14 553 649 10
897 247 443 17 319 372 10
453 112 433 29 229 285 10
312 67 352 20 373 403 10
66 142 372 18 162 245 10
243 79 467 22 351 382 10
754 50 383 20 241 309 10
299 221 291 9 50 111 10
901 213 399 18 210 287 10
944 96 346 26 181 266 10
770 180 283 23 734 784 10
843 10 407 36 421 477 10
566 13 465 31 755 823 10
875 164 473 26 286 337 10
946 176 470 14 523 600 10
379 80 458 30 349 422 10
744 248 386 22 353 433 10
585 71 282 29 614 700 10
442 44 311 27 404 440 10
808 77 465 11 275 334 10
504 63 420 19 501 569 10
328 235 316 2 642 699 10
418 44 496 32 376 458 10
520 94 497 31 765 829 10
651 169 305 21 149 204 10
263 53 466 9 322 379 10
775 228 287 21 43 103 10
956 80 357 1 529 562 10
700 226 423 15 174 279 10
145 7 382 27 741 829 10
459 259 301 25 98 129 10
350 37 281 17 458 559 10
136 93 413 17 226 283 10
856 243 402 13 393 448 10
964 16 287 12 258 314 10
234 135 400 20 257 371 10
757 255 487 19 384 441 10
335 55 318 13 283 370 10
563 100 266 5 445 525 10
581 244 368 25 395 463 10
607 217 333 26 398 454 10
681 59 388 20 645 710 10
50 132 477 25 315 369 10
582 90 477 18 277 347 10
737 26 342 12 293 378 10
496 72 477 46 288 368 10
977 49 437 7 427 457 10
841 95 382 19 211 282 10
630 222 331 10 518 592 10
45 32 319 21 386 446 10
992 195 386 13 146 198 10
182 216 341 19 639 699 10
439 152 476 45 513 563 10
57 130 494 6 730 817 10
779 208 488 22 446 539 10
373 149 341 6 377 461 10
167 20 480 25 551 620 10
432 225 488 28 638 664 10
608 62 375 16 335 392 10
190 11 403 18 334 382 10
150 210 379 12 693 755 10
206 170 347 15 414 487 10
723 120 261 5 786 831 10
80 132 479 11 257 302 10
375 68 450 18 620 676 10
199 126 391 19 257 319 10
425 245 461 8 614 714 10
495 83 300 26 487 542 10
817 246 407 12 291 363 10
708 137 377 23 169 214 10
220 67 378 26 461 509 10
211 105 474 27 449 523 10
489 195 273 22 59 105 10
327 150 484 16 592 689 10
138 136 265 12 114 177 10
160 68 303 22 200 272 10
73 77 372 19 211 270 10
203 182 480 31 328 431 10
544 87 311 7 174 209 10
517 162 306 22 104 165 10
484 185 434 9 563 615 10
593 12 367 27 302 380 10
905 215 434 9 187 246 10
156 48 293 22 264 318 10
717 13 394 15 352 423 10
654 65 343 38 207 262 10
462 166 440 12 207 267 10
148 161 276 8 123 173 10
59 69 423 32 786 848 10
804 133 273 20 119 203 10
235 215 293 13 55 114 10
543 71 304 19 680 729 10
545 207 487 4 655 753 10
597 102 422 23 226 307 10
518 48 366 29 731 786 10
820 134 276 15 118 211 10
574 44 440 24 766 841 10
117 201 278 13 56 137 10
365 146 376 8 220 279 10
959 52 303 25 444 469 10
460 189 402 10 508 595 10
853 172 314 9 535 585 10
367 29 336 22 305 389 10
208 124 448 6 377 391 10
476 141 426 23 529 563 10
641 202 391 30 612 665 10
816 46 389 22 246 296 10
908 256 441 34 191 260 10
958 61 441 27 553 564 10
878 133 455 25 790 856 10
411 179 286 8 330 382 10
858 66 314 26 194 235 10
308 154 392 9 171 230 10
35 250 328 24 232 296 10
363 94 344 26 675 720 10
251 136 430 14 679 771 10
395 185 431 15 356 448 10
738 139 438 24 218 290 10
718 172 292 17 89 124 10
324 93 490 2 360 429 10
412 244 422 14 534 571 10
9 83 290 14 576 670 10
704 247 306 33 56 97 10
