r2_10_7

VEHICLE
NUMBER   CAPACITY
250     1000

CUSTOMER
CUST NO. XCOORD.  YCOORD.  DEMAND  READY TIME DUE DATE  SERVICE TIME

0   250    250     0     0    7697     0
455 250 57 26 0 7494 10
12 48 162 15 0 7467 10
141 232 101 24 1324 1564 10
932 7 82 25 1586 1826 10
756 165 59 27 3711 3951 10
193 236 126 23 379 619 10
22 143 158 12 0 7546 10
461 91 27 14 4667 4907 10
697 9 101 16 0 7404 10
339 206 97 33 1732 1972 10
80 177 156 25 0 7568 10
376 225 121 18 0 7556 10
267 172 66 18 0 7488 10
253 239 15 2 0 7452 10
84 128 113 22 0 7504 10
10 57 43 15 0 7404 10
507 172 24 17 5749 5989 10
437 174 122 14 0 7539 10
960 135 30 12 0 7439 10
962 235 33 30 0 7470 10
696 21 70 15 3025 3265 10
328 200 27 22 0 7459 10
418 51 89 19 0 7432 10
360 44 140 11 3413 3653 10
683 257 57 18 0 7494 10
237 188 119 44 3839 4079 10
407 32 94 14 3661 3901 10
613 89 65 16 2821 3061 10
104 98 2 14 2307 2547 10
765 44 115 24 865 1105 10
906 66 31 25 0 7401 10
995 79 80 19 0 7446 10
891 60 29 32 0 7396 10
394 33 152 17 5220 5460 10
305 87 3 13 0 7392 10
497 142 30 32 0 7442 10
499 193 138 30 0 7562 10
663 125 61 26 2387 2627 10
558 16 68 11 0 7391 10
721 46 163 8 0 7466 10
52 15 11 15 0 7352 10
570 120 37 28 0 7438 10
433 66 163 6 1522 1762 10
672 187 73 18 0 7500 10
967 30 7 23 4694 4934 10
966 21 146 21 0 7436 10
117 108 37 23 0 7432 10
118 1 101 8 4969 5209 10
258 144 35 26 0 7448 10
518 157 38 3 0 7456 10
535 188 151 7 0 7571 10
300 224 56 13 0 7492 10
331 202 28 22 3677 3917 10
743 178 135 21 0 7552 10
851 142 80 12 1908 2148 10
859 30 155 9 5062 5302 10
166 174 41 15 0 7465 10
842 124 111 15 0 7500 10
723 253 74 20 5340 5580 10
477 251 63 14 3890 4130 10
30 39 162 18 0 7459 10
648 210 81 2 0 7514 10
634 60 5 18 4115 4355 10
275 178 150 33 0 7564 10
480 132 32 18 0 7440 10
45 62 94 16 0 7443 10
619 224 3 10 0 7439 10
527 25 53 23 4020 4260 10
857 68 160 21 0 7484 10
970 109 56 27 0 7448 10
146 218 12 3 2116 2356 10
505 102 6 3 0 7402 10
143 64 135 11 3413 3653 10
628 68 53 16 0 7419 10
826 132 151 22 0 7533 10
711 140 137 32 2219 2459 10
781 186 135 24 0 7556 10
309 173 65 12 1734 1974 10
608 238 123 24 0 7560 10
446 233 87 18 950 1190 10
925 114 102 21 0 7487 10
243 209 68 27 0 7501 10
939 87 51 35 0 7430 10
541 200 78 31 0 7508 10
62 34 169 11 0 7457 10
701 158 24 18 2385 2625 10
777 71 12 2 1112 1352 10
366 201 66 14 0 7497 10
325 198 85 28 990 1230 10
796 64 5 14 0 7380 10
987 253 118 19 2129 2369 10
521 210 113 28 0 7545 10
147 110 122 14 0 7498 10
41 168 109 10 757 997 10
591 125 65 17 0 7464 10
525 235 108 12 4258 4498 10
963 63 155 7 0 7478 10
712 242 106 28 0 7543 10
737 18 24 32 2453 2693 10
470 147 30 26 4375 4615 10
666 75 118 21 0 7468 10
182 41 120 22 2724 2964 10
238 100 85 14 0 7465 10
985 241 38 16 2067 2307 10
601 120 17 30 0 7421 10
774 58 39 12 4592 4832 10
644 105 140 27 608 848 10
617 171 34 21 4512 4752 10
609 187 61 19 2120 2360 10
173 156 65 22 4089 4329 10
706 95 64 4 3004 3244 10
70 191 84 13 0 7511 10
915 43 135 31 0 7451 10
786 215 79 5 0 7513 10
841 92 76 4 4496 4736 10
240 26 67 15 0 7398 10
831 235 13 27 0 7450 10
868 19 38 15 3329 3569 10
17 94 40 24 4212 4452 10
295 130 140 17 0 7525 10
133 103 123 8 1899 2139 10
524 140 108 29 0 7508 10
44 45 166 22 0 7466 10
922 195 111 15 3932 4172 10
491 253 50 27 0 7487 10
845 49 118 3 0 7447 10
901 142 14 18 0 7428 10
362 39 153 26 0 7455 10
485 52 18 28 0 7382 10
763 244 13 24 3992 4232 10
905 196 56 15 0 7486 10
236 24 71 11 1324 1564 10
310 245 42 24 2129 2369 10
860 240 34 28 6178 6418 10
545 30 97 23 4781 5021 10
114 179 75 13 2900 3140 10
526 210 133 15 0 7564 10
169 92 18 8 0 7407 10
138 174 67 15 0 7489 10
784 150 68 23 0 7480 10
656 149 98 4 0 7505 10
473 168 59 6 0 7480 10
16 3 23 11 1506 1746 10
824 178 72 23 2967 3207 10
814 80 117 24 0 7472 10
383 210 29 13 4143 4383 10
883 65 62 15 3846 4086 10
746 171 24 11 0 7448 10
918 38 15 3 0 7371 10
670 215 129 17 4414 4654 10
971 212 47 20 0 7481 10
158 151 81 28 0 7492 10
460 67 24 10 0 7397 10
981 104 28 8 0 7422 10
579 66 88 2 0 7442 10
909 65 82 13 2898 3138 10
504 98 29 14 4126 4366 10
595 117 110 13 0 7494 10
326 138 28 23 4326 4566 10
51 6 53 8 0 7374 10
180 105 137 32 0 7504 10
789 100 66 15 0 7450 10
565 231 29 14 4845 5085 10
48 56 75 24 0 7426 10
486 265 0 10 0 7437 10
375 48 150 15 0 7462 10
