rc1_10_10

VEHICLE
NUMBER  CAPACITY
250   200

CUSTOMER
CUST NO. XCOORD. YCOORD. DEMAND READY TIME DUE DATE SERVICE TIME

0  250  250   0   0  1821   0
166 186 135 24 658 808 10
944 195 185 20 85 235 10
501 226 191 20 63 213 10
760 228 199 10 74 224 10
453 238 204 20 47 197 10
955 153 235 10 98 248 10
344 238 210 30 74 224 10
124 210 185 20 76 226 10
234 219 215 32 46 196 10
476 176 199 28 89 239 10
706 224 192 10 63 213 10
605 231 203 20 50 200 10
189 149 214 7 422 572 10
929 247 219 17 31 181 10
808 202 186 20 91 241 10
388 177 156 25 119 269 10
695 234 202 10 50 200 10
859 237 213 10 87 237 10
386 233 204 20 49 199 10
206 224 203 20 53 203 10
959 206 186 10 128 278 10
199 148 208 22 466 616 10
763 231 195 20 58 208 10
272 236 213 20 39 189 10
314 208 184 20 78 228 10
584 173 182 25 102 252 10
754 201 188 10 79 229 10
660 233 207 10 46 196 10
753 199 187 20 81 231 10
607 231 204 20 90 240 10
248 224 191 20 64 214 10
261 238 203 10 48 198 10
5 230 197 40 62 212 10
864 213 185 21 74 224 10
686 241 205 30 58 208 10
904 143 158 12 141 291 10
346 200 178 20 87 237 10
961 204 187 30 115 265 10
500 204 185 20 103 253 10
293 225 196 10 59 209 10
