r1_10_10

VEHICLE
NUMBER  CAPACITY
250   200

CUSTOMER
CUST NO. XCOORD. YCOORD. DEMAND READY TIME DUE DATE SERVICE TIME

0  250  250   0   0  1925   0
144 181 185 19 1580 1678 10
632 226 175 23 1656 1761 10
634 223 178 20 1090 1212 10
428 68 160 21 1090 1212 10
316 57 43 15 966 1111 10
492 63 155 7 915 1044 10
795 138 28 23 1048 1176 10
815 202 28 22 903 995 10
625 197 202 29 1161 1277 10
824 68 240 11 731 887 10
2 67 190 25 1104 1272 10
279 120 37 28 700 881 10
231 13 214 21 1292 1446 10
31 52 18 28 835 909 10
383 104 28 8 1450 1526 10
158 65 62 15 936 1047 10
51 203 211 20 1239 1404 10
143 57 183 15 1049 1182 10
867 46 163 8 877 1005 10
173 248 176 32 1344 1488 10
214 212 186 11 1687 1787 10
69 64 198 10 1044 1162 10
980 188 151 7 1255 1369 10
627 125 65 17 728 878 10
521 110 122 14 1464 1584 10
157 64 135 11 820 947 10
636 140 108 29 1022 1151 10
699 178 135 21 1477 1581 10
415 195 111 15 973 1053 10
63 146 188 6 1189 1311 10
441 64 5 14 1098 1190 10
48 0 188 26 860 1035 10
416 26 221 28 947 1075 10
792 131 246 17 793 902 10
338 91 27 14 1151 1242 10
443 165 59 27 909 1007 10
865 151 81 28 1498 1647 10
798 156 65 22 966 1138 10
503 67 24 10 978 1088 10
895 102 6 3 1423 1524 10
197 45 166 22 960 1096 10
966 53 204 8 1028 1112 10
976 149 98 4 1101 1260 10
666 80 117 24 789 890 10
643 224 56 13 1122 1280 10
298 83 169 21 722 862 10
857 117 110 13 933 1055 10
577 132 32 18 744 855 10
665 1 101 8 1207 1337 10
323 134 194 19 1607 1727 10
472 171 24 11 1324 1473 10
519 209 68 27 1533 1633 10
290 153 192 13 821 940 10
162 147 30 26 1055 1192 10
801 32 94 14 862 1028 10
513 235 108 12 1040 1150 10
240 157 38 3 1016 1109 10
79 117 178 28 1079 1186 10
647 46 248 9 784 873 10
529 30 97 23 1168 1283 10
715 62 94 16 911 1020 10
938 60 29 32 1319 1437 10
427 191 84 13 815 950 10
993 172 24 17 1416 1519 10
514 174 67 15 1233 1317 10
382 6 196 20 1160 1277 10
552 21 70 15 744 829 10
747 172 66 18 1260 1376 10
516 217 207 26 1328 1466 10
614 100 66 15 1339 1490 10
499 238 123 24 737 856 10
393 49 118 3 1027 1145 10
528 105 181 19 1473 1620 10
999 19 38 15 786 939 10
942 94 40 24 1010 1156 10
398 142 30 32 1165 1356 10
832 30 155 9 1237 1353 10
179 44 140 11 829 938 10
985 111 192 11 1152 1277 10
246 124 111 15 737 871 10
151 60 231 32 997 1085 10
281 206 174 14 779 850 10
855 79 80 19 1351 1444 10
491 95 64 4 733 829 10
500 188 119 44 921 1059 10
638 94 192 1 1038 1152 10
356 26 67 15 1277 1387 10
82 245 176 20 1174 1325 10
623 200 78 31 972 1043 10
387 98 29 14 1003 1121 10
81 201 66 14 1108 1256 10
200 92 18 8 1072 1206 10
354 30 7 23 1161 1247 10
800 206 172 29 738 867 10
882 7 194 29 882 1050 10
604 66 31 25 1001 1126 10
147 174 41 15 1263 1374 10
729 199 203 20 1410 1535 10
707 23 235 43 982 1095 10
252 38 15 3 1041 1172 10
609 82 183 17 1020 1214 10
1 171 34 21 1101 1215 10
483 142 14 18 764 936 10
39 60 5 18 999 1118 10
807 77 172 23 745 856 10
556 66 88 2 756 933 10
30 25 53 23 974 1096 10
701 15 11 15 899 1035 10
603 56 75 24 1385 1521 10
588 39 153 26 743 882 10
990 51 89 19 1156 1291 10
796 209 212 18 1489 1597 10
591 92 76 4 1076 1231 10
997 215 129 17 1076 1192 10
135 5 224 19 1027 1112 10
429 212 47 20 761 871 10
940 33 152 17 1254 1416 10
27 58 39 12 1113 1242 10
106 241 180 13 1616 1803 10
385 87 3 13 1392 1504 10
242 61 170 20 959 1082 10
137 210 29 13 1013 1118 10
