rc1_10_5

VEHICLE
NUMBER  CAPACITY
250   200

CUSTOMER
CUST NO. XCOORD. YCOORD. DEMAND READY TIME DUE DATE SERVICE TIME

0  250  250   0   0  1821   0
379 399 175 13 741 782 10
192 350 199 21 1195 1238 10
136 463 253 23 1046 1078 10
956 428 202 24 893 945 10
595 347 192 18 1478 1529 10
226 482 184 14 1108 1136 10
648 498 171 12 1231 1311 10
801 409 255 23 1525 1549 10
669 320 211 16 985 1031 10
541 359 246 18 1406 1470 10
368 246 314 36 1451 1470 10
590 244 277 18 1272 1360 10
214 286 244 31 1252 1345 10
711 352 241 5 776 839 10
284 330 281 14 1327 1364 10
85 355 174 33 677 784 10
863 381 328 12 699 766 10
790 314 205 22 1504 1580 10
299 500 228 8 758 835 10
269 307 249 10 1379 1405 10
115 264 180 33 1602 1740 10
36 440 292 24 919 991 10
427 225 269 30 1272 1300 10
178 322 290 23 1480 1507 10
677 385 239 21 769 833 10
478 365 190 22 1465 1519 10
207 426 231 24 1001 1086 10
722 371 315 18 1164 1198 10
184 492 335 10 818 868 10
224 330 308 24 1129 1241 10
191 429 169 8 890 945 10
604 441 177 23 994 1038 10
912 489 338 17 1381 1443 10
795 274 261 20 1696 1747 10
495 440 284 25 827 907 10
291 291 213 23 1247 1298 10
757 272 234 26 1587 1624 10
877 405 187 34 1238 1293 10
447 458 213 22 1130 1156 10
650 418 251 21 1183 1241 10
600 497 266 25 743 783 10
338 360 294 9 1422 1443 10
580 303 186 10 1325 1413 10
430 374 306 4 993 1025 10
834 284 319 17 806 858 10
247 455 168 21 847 916 10
718 478 300 12 897 912 10
384 295 247 12 1298 1339 10
735 228 260 12 1580 1662 10
296 297 283 28 1333 1396 10
531 308 199 14 1502 1544 10
222 370 262 15 1090 1138 10
527 306 229 10 1310 1360 10
775 475 267 7 742 848 10
181 385 285 13 877 888 10
631 394 322 12 995 1084 10
67 299 285 3 1247 1290 10
843 487 320 21 818 927 10
597 368 311 14 900 982 10
