c1_10_5

VEHICLE
NUMBER  CAPACITY
250   200

CUSTOMER
CUST NO. XCOORD. YCOORD. DEMAND READY TIME DUE DATE SERVICE TIME

0  250  250   0   0  1824   0
734 402 264 20 187 303 90
976 421 292 20 204 329 90
99 406 285 20 375 492 90
649 407 280 10 563 684 90
10 410 285 20 457 599 90
166 393 301 30 463 564 90
515 399 301 30 557 662 90
51 424 286 10 488 600 90
496 390 301 10 359 482 90
704 402 284 30 267 412 90
940 439 312 30 230 350 90
783 388 334 20 193 314 90
231 385 295 20 142 306 90
655 415 289 20 169 331 90
107 404 264 20 371 485 90
1 387 297 10 187 283 90
738 444 313 20 440 534 90
458 423 290 10 304 414 90
599 400 288 30 154 300 90
798 423 286 20 407 499 90
534 446 319 30 345 435 90
623 400 260 40 150 237 90
611 439 310 10 198 342 90
640 389 334 20 282 406 90
228 402 265 20 261 410 90
807 443 313 30 521 635 90
591 425 288 10 578 694 90
70 389 300 10 267 390 90
755 400 286 10 187 306 90
457 395 332 10 568 673 90
861 391 334 20 376 496 90
776 403 262 30 466 574 90
854 388 331 20 160 303 90
339 394 333 20 454 605 90
