rc1_10_4

VEHICLE
NUMBER  CAPACITY
250   200

CUSTOMER
CUST NO. XCOORD. YCOORD. DEMAND READY TIME DUE DATE SERVICE TIME

0  250  250   0   0  1821   0
721 344 62 10 0 1601 10
371 323 29 7 0 1579 10
441 253 50 27 0 1611 10
94 269 112 19 0 1672 10
259 253 74 20 0 1635 10
762 305 107 20 0 1658 10
884 307 102 40 0 1653 10
502 330 138 18 0 1674 10
676 335 57 30 0 1601 10
866 319 124 20 0 1668 10
118 268 52 10 0 1613 10
22 347 54 10 0 1593 10
474 339 60 20 0 1602 10
565 262 92 25 0 1653 10
558 282 1 18 0 1560 10
751 342 54 20 0 1595 10
870 299 98 30 0 1652 10
674 374 116 9 0 1629 10
568 277 50 10 0 1610 10
940 224 56 13 0 1616 10
570 344 70 24 0 1608 10
819 347 62 10 0 1600 10
636 304 102 30 0 1654 10
69 325 147 14 0 1684 10
528 273 55 20 0 1615 10
769 331 134 11 0 1670 10
781 341 72 9 0 1612 10
849 275 42 30 0 1602 10
654 281 96 1 0 1654 10
564 292 32 14 0 1589 10
578 236 126 23 0 1687 10
470 341 59 27 0 1600 10
787 324 127 30 0 1668 10
385 235 33 30 0 1594 10
557 297 131 25 0 1684 10
326 297 102 10 0 1656 10
400 330 147 28 0 1681 10
490 324 99 10 0 1643 10
322 364 71 5 0 1599 10
175 343 49 10 0 1590 10
852 267 44 20 0 1605 10
142 343 62 10 0 1602 10
765 273 149 14 0 1708 10
646 351 5 12 0 1546 10
533 300 108 10 0 1661 10
810 269 46 20 0 1607 10
21 307 108 10 0 1658 10
54 242 106 28 0 1667 10
264 323 118 20 0 1661 10
720 303 78 12 0 1632 10
236 365 74 24 0 1601 10
933 317 123 20 0 1668 10
96 371 71 21 0 1595 10
997 335 99 25 0 1638 10
169 274 48 10 0 1608 10
129 325 56 13 0 1604 10
209 265 0 10 0 1561 10
981 270 49 30 0 1610 10
908 365 28 9 0 1561 10
699 269 48 20 0 1609 10
797 275 45 20 0 1605 10
235 326 118 10 0 1659 10
982 337 41 8 0 1585 10
941 343 47 20 0 1588 10
836 240 34 28 0 1595 10
652 251 63 14 0 1624 10
643 352 63 6 0 1598 10
51 314 124 20 0 1670 10
