c2_10_3

VEHICLE
NUMBER  CAPACITY
250   700

CUSTOMER
CUST NO. XCOORD. YCOORD. DEMAND READY TIME DUE DATE SERVICE TIME

0  250  250   0   0  3914   0
611 426 279 30 3112 3272 90
320 420 311 30 893 1053 90
498 446 297 10 2232 2392 90
85 439 297 30 2043 2203 90
966 444 309 20 2425 2585 90
520 420 308 30 709 869 90
594 440 295 30 2136 2296 90
322 418 300 10 611 771 90
123 448 302 20 2327 2487 90
46 429 282 20 3018 3178 90
411 428 298 30 1654 1814 90
670 412 300 20 515 675 90
293 406 286 10 3314 3474 90
