rc2_10_2

VEHICLE
NUMBER   CAPACITY
250     1000

CUSTOMER
CUST NO. XCOORD.  YCOORD.  DEMAND  READY TIME DUE DATE  SERVICE TIME

0   250    250     0     0    7284     0
94 269 112 19 0 7135 10
849 275 42 30 950 1070 10
836 240 34 28 6238 6358 10
652 251 63 14 3950 4070 10
209 265 0 10 3584 3704 10
797 275 45 20 0 7068 10
558 282 1 18 4170 4290 10
568 277 50 10 791 911 10
715 233 87 18 1010 1130 10
118 268 52 10 1222 1342 10
730 195 111 15 3992 4112 10
540 253 118 19 2189 2309 10
810 269 46 20 1074 1194 10
723 200 78 31 0 7095 10
441 253 50 27 903 1023 10
994 209 68 27 6272 6392 10
940 224 56 13 0 7079 10
852 267 44 20 1023 1143 10
435 257 57 18 4904 5024 10
699 269 48 20 1122 1242 10
528 273 55 20 725 845 10
54 242 106 28 5074 5194 10
190 187 73 18 1168 1288 10
564 292 32 14 917 1037 10
259 253 74 20 5400 5520 10
750 239 15 2 2415 2535 10
186 231 29 14 4905 5025 10
633 238 123 24 3124 3244 10
169 274 48 10 845 965 10
413 210 29 13 4203 4323 10
981 270 49 30 1168 1288 10
565 262 92 25 0 7116 10
385 235 33 30 5348 5468 10
