r1_10_8

VEHICLE
NUMBER  CAPACITY
250   200

CUSTOMER
CUST NO. XCOORD. YCOORD. DEMAND READY TIME DUE DATE SERVICE TIME

0  250  250   0   0  1925   0
685 33 268 18 696 726 10
739 12 358 7 1224 1254 10
566 13 465 31 774 804 10
178 148 462 10 727 757 10
379 80 458 30 371 401 10
373 149 341 6 404 434 10
597 102 422 23 226 256 10
468 76 462 18 956 986 10
390 107 374 8 914 944 10
495 83 300 26 500 530 10
909 174 397 32 1245 1275 10
392 51 286 14 1459 1489 10
321 178 420 18 1071 1101 10
496 72 477 46 288 318 10
733 40 304 16 1145 1175 10
571 0 422 8 821 851 10
946 176 470 14 547 577 10
476 141 426 23 531 561 10
880 115 395 11 815 845 10
335 55 318 13 312 342 10
982 48 437 4 804 834 10
777 35 344 21 863 893 10
754 50 383 20 260 290 10
479 162 388 11 1126 1156 10
843 10 407 36 434 464 10
700 226 423 15 197 227 10
525 56 268 28 1064 1094 10
708 137 377 23 169 199 10
50 132 477 25 327 357 10
24 91 427 14 883 913 10
243 79 467 22 351 381 10
190 11 403 18 343 373 10
659 48 412 7 1032 1062 10
748 92 259 4 399 429 10
681 59 388 20 663 693 10
425 245 461 8 649 679 10
62 59 276 11 892 922 10
136 93 413 17 226 256 10
23 28 467 34 1343 1373 10
923 138 406 8 1216 1246 10
224 78 406 15 960 990 10
80 132 479 11 257 287 10
958 61 441 27 544 574 10
481 69 414 6 1263 1293 10
365 146 376 8 234 264 10
249 167 488 17 252 282 10
897 247 443 17 330 360 10
759 34 329 2 1043 1073 10
177 29 462 17 1310 1340 10
992 195 386 13 146 176 10
