r1_10_9

VEHICLE
NUMBER   CAPACITY
250     200

CUSTOMER
CUST NO. XCOORD.  YCOORD.  DEMAND  READY TIME DUE DATE  SERVICE TIME

0   250    250     0     0    1925     0
205 44 344 12 1073 1116 10
22 104 349 20 988 1061 10
404 91 326 4 942 1014 10
816 46 389 22 246 296 10
759 34 329 2 1032 1085 10
59 69 423 32 786 848 10
919 88 484 5 1475 1536 10
80 132 479 11 257 302 10
742 29 358 23 600 652 10
468 76 462 18 930 1011 10
593 12 367 27 302 380 10
380 84 377 10 911 972 10
418 44 496 32 376 458 10
121 64 437 11 914 953 10
167 20 480 25 551 620 10
24 91 427 14 855 940 10
220 67 378 26 461 509 10
363 94 344 26 675 720 10
923 138 406 8 1195 1267 10
830 89 322 21 999 1072 10
574 44 440 24 766 841 10
518 48 366 29 731 786 10
349 122 422 3 1445 1498 10
693 103 464 22 1263 1312 10
312 67 352 20 373 403 10
481 69 414 6 1242 1314 10
958 61 441 27 553 564 10
982 48 437 4 782 855 10
677 5 445 30 313 359 10
859 58 391 16 860 935 10
166 89 358 23 1230 1295 10
659 48 412 7 1024 1071 10
739 12 358 7 1228 1250 10
32 27 444 22 1058 1132 10
520 94 497 31 765 829 10
57 130 494 6 730 817 10
769 26 442 23 1330 1388 10
880 115 395 11 788 872 10
768 84 453 19 1199 1277 10
66 142 372 18 162 245 10
251 136 430 14 679 771 10
88 49 353 15 1416 1507 10
3 80 400 10 1440 1483 10
476 141 426 23 529 563 10
263 53 466 9 322 379 10
608 62 375 16 335 392 10
243 79 467 22 351 382 10
717 13 394 15 352 423 10
754 50 383 20 241 309 10
211 105 474 27 449 523 10
961 36 451 15 874 933 10
777 35 344 21 857 900 10
453 112 433 29 229 285 10
367 29 336 22 305 389 10
284 67 451 5 1214 1247 10
23 28 467 34 1316 1399 10
430 80 337 28 1126 1142 10
843 10 407 36 421 477 10
886 3 471 13 716 736 10
582 90 477 18 277 347 10
73 77 372 19 211 270 10
737 26 342 12 293 378 10
145 7 382 27 741 829 10
596 43 360 2 826 874 10
390 107 374 8 896 962 10
708 137 377 23 169 214 10
738 139 438 24 218 290 10
944 96 346 26 181 266 10
285 27 464 21 1272 1340 10
136 93 413 17 226 283 10
379 80 458 30 349 422 10
177 29 462 17 1293 1357 10
841 95 382 19 211 282 10
190 11 403 18 334 382 10
654 65 343 38 207 262 10
274 90 496 13 1361 1459 10
365 146 376 8 220 279 10
551 51 360 13 1135 1184 10
171 111 392 18 1146 1222 10
860 142 360 20 1504 1590 10
698 0 356 13 1090 1112 10
566 13 465 31 755 823 10
199 126 391 19 257 319 10
50 132 477 25 315 369 10
16 52 412 22 1388 1453 10
224 78 406 15 959 992 10
956 80 357 1 529 562 10
808 77 465 11 275 334 10
496 72 477 46 288 368 10
977 49 437 7 427 457 10
504 63 420 19 501 569 10
878 133 455 25 790 856 10
571 0 422 8 808 864 10
324 93 490 2 360 429 10
681 59 388 20 645 710 10
597 102 422 23 226 307 10
688 114 460 14 1079 1123 10
375 68 450 18 620 676 10
208 124 448 6 377 391 10
234 135 400 20 257 371 10
