r2_10_9

VEHICLE
NUMBER  CAPACITY
250   1000

CUSTOMER
CUST NO. XCOORD. YCOORD. DEMAND READY TIME DUE DATE SERVICE TIME

0  250  250   0   0  7697   0
361 330 138 18 4134 4862 10
603 303 186 10 5209 5744 10
336 217 207 26 5222 5958 10
589 333 163 32 4769 5273 10
299 269 112 19 4875 5346 10
576 306 229 10 5176 5507 10
3 290 145 5 4884 5488 10
775 197 202 29 4742 5008 10
994 203 211 20 5009 5562 10
670 215 129 17 4302 4766 10
535 188 151 7 5053 5440 10
157 327 139 13 4937 5241 10
582 320 211 16 3804 4257 10
467 325 147 14 4540 5074 10
190 245 176 20 4840 5157 10
679 291 213 23 4908 5274 10
606 223 178 20 4496 4715 10
127 297 131 25 4493 4950 10
