r2_10_4

VEHICLE
NUMBER  CAPACITY
250   1000

CUSTOMER
CUST NO. XCOORD. YCOORD. DEMAND READY TIME DUE DATE SERVICE TIME

0  250  250   0   0  7697   0
990 391 112 24 0 7490 10
690 351 128 15 0 7529 10
3 290 145 5 0 7575 10
685 355 174 33 0 7558 10
830 321 149 18 0 7564 10
31 361 178 5 0 7555 10
408 401 164 13 0 7514 10
370 335 99 25 0 7514 10
534 367 97 17 0 7495 10
409 376 113 8 0 7501 10
622 390 120 24 0 7496 10
528 339 113 14 0 7524 10
598 324 99 10 0 7519 10
429 372 115 13 0 7506 10
675 339 144 13 0 7549 10
365 354 156 20 0 7547 10
900 382 110 24 0 7495 10
185 365 119 30 0 7513 10
862 404 140 8 0 7498 10
467 325 147 14 0 7560 10
68 374 116 9 0 7505 10
965 318 99 35 0 7522 10
369 386 154 31 0 7521 10
94 375 145 12 0 7524 10
797 371 163 21 0 7538 10
792 372 97 13 0 7492 10
942 347 184 15 0 7570 10
311 384 149 18 0 7520 10
361 330 138 18 0 7550 10
632 351 148 30 0 7544 10
216 292 136 28 0 7566 10
