r2_10_5

VEHICLE
NUMBER   CAPACITY
250     1000

CUSTOMER
CUST NO. XCOORD.  YCOORD.  DEMAND  READY TIME DUE DATE  SERVICE TIME

0   250    250     0     0    7697     0
455 250 57 26 2933 3173 10
756 165 59 27 3711 3951 10
339 206 97 33 1732 1972 10
267 172 66 18 5151 5391 10
253 239 15 2 2355 2595 10
507 172 24 17 5749 5989 10
962 235 33 30 5288 5528 10
328 200 27 22 2039 2279 10
683 257 57 18 4844 5084 10
672 187 73 18 1108 1348 10
300 224 56 13 4686 4926 10
331 202 28 22 3677 3917 10
166 174 41 15 5154 5394 10
723 253 74 20 5340 5580 10
477 251 63 14 3890 4130 10
648 210 81 2 1536 1776 10
619 224 3 10 2702 2942 10
146 218 12 3 2116 2356 10
546 273 70 36 2417 2657 10
309 173 65 12 1734 1974 10
446 233 87 18 950 1190 10
243 209 68 27 6212 6452 10
541 200 78 31 3911 4151 10
366 201 66 14 4607 4847 10
325 198 85 28 990 1230 10
985 241 38 16 2067 2307 10
617 171 34 21 4512 4752 10
609 187 61 19 2120 2360 10
70 191 84 13 3408 3648 10
786 215 79 5 834 1074 10
831 235 13 27 1375 1615 10
491 253 50 27 843 1083 10
763 244 13 24 3992 4232 10
905 196 56 15 2378 2618 10
310 245 42 24 2129 2369 10
860 240 34 28 6178 6418 10
114 179 75 13 2900 3140 10
138 174 67 15 4979 5219 10
473 168 59 6 1404 1644 10
824 178 72 23 2967 3207 10
383 210 29 13 4143 4383 10
746 171 24 11 5474 5714 10
971 212 47 20 3144 3384 10
565 231 29 14 4845 5085 10
486 265 0 10 3524 3764 10
