r2_10_5

VEHICLE
NUMBER   CAPACITY
250     1000

CUSTOMER
CUST NO. XCOORD.  YCOORD.  DEMAND  READY TIME DUE DATE  SERVICE TIME

0   250    250     0     0    7697     0
461 91 27 14 4667 4907 10
960 135 30 12 1838 2078 10
613 89 65 16 2821 3061 10
104 98 2 14 2307 2547 10
906 66 31 25 4134 4374 10
305 87 3 13 5672 5912 10
497 142 30 32 4924 5164 10
663 125 61 26 2387 2627 10
570 120 37 28 3041 3281 10
117 108 37 23 2138 2378 10
258 144 35 26 839 1079 10
518 157 38 3 4131 4371 10
634 60 5 18 4115 4355 10
480 132 32 18 3078 3318 10
970 109 56 27 839 1079 10
505 102 6 3 5774 6014 10
939 87 51 35 1997 2237 10
701 158 24 18 2385 2625 10
777 71 12 2 1112 1352 10
796 64 5 14 4456 4696 10
591 125 65 17 3094 3334 10
470 147 30 26 4375 4615 10
238 100 85 14 1344 1584 10
601 120 17 30 1056 1296 10
173 156 65 22 4089 4329 10
706 95 64 4 3004 3244 10
841 92 76 4 4496 4736 10
17 94 40 24 4212 4452 10
901 142 14 18 3281 3521 10
169 92 18 8 4437 4677 10
784 150 68 23 1631 1871 10
460 67 24 10 4014 4254 10
981 104 28 8 5832 6072 10
504 98 29 14 4126 4366 10
326 138 28 23 4326 4566 10
789 100 66 15 5539 5779 10
