r2_10_1

VEHICLE
NUMBER   CAPACITY
250     1000

CUSTOMER
CUST NO. XCOORD.  YCOORD.  DEMAND  READY TIME DUE DATE  SERVICE TIME

0   250    250     0     0    7697     0
452 225 269 30 5082 5205 10
913 257 133 19 3418 3600 10
303 230 320 8 4770 4887 10
957 248 386 22 1510 1636 10
229 359 246 18 5725 5777 10
95 240 255 33 6404 6604 10
493 297 304 4 227 345 10
716 299 285 3 4991 5160 10
993 287 256 18 61 239 10
802 211 248 26 69 243 10
816 144 220 35 365 517 10
348 267 162 6 5800 5913 10
294 213 283 14 5885 6002 10
490 191 215 17 211 338 10
454 318 280 21 254 340 10
59 159 226 16 314 439 10
849 279 355 9 695 756 10
542 330 281 14 5336 5427 10
652 337 232 2 6266 6418 10
593 161 275 21 5370 5524 10
471 131 246 17 3348 3429 10
741 159 299 12 4067 4178 10
805 213 185 21 233 366 10
870 308 199 14 5986 6201 10
317 120 261 5 3154 3312 10
4 340 291 22 1893 1991 10
307 235 316 2 2616 2751 10
283 149 214 7 1911 2066 10
313 267 290 15 111 236 10
937 370 262 15 4371 4545 10
220 298 264 36 147 253 10
286 267 374 23 2425 2501 10
281 217 357 23 5671 5808 10
752 222 331 10 2158 2279 10
210 216 341 19 2613 2738 10
349 195 273 22 156 320 10
72 215 293 13 128 315 10
139 235 288 18 83 244 10
400 181 185 19 6436 6594 10
289 325 210 15 3717 3870 10
898 265 240 9 21 123 10
739 289 220 19 145 248 10
32 261 138 1 2491 2575 10
662 181 260 23 219 338 10
557 214 274 24 5490 5583 10
951 219 215 32 116 259 10
323 217 333 26 1633 1776 10
520 297 283 28 5386 5529 10
338 224 320 36 5187 5202 10
921 291 251 20 129 200 10
442 311 203 15 2892 3008 10
402 267 174 34 6470 6596 10
372 240 362 23 5665 5765 10
89 166 247 1 291 382 10
576 306 229 10 5287 5396 10
806 172 292 17 370 485 10
671 179 318 2 4519 4567 10
818 210 219 7 134 271 10
880 259 301 25 383 528 10
503 247 219 17 81 169 10
320 330 308 24 4687 4797 10
36 187 263 35 191 324 10
397 134 276 15 538 648 10
19 307 249 10 5511 5622 10
553 199 203 20 5851 5928 10
269 286 356 30 354 542 10
710 240 240 35 6820 6897 10
170 250 328 24 1001 1108 10
371 356 256 19 337 513 10
539 270 337 20 7160 7222 10
973 167 291 27 6546 6649 10
251 273 300 30 153 288 10
87 246 314 36 5773 5910 10
6 273 255 18 5968 6088 10
994 203 211 20 5241 5330 10
947 206 172 29 3131 3293 10
692 273 149 14 5987 6154 10
350 233 230 20 26 199 10
37 130 247 17 423 538 10
76 153 244 5 460 523 10
487 268 288 26 5075 5181 10
411 228 260 12 6450 6514 10
469 133 273 20 419 535 10
494 244 368 25 1648 1785 10
181 284 319 17 3270 3384 10
704 306 235 25 172 291 10
624 301 239 31 169 248 10
606 223 178 20 4566 4645 10
782 176 199 28 302 416 10
421 175 239 23 256 351 10
284 169 305 21 663 752 10
137 241 180 13 6789 6887 10
548 221 291 9 184 305 10
364 226 316 21 234 328 10
582 320 211 16 3985 4076 10
73 343 276 15 321 451 10
145 293 174 31 279 420 10
653 262 369 15 513 641 10
850 266 221 9 80 185 10
77 176 200 17 2266 2394 10
775 197 202 29 4784 4966 10
848 229 322 11 6635 6767 10
508 352 241 5 3178 3280 10
165 248 176 32 5579 5753 10
580 272 234 26 6353 6489 10
9 295 283 26 3538 3728 10
390 285 247 13 5063 5256 10
603 303 186 10 5422 5531 10
100 264 180 33 6720 6845 10
738 263 153 12 1628 1791 10
679 291 213 23 5018 5163 10
944 209 212 18 6142 6200 10
191 251 238 27 12 119 10
27 261 201 15 6060 6172 10
190 245 176 20 4943 5055 10
929 333 293 27 2494 2563 10
381 219 210 14 152 252 10
386 225 369 38 432 541 10
912 215 282 21 5764 5879 10
896 244 277 18 5204 5326 10
336 217 207 26 5538 5642 10
750 257 391 22 6547 6637 10
235 162 306 22 494 580 10
20 179 286 8 1380 1469 10
131 172 314 9 2169 2314 10
583 214 311 14 225 341 10
519 374 260 27 7081 7238 10
39 161 276 8 476 711 10
113 231 167 15 246 435 10
946 201 278 13 170 282 10
887 190 267 36 7024 7126 10
187 180 283 23 2963 3107 10
230 314 205 22 6086 6249 10
867 110 251 23 2007 2095 10
58 322 290 23 5920 6031 10
415 212 186 11 6893 6999 10
547 214 245 8 97 193 10
50 295 247 12 5212 5335 10
943 206 174 14 3201 3318 10
179 221 269 14 5064 5179 10
116 280 245 21 85 158 10
207 325 311 22 5290 5409 10
807 228 287 21 97 248 10
594 365 274 14 395 545 10
154 268 351 7 6698 6822 10
839 286 244 31 5150 5242 10
384 178 302 19 3553 3659 10
273 226 175 23 6798 6871 10
203 261 359 10 401 476 10
279 153 235 10 324 462 10
888 248 214 19 5955 5999 10
977 290 328 7 555 714 10
658 366 260 23 6048 6234 10
667 171 303 18 6334 6501 10
426 162 301 16 6423 6601 10
329 157 269 31 6317 6414 10
983 136 265 12 390 530 10
803 293 228 19 133 253 10
984 247 306 33 182 266 10
950 274 261 20 6817 6959 10
184 218 271 16 6280 6429 10
881 351 233 21 5692 5811 10
605 264 135 1 3525 3630 10
316 210 276 5 138 243 10
