c2_10_5

VEHICLE
NUMBER  CAPACITY
250   700

CUSTOMER
CUST NO. XCOORD. YCOORD. DEMAND READY TIME DUE DATE SERVICE TIME

0  250  250   0   0  3914   0
885 438 72 10 1018 1338 90
726 420 78 20 1318 1638 90
147 428 64 20 1121 1441 90
988 426 85 10 547 867 90
450 425 85 10 456 776 90
233 432 80 40 828 1148 90
853 427 64 30 1212 1532 90
757 425 118 10 219 539 90
530 425 87 20 364 684 90
957 425 99 20 231 551 90
789 414 66 30 1512 1832 90
516 426 80 20 642 962 90
989 415 73 20 1415 1735 90
953 429 80 20 735 1055 90
72 414 62 10 1606 1926 90
5 435 77 20 922 1242 90
345 420 95 30 265 585 90
