c2_10_2

VEHICLE
NUMBER   CAPACITY
250     700

CUSTOMER
CUST NO. XCOORD.  YCOORD.  DEMAND  READY TIME DUE DATE  SERVICE TIME

0   250    250     0     0    3914     0
148 403 361 10 1452 1612 90
15 252 347 10 2911 3071 90
303 375 342 10 939 1099 90
227 277 434 20 1427 1587 90
292 221 374 30 1130 1290 90
132 400 364 30 570 730 90
348 239 373 10 1905 2065 90
800 413 353 10 1650 1810 90
549 346 487 10 1808 1968 90
697 404 346 10 0 3643 90
600 254 335 10 3013 3173 90
879 416 364 20 1938 2098 90
339 393 368 10 472 632 90
31 220 394 10 2783 2943 90
835 378 326 30 160 320 90
689 383 351 20 167 327 90
652 261 371 20 978 1138 90
969 314 436 10 2101 2261 90
507 399 379 20 2960 3120 90
96 266 373 10 793 953 90
805 391 373 10 0 3637 90
260 401 385 20 2864 3024 90
960 264 365 10 1255 1415 90
962 233 346 20 2711 2871 90
175 331 486 10 2003 2163 90
676 260 330 40 3203 3363 90
500 318 493 10 825 985 90
537 432 369 10 2147 2307 90
735 345 496 20 1407 1567 90
889 395 365 30 0 3639 90
589 368 325 30 139 299 90
335 229 396 30 2882 3042 90
47 229 364 10 2512 2672 90
394 361 337 50 363 523 90
305 277 431 30 0 3641 90
115 222 381 20 0 3691 90
178 326 498 10 1021 1181 90
361 332 486 20 1912 2072 90
53 341 367 30 2530 2690 90
558 336 479 20 2198 2358 90
157 251 376 10 3186 3346 90
159 386 357 20 1433 1593 90
687 267 436 30 3007 3167 90
509 360 338 10 272 432 90
630 269 428 20 1145 1305 90
672 329 459 10 2885 3045 90
858 298 430 30 469 629 90
117 311 496 10 0 3571 90
118 220 384 10 2683 2843 90
43 329 471 30 2783 2943 90
246 358 359 20 2639 2799 90
489 347 479 10 2389 2549 90
130 368 340 10 461 621 90
67 277 371 30 595 755 90
907 262 352 10 0 3722 90
730 322 454 20 320 480 90
312 232 378 20 2194 2354 90
400 378 363 30 1749 1909 90
958 241 362 10 2410 2570 90
680 220 362 20 1331 1491 90
218 275 431 10 0 3642 90
722 369 351 20 0 3668 90
301 327 483 20 2098 2258 90
851 300 443 10 1996 2156 90
195 395 378 10 1636 1796 90
847 292 456 20 0 3614 90
810 283 425 20 0 3646 90
436 412 361 10 1748 1908 90
825 400 376 40 0 3629 90
338 297 430 20 378 538 90
89 346 344 10 3212 3372 90
354 275 448 10 2902 3062 90
353 340 449 10 3080 3240 90
744 279 436 20 0 3636 90
419 316 453 20 224 384 90
269 386 344 20 0 3659 90
200 294 455 30 2426 2586 90
146 241 375 10 1998 2158 90
584 234 383 10 0 3691 90
26 377 356 10 0 3659 90
221 361 349 10 3016 3176 90
834 289 452 20 2798 2958 90
826 290 416 30 0 3654 90
61 236 361 30 1713 1873 90
456 344 478 20 2296 2456 90
692 291 450 10 2705 2865 90
350 284 360 30 309 469 90
359 370 353 10 746 906 90
446 391 334 20 1047 1207 90
939 359 371 10 0 3662 90
979 247 447 10 3120 3280 90
149 257 336 10 0 3738 90
541 413 350 10 0 3633 90
854 372 354 30 1941 2101 90
282 222 356 20 1608 1768 90
494 263 351 10 1545 1705 90
479 325 490 10 923 1083 90
366 348 466 20 0 3587 90
374 258 350 20 1822 1982 90
347 367 358 30 2133 2293 90
521 254 357 20 0 3717 90
536 364 364 20 0 3663 90
577 253 382 10 3090 3250 90
448 276 428 20 1048 1208 90
782 297 442 20 1812 1972 90
78 272 365 30 693 853 90
702 353 346 20 3114 3274 90
364 317 467 20 424 584 90
99 220 379 10 0 3692 90
264 357 445 20 0 3602 90
93 418 385 30 2757 2917 90
73 278 357 10 212 372 90
79 418 355 20 2037 2197 90
653 302 470 20 2227 2387 90
916 366 352 10 2830 2990 90
311 414 384 10 0 3613 90
352 279 369 10 0 3702 90
775 244 371 20 2310 2470 90
182 242 350 10 2811 2971 90
238 280 423 10 951 1111 90
580 366 341 20 553 713 90
9 294 437 30 661 821 90
390 265 358 20 1352 1512 90
820 310 484 30 626 786 90
475 401 368 20 664 824 90
651 278 329 10 83 243 90
731 241 391 30 2985 3145 90
403 261 350 10 0 3724 90
242 332 491 30 1211 1371 90
463 352 500 30 1505 1665 90
54 410 364 30 1842 2002 90
614 299 442 10 1904 2064 90
679 428 384 10 2444 2604 90
764 250 367 20 2113 2273 90
120 349 476 10 2483 2643 90
512 409 361 30 0 3631 90
929 290 425 30 280 440 90
133 355 480 20 1616 1776 90
501 399 352 10 1260 1420 90
840 351 480 30 0 3573 90
491 261 370 30 1069 1229 90
845 233 441 20 0 3633 90
362 386 361 30 1527 1687 90
357 434 377 10 2345 2505 90
434 338 489 30 1308 1468 90
827 277 369 30 0 3702 90
20 259 355 20 1917 2077 90
519 239 369 30 1811 1971 90
991 320 476 30 0 3588 90
625 298 438 10 567 727 90
927 290 440 40 1621 1781 90
185 360 356 10 2733 2893 90
682 365 360 20 2040 2200 90
887 345 468 10 2677 2837 90
566 394 356 30 0 3646 90
187 262 368 30 1162 1322 90
169 358 365 30 2326 2486 90
230 366 346 20 648 808 90
998 298 456 30 2332 2492 90
110 406 339 20 295 455 90
16 403 390 10 2560 2720 90
807 234 350 10 2617 2777 90
746 263 372 10 886 1046 90
245 255 371 40 2209 2369 90
413 404 378 10 0 3624 90
106 389 342 10 1145 1305 90
126 220 359 30 1424 1584 90
105 373 364 20 3170 3330 90
460 314 449 30 209 369 90
279 290 417 10 0 3653 90
342 280 351 30 116 276 90
42 292 445 10 1716 1876 90
669 412 367 20 960 1120 90
981 292 434 10 755 915 90
262 402 362 20 0 3636 90
878 222 357 30 0 3714 90
86 394 367 30 380 540 90
326 293 454 20 0 3616 90
649 363 351 20 2923 3083 90
874 328 498 20 1113 1273 90
184 268 351 10 0 3722 90
208 337 453 30 0 3604 90
385 384 346 20 1331 1491 90
523 434 382 30 2250 2410 90
