rc2_10_4

VEHICLE
NUMBER  CAPACITY
250   1000

CUSTOMER
CUST NO. XCOORD. YCOORD. DEMAND READY TIME DUE DATE SERVICE TIME

0  250  250   0   0  7284   0
521 399 106 20 0 7067 10
903 399 102 20 0 7064 10
736 399 104 10 0 7066 10
861 409 88 20 0 7048 10
820 404 140 8 0 7085 10
814 391 99 20 0 7068 10
180 398 103 30 0 7066 10
804 415 95 15 0 7048 10
455 407 88 10 0 7049 10
824 411 95 30 0 7051 10
523 407 98 10 0 7056 10
33 390 120 24 0 7083 10
205 391 112 24 0 7077 10
103 382 110 24 0 7082 10
112 429 67 16 0 7019 10
267 406 96 20 0 7055 10
978 437 98 16 0 7034 10
674 374 116 9 0 7092 10
239 403 93 10 0 7055 10
321 406 94 10 0 7054 10
841 404 103 20 0 7062 10
670 400 103 10 0 7064 10
445 404 83 30 0 7047 10
673 432 66 30 0 7016 10
