r2_10_5

VEHICLE
NUMBER  CAPACITY
250   1000

CUSTOMER
CUST NO. XCOORD. YCOORD. DEMAND READY TIME DUE DATE SERVICE TIME

0  250  250   0   0  7697   0
361 330 138 18 4378 4618 10
690 351 128 15 4953 5193 10
926 350 199 21 4746 4986 10
3 290 145 5 5066 5306 10
589 333 163 32 4901 5141 10
157 327 139 13 4969 5209 10
675 339 144 13 4336 4576 10
606 223 178 20 4485 4725 10
50 295 247 12 5154 5394 10
679 291 213 23 4971 5211 10
390 285 247 13 5039 5279 10
190 245 176 20 4879 5119 10
576 306 229 10 5221 5461 10
942 347 184 15 4255 4495 10
467 325 147 14 4687 4927 10
949 331 134 11 4435 4675 10
965 318 99 35 4791 5031 10
603 303 186 10 5357 5597 10
127 297 131 25 4602 4842 10
839 286 244 31 5076 5316 10
