c2_10_2

VEHICLE
NUMBER  CAPACITY
250   700

CUSTOMER
CUST NO. XCOORD. YCOORD. DEMAND READY TIME DUE DATE SERVICE TIME

0  250  250   0   0  3914   0
301 327 483 20 2098 2258 90
264 357 445 20 0 3602 90
991 320 476 30 0 3588 90
489 347 479 10 2389 2549 90
887 345 468 10 2677 2837 90
200 294 455 30 2426 2586 90
834 289 452 20 2798 2958 90
927 290 440 40 1621 1781 90
117 311 496 10 0 3571 90
840 351 480 30 0 3573 90
826 290 416 30 0 3654 90
354 275 448 10 2902 3062 90
366 348 466 20 0 3587 90
782 297 442 20 1812 1972 90
549 346 487 10 1808 1968 90
208 337 453 30 0 3604 90
218 275 431 10 0 3642 90
672 329 459 10 2885 3045 90
558 336 479 20 2198 2358 90
133 355 480 20 1616 1776 90
851 300 443 10 1996 2156 90
687 267 436 30 3007 3167 90
326 293 454 20 0 3616 90
998 298 456 30 2332 2492 90
43 329 471 30 2783 2943 90
847 292 456 20 0 3614 90
120 349 476 10 2483 2643 90
810 283 425 20 0 3646 90
353 340 449 10 3080 3240 90
614 299 442 10 1904 2064 90
42 292 445 10 1716 1876 90
692 291 450 10 2705 2865 90
979 247 447 10 3120 3280 90
653 302 470 20 2227 2387 90
305 277 431 30 0 3641 90
175 331 486 10 2003 2163 90
361 332 486 20 1912 2072 90
279 290 417 10 0 3653 90
456 344 478 20 2296 2456 90
744 279 436 20 0 3636 90
969 314 436 10 2101 2261 90
