c1_10_9

VEHICLE
NUMBER   CAPACITY
250     200

CUSTOMER
CUST NO. XCOORD.  YCOORD.  DEMAND  READY TIME DUE DATE  SERVICE TIME

0   250    250     0     0    1824     0
668 344 62 10 1061 1421 90
467 356 21 20 253 613 90
205 406 87 10 788 1148 90
292 408 84 10 599 959 90
319 343 49 10 500 860 90
229 361 14 10 532 892 90
716 389 11 20 558 918 90
529 398 97 10 212 572 90
128 346 60 10 876 1236 90
665 379 82 10 675 1035 90
989 399 104 10 685 1045 90
437 406 94 10 223 583 90
696 404 83 30 693 1053 90
151 370 83 20 208 568 90
792 339 60 20 209 569 90
875 384 16 20 746 1106 90
163 377 76 20 489 849 90
693 389 17 10 841 1201 90
931 368 85 30 202 562 90
730 361 17 20 625 985 90
300 406 99 20 222 582 90
333 358 18 10 346 706 90
677 399 102 20 502 862 90
659 363 22 20 814 1174 90
631 356 23 20 250 610 90
921 398 103 30 593 953 90
780 391 99 20 206 566 90
340 366 93 20 782 1142 90
26 379 80 20 583 943 90
691 347 62 10 968 1328 90
88 366 20 10 721 1081 90
639 358 16 30 438 798 90
37 409 88 20 505 865 90
76 356 24 20 249 609 90
479 406 96 20 219 579 90
137 370 82 40 299 659 90
93 397 18 10 367 727 90
582 407 98 10 218 578 90
145 343 47 20 592 952 90
470 397 20 20 275 635 90
182 398 20 20 273 633 90
165 346 57 20 783 1143 90
601 393 20 20 1026 1386 90
514 403 93 10 976 1336 90
173 367 83 30 203 563 90
917 399 106 20 777 1137 90
706 386 13 10 652 1012 90
386 335 57 30 210 570 90
259 342 54 20 405 765 90
901 341 58 10 219 579 90
965 404 103 20 317 677 90
204 409 90 20 413 773 90
232 394 23 20 1106 1466 90
762 391 18 10 933 1293 90
998 375 80 10 394 754 90
110 362 22 20 905 1265 90
746 407 88 10 879 1239 90
203 393 12 10 464 824 90
719 411 95 30 318 678 90
42 357 26 20 1002 1362 90
909 340 54 10 313 673 90
803 347 54 10 690 1050 90
108 398 23 10 270 630 90
874 343 62 10 1152 1512 90
740 400 103 10 411 771 90
