c1_10_9

VEHICLE
NUMBER   CAPACITY
250     200

CUSTOMER
CUST NO. XCOORD.  YCOORD.  DEMAND  READY TIME DUE DATE  SERVICE TIME

0   250    250     0     0    1824     0
216 58 458 10 558 918 90
490 21 488 10 516 876 90
96 54 430 20 451 811 90
492 67 452 30 272 632 90
237 58 449 30 838 1198 90
75 57 432 10 823 1183 90
178 60 454 10 742 1102 90
570 55 449 20 278 638 90
690 18 462 20 873 1233 90
664 18 484 10 329 689 90
489 21 487 10 425 785 90
752 53 440 10 478 838 90
349 59 457 30 649 1009 90
400 54 445 10 383 743 90
219 65 453 30 277 637 90
275 52 432 20 636 996 90
436 24 492 10 1043 1403 90
866 12 463 20 596 956 90
176 63 444 20 935 1295 90
91 55 428 20 359 719 90
970 15 457 20 318 678 90
269 50 438 20 572 932 90
865 56 434 20 730 1090 90
170 62 453 10 370 730 90
711 12 451 20 311 671 90
350 49 451 20 284 644 90
49 21 485 30 333 693 90
701 25 499 10 1000 1360 90
387 26 490 10 1046 1406 90
713 60 428 20 918 1278 90
364 66 448 10 270 630 90
79 22 483 30 325 685 90
731 8 497 40 803 1163 90
403 13 455 10 313 673 90
614 17 459 10 1057 1417 90
240 59 459 20 466 826 90
845 17 458 10 1062 1422 90
882 51 447 10 289 649 90
729 14 459 20 411 771 90
185 64 426 10 1012 1372 90
887 16 463 20 690 1050 90
16 20 488 10 607 967 90
413 13 459 20 502 862 90
669 20 489 10 698 1058 90
948 56 428 20 268 628 90
812 16 460 20 966 1326 90
571 57 425 20 260 620 90
408 16 462 10 781 1141 90
681 54 424 10 262 622 90
375 16 497 20 901 1261 90
378 55 431 20 543 903 90
