rc1_10_9

VEHICLE
NUMBER   CAPACITY
250     200

CUSTOMER
CUST NO. XCOORD.  YCOORD.  DEMAND  READY TIME DUE DATE  SERVICE TIME

0   250    250     0     0    1821     0
668 112 433 29 229 349 10
465 111 467 20 257 377 10
12 60 454 10 302 422 10
913 130 494 6 714 834 10
2 214 394 10 186 306 10
292 154 374 36 892 1012 10
229 110 459 30 303 423 10
461 17 458 10 388 508 10
348 48 437 4 759 879 10
697 167 445 7 1367 1487 10
197 111 459 20 314 434 10
785 162 388 11 1081 1201 10
376 15 457 20 313 433 10
128 103 464 22 1228 1348 10
276 90 477 18 277 397 10
835 102 422 23 226 346 10
920 166 440 12 207 327 10
10 226 423 15 174 294 10
689 59 457 30 289 409 10
507 189 402 10 491 611 10
593 22 483 30 325 445 10
837 141 428 20 208 328 10
268 49 451 20 284 404 10
328 111 463 20 277 397 10
589 13 459 20 315 435 10
335 50 438 20 292 412 10
283 111 392 18 1124 1244 10
157 62 453 10 276 396 10
703 59 459 20 283 403 10
924 17 459 10 377 497 10
220 145 434 20 211 331 10
664 51 447 10 280 400 10
858 12 463 20 319 439 10
281 213 399 18 189 309 10
966 12 451 20 311 431 10
489 21 487 10 329 449 10
752 109 463 30 289 409 10
734 210 379 12 664 784 10
657 207 400 20 156 276 10
770 84 377 10 881 1001 10
140 84 453 19 1178 1298 10
119 44 440 24 744 864 10
847 115 465 10 253 373 10
739 53 466 9 292 412 10
32 18 462 20 353 473 10
111 0 422 8 776 896 10
825 132 479 11 257 377 10
586 53 440 10 278 398 10
619 64 437 11 873 993 10
503 185 434 9 529 649 10
397 16 497 20 381 501 10
419 146 439 10 215 335 10
340 58 391 16 837 957 10
539 140 431 30 211 331 10
628 117 467 10 254 374 10
61 105 474 27 426 546 10
309 58 458 10 283 403 10
550 16 462 10 341 461 10
76 176 470 14 502 622 10
608 122 422 3 1412 1532 10
359 59 388 20 618 738 10
46 69 414 6 1218 1338 10
925 66 448 10 270 390 10
747 26 490 10 430 550 10
62 20 489 10 338 458 10
366 63 444 20 335 455 10
980 49 437 7 382 502 10
387 142 360 20 1487 1607 10
308 135 400 20 254 374 10
987 67 452 30 272 392 10
25 116 466 20 254 374 10
147 93 413 17 226 346 10
704 24 492 10 417 537 10
624 20 488 10 330 450 10
606 21 488 10 330 450 10
448 215 395 20 197 317 10
782 58 449 30 318 438 10
622 196 489 23 985 1105 10
815 132 477 25 282 402 10
855 210 391 30 146 266 10
554 14 459 20 315 435 10
783 16 460 20 366 486 10
311 211 386 20 141 261 10
666 141 426 23 486 606 10
182 179 497 1 1366 1486 10
238 210 398 10 159 279 10
144 142 372 18 162 282 10
9 25 499 10 400 520 10
440 220 392 20 213 333 10
280 150 484 16 580 700 10
257 218 403 15 1274 1394 10
609 65 453 30 274 394 10
917 112 467 10 257 377 10
679 208 396 20 151 271 10
17 203 390 40 147 267 10
876 213 397 10 172 292 10
996 147 435 20 211 331 10
358 16 463 20 330 450 10
551 107 374 8 869 989 10
357 133 455 25 763 883 10
434 149 458 13 1119 1239 10
642 95 382 19 203 323 10
905 18 484 10 329 449 10
625 13 455 10 313 433 10
860 182 480 31 320 440 10
113 195 464 20 1471 1591 10
185 27 464 21 1246 1366 10
946 76 462 18 911 1031 10
975 5 445 30 313 433 10
833 77 465 11 275 395 10
899 13 465 31 729 849 10
255 115 395 11 770 890 10
138 163 472 9 608 728 10
867 141 431 30 211 331 10
168 175 422 24 1401 1521 10
705 55 449 20 278 398 10
318 21 485 30 328 448 10
383 146 376 8 189 309 10
746 134 428 20 263 383 10
102 54 445 10 276 396 10
106 230 487 20 1085 1205 10
839 144 439 30 226 346 10
279 8 497 40 363 483 10
972 28 467 34 1298 1418 10
585 111 464 10 266 386 10
812 44 496 32 357 477 10
466 138 438 20 242 362 10
984 154 392 9 171 291 10
417 67 451 5 1171 1291 10
740 112 465 10 255 375 10
