rc1_10_9

VEHICLE
NUMBER   CAPACITY
250     200

CUSTOMER
CUST NO. XCOORD.  YCOORD.  DEMAND  READY TIME DUE DATE  SERVICE TIME

0   250    250     0     0    1821     0
467 172 314 9 500 620 10
319 80 251 14 259 379 10
945 92 236 20 213 333 10
930 86 268 10 172 292 10
742 93 235 10 201 321 10
424 91 268 10 200 320 10
805 88 287 30 218 338 10
684 90 232 10 167 287 10
613 90 274 20 161 281 10
286 91 235 10 224 344 10
509 146 313 22 1150 1270 10
641 159 299 12 971 1091 10
923 80 286 10 179 299 10
246 175 352 12 1565 1685 10
258 149 341 6 359 479 10
40 80 290 10 174 294 10
30 83 300 26 455 575 10
355 95 234 10 155 275 10
45 88 286 10 207 327 10
818 133 273 20 119 239 10
505 71 282 29 597 717 10
251 118 314 26 293 413 10
7 133 202 33 416 536 10
14 102 264 10 148 268 10
979 131 246 17 787 907 10
449 85 288 20 169 289 10
304 100 266 20 150 270 10
18 92 233 10 179 299 10
367 89 290 20 165 285 10
955 153 235 10 98 218 10
627 92 230 20 159 279 10
737 95 277 20 229 349 10
77 96 270 20 155 275 10
508 134 211 35 122 242 10
799 146 188 6 1190 1310 10
173 180 283 23 699 819 10
562 120 261 5 748 868 10
189 149 214 7 437 557 10
635 89 272 10 162 282 10
302 157 269 31 1531 1651 10
900 92 232 10 159 279 10
845 90 296 20 166 286 10
64 92 259 4 354 474 10
698 179 286 8 296 416 10
887 91 231 30 160 280 10
199 148 208 22 481 601 10
414 87 285 30 196 316 10
823 92 270 20 212 332 10
116 94 235 20 156 276 10
395 95 235 10 155 275 10
626 170 347 15 391 511 10
203 91 266 10 188 308 10
817 130 247 17 120 240 10
618 79 291 10 175 295 10
86 97 288 22 1239 1359 10
408 92 234 10 190 310 10
803 90 285 40 231 351 10
134 89 270 10 162 282 10
538 166 247 1 84 204 10
