c2_10_7

VEHICLE
NUMBER  CAPACITY
250   700

CUSTOMER
CUST NO. XCOORD. YCOORD. DEMAND READY TIME DUE DATE SERVICE TIME

0  250  250   0   0  3914   0
821 47 280 10 205 1155 90
790 34 279 20 1415 1758 90
92 29 282 10 1269 1712 90
606 46 277 10 434 904 90
833 56 287 20 197 858 90
138 54 287 20 199 1177 90
109 32 256 10 635 1327 90
156 13 266 20 821 1747 90
193 39 278 10 1474 1889 90
363 55 282 40 289 480 90
622 44 279 10 368 785 90
632 36 284 10 1606 1950 90
212 32 247 20 489 1274 90
483 26 269 30 828 1342 90
978 11 269 10 882 1498 90
7 43 269 30 362 1173 90
619 22 283 30 1197 1590 90
