rc1_10_7

VEHICLE
NUMBER  CAPACITY
250   200

CUSTOMER
CUST NO. XCOORD. YCOORD. DEMAND READY TIME DUE DATE SERVICE TIME

0  250  250   0   0  1821   0
997 335 99 25 1217 1249 10
406 267 162 6 1427 1502 10
69 325 147 14 1163 1241 10
633 238 123 24 739 854 10
926 351 128 15 1214 1322 10
54 242 106 28 1244 1322 10
667 295 89 23 724 790 10
94 269 112 19 1228 1328 10
502 330 138 18 1085 1165 10
400 330 147 28 802 925 10
769 331 134 11 1100 1177 10
48 323 77 36 1352 1488 10
654 281 96 1 1086 1195 10
557 297 131 25 1128 1232 10
765 273 149 14 1493 1542 10
