c2_10_2

VEHICLE
NUMBER   CAPACITY
250     700

CUSTOMER
CUST NO. XCOORD.  YCOORD.  DEMAND  READY TIME DUE DATE  SERVICE TIME

0   250    250     0     0    3914     0
668 206 313 20 2091 2251 90
15 252 347 10 2911 3071 90
913 179 311 10 0 3731 90
141 189 327 10 420 580 90
292 221 374 30 1130 1290 90
816 183 340 10 2677 2837 90
348 239 373 10 1905 2065 90
559 203 369 10 841 1001 90
945 179 284 30 0 3746 90
600 254 335 10 3013 3173 90
919 176 358 10 2075 2235 90
80 216 380 20 2300 2460 90
836 197 350 30 1186 1346 90
31 220 394 10 2783 2943 90
755 198 334 20 2203 2363 90
542 214 372 10 0 3697 90
665 174 304 20 110 270 90
652 261 371 20 978 1138 90
96 266 373 10 793 953 90
960 264 365 10 1255 1415 90
962 233 346 20 2711 2871 90
676 260 330 40 3203 3363 90
35 216 307 20 2516 2676 90
797 188 356 20 1882 2042 90
237 173 328 10 2481 2641 90
401 185 301 20 1330 1490 90
613 200 297 30 553 713 90
335 229 396 30 2882 3042 90
891 190 292 10 745 905 90
47 229 364 10 2512 2672 90
115 222 381 20 0 3691 90
157 251 376 10 3186 3346 90
751 170 338 20 2284 2444 90
728 222 317 30 2415 2575 90
220 176 296 20 1230 1390 90
974 197 351 20 1277 1437 90
118 220 384 10 2683 2843 90
28 205 343 20 902 1062 90
535 185 293 10 930 1090 90
67 277 371 30 595 755 90
907 262 352 10 0 3722 90
312 232 378 20 2194 2354 90
958 241 362 10 2410 2570 90
680 220 362 20 1331 1491 90
300 180 335 20 0 3714 90
540 194 296 20 0 3752 90
333 198 284 10 0 3762 90
648 209 307 10 1811 1971 90
959 207 289 20 2997 3157 90
111 191 397 20 263 423 90
964 196 348 10 1094 1254 90
314 188 330 30 0 3723 90
567 192 306 20 1523 1683 90
769 194 353 20 1371 1531 90
671 206 295 10 2809 2969 90
441 201 331 20 707 867 90
397 188 293 30 0 3749 90
239 200 327 30 3150 3310 90
146 241 375 10 1998 2158 90
584 234 383 10 0 3691 90
865 204 291 20 0 3763 90
170 191 352 20 117 277 90
628 184 354 30 0 3701 90
973 206 312 40 2000 2160 90
781 211 308 30 0 3755 90
61 236 361 30 1713 1873 90
872 199 305 30 0 3749 90
432 165 333 20 0 3706 90
350 284 360 30 309 469 90
940 186 372 20 0 3687 90
149 257 336 10 0 3738 90
282 222 356 20 1608 1768 90
804 196 302 20 274 434 90
494 263 351 10 1545 1705 90
374 258 350 20 1822 1982 90
997 175 282 10 0 3743 90
521 254 357 20 0 3717 90
202 216 316 20 2319 2479 90
577 253 382 10 3090 3250 90
713 191 308 20 82 242 90
513 206 377 20 559 719 90
332 206 326 30 3246 3406 90
78 272 365 30 693 853 90
23 209 358 30 1477 1637 90
97 201 273 30 54 214 90
428 213 363 30 0 3706 90
99 220 379 10 0 3692 90
582 167 304 20 207 367 90
73 278 357 10 212 372 90
783 200 342 10 997 1157 90
352 279 369 10 0 3702 90
590 202 386 20 0 3680 90
775 244 371 20 2310 2470 90
182 242 350 10 2811 2971 90
596 187 362 20 0 3696 90
390 265 358 20 1352 1512 90
194 201 307 10 0 3749 90
651 278 329 10 83 243 90
911 195 300 10 0 3750 90
731 241 391 30 2985 3145 90
403 261 350 10 0 3724 90
764 250 367 20 2113 2273 90
884 216 300 30 0 3764 90
900 216 374 30 1035 1195 90
261 184 340 10 2768 2928 90
491 261 370 30 1069 1229 90
296 189 368 20 144 304 90
827 277 369 30 0 3702 90
882 218 298 30 2706 2866 90
20 259 355 20 1917 2077 90
341 189 339 50 2863 3023 90
236 204 371 30 0 3695 90
519 239 369 30 1811 1971 90
829 194 301 30 366 526 90
310 214 382 30 0 3688 90
114 169 360 20 2172 2332 90
187 262 368 30 1162 1322 90
526 190 332 20 606 766 90
867 206 379 10 467 627 90
794 210 359 10 1568 1728 90
473 197 301 10 0 3751 90
890 208 371 20 655 815 90
142 191 309 10 1430 1590 90
807 234 350 10 2617 2777 90
746 263 372 10 886 1046 90
245 255 371 40 2209 2369 90
126 220 359 30 1424 1584 90
511 207 337 20 805 965 90
342 280 351 30 116 276 90
585 199 327 10 0 3732 90
948 189 338 10 2954 3114 90
878 222 357 30 0 3714 90
184 268 351 10 0 3722 90
