c2_10_2

VEHICLE
NUMBER   CAPACITY
250     700

CUSTOMER
CUST NO. XCOORD.  YCOORD.  DEMAND  READY TIME DUE DATE  SERVICE TIME

0   250    250     0     0    3914     0
455 341 37 20 434 594 90
465 345 15 20 0 3571 90
932 294 64 10 383 543 90
451 336 7 10 0 3567 90
490 367 59 10 0 3601 90
759 366 57 20 3076 3236 90
454 310 81 30 2846 3006 90
416 362 17 10 1884 2044 90
499 347 40 30 530 690 90
124 343 27 20 0 3583 90
52 368 17 20 2021 2181 90
164 352 38 10 626 786 90
531 312 64 20 582 742 90
534 351 75 10 2154 2314 90
678 356 28 20 1000 1160 90
898 323 60 10 0 3621 90
323 356 77 20 2249 2409 90
700 366 16 20 0 3563 90
254 329 48 10 1555 1715 90
201 351 33 20 0 3585 90
546 344 46 30 1660 1820 90
143 301 67 40 480 640 90
63 301 53 20 969 1129 90
88 290 75 20 191 351 90
427 329 56 20 1457 1617 90
749 334 47 20 331 491 90
211 337 63 30 2045 2205 90
701 348 16 30 1780 1940 90
779 316 80 30 0 3642 90
894 346 13 20 1686 1846 90
370 370 55 10 2886 3046 90
409 363 55 10 2983 3143 90
704 319 77 30 0 3638 90
351 325 75 30 2370 2530 90
435 335 64 10 0 3620 90
77 332 55 30 211 371 90
738 317 62 20 677 837 90
617 312 74 20 0 3638 90
846 311 47 10 0 3613 90
70 353 32 10 905 1065 90
876 341 26 10 1288 1448 90
295 335 52 20 1761 1921 90
365 335 54 30 1853 2013 90
1000 342 52 10 0 3606 90
44 326 57 20 1364 1524 90
11 365 18 20 2213 2373 90
302 363 62 20 0 3605 90
922 293 67 20 0 3637 90
896 315 57 20 0 3621 90
861 308 55 30 871 1031 90
910 361 15 20 2118 2278 90
899 308 82 30 0 3647 90
395 322 78 20 2464 2624 90
224 308 60 20 776 936 90
918 347 23 30 0 3578 90
685 347 21 20 1386 1546 90
909 351 31 20 813 973 90
408 293 81 10 174 334 90
952 366 34 10 2086 2246 90
