c1_10_5

VEHICLE
NUMBER   CAPACITY
250     200

CUSTOMER
CUST NO. XCOORD.  YCOORD.  DEMAND  READY TIME DUE DATE  SERVICE TIME

0   250    250     0     0    1824     0
156 208 11 20 1304 1394 90
668 344 62 10 1176 1306 90
12 270 49 30 889 1006 90
467 356 21 20 358 507 90
319 343 49 10 612 747 90
229 361 14 10 665 759 90
348 307 108 10 769 856 90
697 290 46 20 800 929 90
454 182 14 10 1039 1139 90
856 281 164 20 91 225 90
879 200 14 10 272 395 90
197 233 47 20 321 451 90
388 324 127 30 143 281 90
128 346 60 10 998 1114 90
398 285 163 10 688 806 90
327 305 107 20 662 779 90
632 267 44 20 613 729 90
760 326 118 10 195 291 90
5 286 159 20 502 624 90
328 188 12 30 245 426 90
686 304 102 30 481 583 90
683 199 12 20 462 570 90
369 287 43 10 515 649 90
792 339 60 20 249 362 90
589 235 50 30 797 912 90
765 173 28 10 1112 1213 90
484 168 24 10 735 852 90
344 198 12 10 542 672 90
305 279 138 40 250 351 90
497 167 27 30 450 573 90
499 313 119 30 648 773 90
272 323 118 20 275 397 90
198 237 43 20 609 725 90
730 361 17 20 751 858 90
212 278 46 20 205 338 90
333 358 18 10 451 602 90
859 279 42 40 231 370 90
659 363 22 20 922 1066 90
32 297 102 10 195 300 90
631 356 23 20 276 405 90
477 285 162 30 579 733 90
30 281 137 10 339 447 90
648 230 49 20 201 302 90
634 182 4 10 571 675 90
520 299 98 30 283 401 90
503 202 4 10 919 1035 90
353 317 123 20 461 589 90
200 188 4 20 382 486 90
201 180 6 10 749 863 90
63 275 45 20 422 537 90
445 179 7 20 824 971 90
691 347 62 10 1083 1214 90
88 366 20 10 844 958 90
399 203 7 20 1005 1136 90
639 358 16 30 571 665 90
76 356 24 20 249 363 90
243 307 102 40 580 669 90
941 300 108 10 150 265 90
98 202 8 10 1082 1242 90
366 269 46 20 708 820 90
321 319 124 20 381 485 90
25 287 143 10 718 823 90
624 181 6 20 656 774 90
935 167 24 20 622 782 90
421 285 44 10 399 581 90
548 313 126 10 850 947 90
82 202 9 10 1170 1336 90
145 343 47 20 704 840 90
653 170 26 10 817 955 90
405 314 124 20 774 838 90
244 169 31 20 352 481 90
165 346 57 20 904 1023 90
985 284 140 40 115 227 90
949 232 47 10 241 349 90
799 198 9 20 738 843 90
774 279 159 20 238 315 90
644 290 141 30 610 744 90
846 186 7 20 459 597 90
764 204 15 20 239 351 90
136 286 137 10 413 562 90
92 189 7 30 291 392 90
517 176 8 10 921 1060 90
478 285 158 30 317 428 90
758 280 162 30 125 243 90
884 282 139 20 133 282 90
929 268 52 10 977 1105 90
386 335 57 30 210 330 90
501 200 13 10 378 472 90
1000 287 144 20 805 918 90
900 290 136 20 521 642 90
261 288 44 20 612 735 90
896 166 32 10 256 391 90
259 342 54 20 537 632 90
901 341 58 10 345 452 90
357 304 97 20 357 516 90
434 174 26 10 1013 1128 90
38 273 55 20 196 313 90
64 238 46 40 702 817 90
633 277 50 10 234 352 90
975 173 25 20 899 1060 90
767 231 43 10 429 531 90
192 269 48 20 796 915 90
110 362 22 20 1022 1149 90
814 288 53 40 895 1028 90
594 199 9 20 840 924 90
42 357 26 20 1117 1247 90
410 288 154 10 415 521 90
838 292 41 10 698 840 90
262 274 48 10 313 459 90
618 275 42 30 509 637 90
909 340 54 10 428 557 90
214 232 42 10 507 637 90
426 197 11 10 619 778 90
983 315 121 10 563 673 90
324 283 47 10 321 472 90
803 347 54 10 813 928 90
984 166 34 20 231 314 90
874 343 62 10 1271 1394 90
48 164 21 20 555 661 90
