r1_10_10

VEHICLE
NUMBER  CAPACITY
250   200

CUSTOMER
CUST NO. XCOORD. YCOORD. DEMAND READY TIME DUE DATE SERVICE TIME

0  250  250   0   0  1925   0
537 320 211 16 967 1048 10
422 461 195 26 1336 1485 10
728 368 311 14 885 997 10
255 337 232 2 1526 1645 10
320 291 213 23 1202 1343 10
635 330 308 24 1145 1225 10
512 472 248 11 776 923 10
921 343 166 28 823 959 10
826 439 222 22 932 1058 10
562 480 152 26 978 1095 10
485 360 294 9 1354 1512 10
648 482 184 14 1079 1165 10
267 308 199 14 1455 1592 10
589 306 229 10 1269 1402 10
916 351 233 21 1354 1522 10
297 314 205 22 1464 1619 10
771 394 322 12 978 1101 10
204 385 285 13 822 944 10
827 386 225 13 859 1009 10
196 487 320 21 811 935 10
119 426 231 24 970 1117 10
639 458 213 22 1069 1217 10
676 441 177 23 950 1082 10
286 361 178 5 931 1044 10
939 478 300 12 829 981 10
941 347 184 15 1015 1172 10
186 428 302 27 989 1072 10
142 322 290 23 1440 1547 10
509 440 284 25 805 928 10
839 429 169 8 848 988 10
244 365 190 22 1451 1534 10
357 461 186 16 1481 1573 10
101 267 174 34 1570 1697 10
407 295 283 26 832 985 10
868 455 168 21 808 956 10
560 449 190 2 1120 1190 10
60 352 241 5 728 886 10
869 428 202 24 879 958 10
530 359 246 18 1338 1538 10
678 463 253 23 1017 1107 10
108 350 199 21 1142 1291 10
751 268 288 26 1204 1360 10
104 370 262 15 1078 1151 10
570 433 319 11 1316 1467 10
877 274 261 20 1692 1752 10
957 394 310 10 1066 1161 10
399 481 207 34 793 950 10
743 285 247 13 1235 1344 10
109 500 228 8 728 866 10
612 371 315 18 1113 1249 10
47 371 163 21 781 905 10
322 389 255 15 741 860 10
319 374 260 27 1668 1791 10
257 295 247 12 1258 1378 10
894 347 192 18 1435 1571 10
67 440 201 29 840 975 10
621 325 210 15 891 1005 10
845 264 180 33 1652 1739 10
618 284 319 17 774 890 10
61 261 201 15 1482 1575 10
694 325 311 22 1289 1386 10
168 488 173 25 1169 1282 10
4 439 237 11 881 1026 10
202 343 205 26 716 848 10
283 330 281 14 1300 1390 10
72 424 288 13 1025 1119 10
65 299 285 3 1208 1330 10
541 272 234 26 1581 1630 10
810 402 277 5 1376 1530 10
301 418 269 3 1170 1270 10
745 415 207 18 862 968 10
833 401 314 25 930 1052 10
970 273 255 18 1425 1590 10
554 457 280 17 946 1084 10
794 366 260 23 1474 1596 10
43 440 294 16 892 1059 10
478 240 255 33 1580 1672 10
866 240 240 35 1629 1800 10
611 385 239 21 752 850 10
527 244 277 18 1252 1380 10
883 409 255 23 1491 1584 10
506 454 201 16 1286 1353 10
288 456 157 20 1412 1528 10
278 297 283 28 1324 1404 10
195 498 171 12 1196 1347 10
125 447 267 19 911 1078 10
510 417 212 12 885 965 10
343 440 292 24 872 1038 10
347 486 324 15 743 826 10
787 363 225 35 789 952 10
734 475 267 7 741 849 10
397 475 198 20 805 895 10
159 404 207 6 862 989 10
602 489 159 29 1371 1514 10
782 405 187 34 1196 1335 10
610 248 214 19 1436 1552 10
861 492 326 19 1135 1304 10
105 303 186 10 1302 1436 10
559 286 244 31 1229 1369 10
565 374 306 4 931 1087 10
831 307 249 10 1359 1425 10
887 418 251 21 1173 1250 10
