rc1_10_7

VEHICLE
NUMBER  CAPACITY
250   200

CUSTOMER
CUST NO. XCOORD. YCOORD. DEMAND READY TIME DUE DATE SERVICE TIME

0  250  250   0   0  1821   0
139 29 336 22 300 393 10
869 69 334 30 199 252 10
945 92 236 20 227 318 10
97 5 297 10 306 386 10
786 47 208 30 207 300 10
791 96 346 26 181 267 10
811 7 292 10 246 365 10
805 88 287 30 253 303 10
40 80 290 10 174 265 10
937 35 304 30 221 310 10
618 79 291 10 215 233 10
535 8 300 10 342 400 10
319 80 251 14 264 374 10
77 96 270 20 155 272 10
18 92 233 10 198 279 10
645 30 301 10 243 343 10
613 90 274 20 161 292 10
988 34 239 16 216 264 10
47 41 232 16 209 272 10
887 91 231 30 179 252 10
50 86 199 23 230 355 10
203 91 266 10 191 304 10
496 13 314 14 245 296 10
305 111 178 18 156 251 10
334 73 328 20 193 270 10
728 0 297 10 264 352 10
152 62 326 20 259 343 10
304 100 266 20 150 197 10
823 92 270 20 203 340 10
307 25 307 10 239 290 10
60 71 333 10 197 294 10
930 86 268 10 190 274 10
421 6 292 10 247 358 10
627 92 230 20 167 240 10
993 3 292 20 250 359 10
845 90 296 20 166 255 10
243 0 293 30 253 361 10
469 35 303 20 221 313 10
923 80 286 10 173 307 10
286 91 235 10 254 314 10
116 94 235 20 156 227 10
615 35 306 20 222 278 10
75 30 302 10 226 372 10
251 118 314 26 276 429 10
381 63 336 20 223 340 10
822 67 335 20 222 291 10
408 92 234 10 197 302 10
160 38 301 20 279 343 10
575 1 293 10 252 353 10
414 87 285 30 191 322 10
902 16 287 12 240 331 10
601 66 336 10 211 325 10
134 89 270 10 184 253 10
818 133 273 20 119 206 10
635 89 272 10 180 234 10
382 6 296 10 326 343 10
742 93 235 10 248 274 10
19 7 300 30 315 404 10
803 90 285 40 245 338 10
355 95 234 10 155 249 10
424 91 268 10 220 300 10
900 92 232 10 159 250 10
449 85 288 20 169 286 10
14 102 264 10 148 257 10
684 90 232 10 161 308 10
857 24 259 19 332 439 10
100 2 295 30 276 366 10
395 95 235 10 155 230 10
694 31 175 24 240 284 10
737 95 277 20 223 356 10
830 67 334 20 201 326 10
587 69 336 20 200 301 10
817 130 247 17 120 187 10
919 61 214 4 323 390 10
45 88 286 10 221 313 10
367 89 290 20 165 240 10
