c2_10_7

VEHICLE
NUMBER  CAPACITY
250   700

CUSTOMER
CUST NO. XCOORD. YCOORD. DEMAND READY TIME DUE DATE SERVICE TIME

0  250  250   0   0  3914   0
960 264 365 10 1323 1348 90
292 221 374 30 796 1625 90
940 186 372 20 1444 2087 90
184 268 351 10 926 2133 90
220 176 296 20 1027 1592 90
652 261 371 20 679 1437 90
836 197 350 30 874 1659 90
403 261 350 10 1387 2231 90
194 201 307 10 1467 2119 90
907 262 352 10 1085 2347 90
187 262 368 30 1184 1299 90
997 175 282 10 602 1809 90
567 192 306 20 1546 1660 90
401 185 301 20 1210 1611 90
61 236 361 30 1723 1863 90
23 209 358 30 1088 2025 90
878 222 357 30 1234 1959 90
769 194 353 20 1059 1842 90
390 265 358 20 1156 1709 90
900 216 374 30 826 1405 90
974 197 351 20 1086 1628 90
783 200 342 10 579 1574 90
964 196 348 10 680 1669 90
494 263 351 10 1571 1679 90
126 220 359 30 1331 1678 90
491 261 370 30 1019 1279 90
142 191 309 10 1265 1755 90
282 222 356 20 1494 1882 90
794 210 359 10 1112 2184 90
945 179 284 30 643 1579 90
680 220 362 20 1025 1797 90
428 213 363 30 954 1674 90
872 199 305 30 1403 1997 90
