rc1_10_3

VEHICLE
NUMBER   CAPACITY
250     200

CUSTOMER
CUST NO. XCOORD.  YCOORD.  DEMAND  READY TIME DUE DATE  SERVICE TIME

0   250    250     0     0    1821     0
452 397 18 10 0 1537 10
455 407 88 10 0 1586 10
205 391 112 24 1000 1030 10
22 347 54 10 0 1593 10
322 364 71 5 0 1599 10
638 408 84 10 284 314 10
267 406 96 20 219 249 10
736 399 104 10 0 1603 10
96 371 71 21 0 1595 10
175 343 49 10 0 1590 10
676 335 57 30 210 240 10
198 389 17 10 0 1540 10
751 342 54 20 250 280 10
721 344 62 10 0 1601 10
570 344 70 24 1146 1176 10
844 398 23 10 270 300 10
819 347 62 10 0 1600 10
103 382 110 24 0 1619 10
172 385 17 40 809 839 10
982 337 41 8 0 1585 10
57 389 11 20 0 1535 10
239 403 93 10 0 1592 10
553 346 57 20 308 338 10
674 374 116 9 587 617 10
445 404 83 30 298 328 10
781 341 72 9 0 1612 10
941 343 47 20 0 1588 10
282 391 18 10 0 1540 10
129 325 56 13 0 1604 10
804 415 95 15 0 1585 10
643 352 63 6 0 1598 10
321 406 94 10 0 1591 10
521 399 106 20 0 1604 10
23 406 87 10 0 1586 10
732 340 54 10 238 268 10
364 398 20 20 0 1538 10
646 351 5 12 496 526 10
470 341 59 27 0 1600 10
903 399 102 20 0 1601 10
908 365 28 9 268 298 10
112 429 67 16 732 762 10
403 335 46 18 1342 1372 10
846 386 13 10 0 1538 10
841 404 103 20 242 272 10
287 346 60 10 321 351 10
377 397 20 20 280 310 10
274 394 23 20 0 1543 10
1000 341 58 10 224 254 10
901 394 47 5 313 343 10
20 409 90 20 0 1586 10
131 418 75 11 448 478 10
861 409 88 20 0 1585 10
171 398 97 10 0 1599 10
474 339 60 20 211 241 10
236 365 74 24 848 878 10
232 390 34 7 1060 1090 10
223 393 20 20 0 1541 10
33 390 120 24 1004 1034 10
824 411 95 30 243 273 10
814 391 99 20 0 1605 10
142 343 62 10 357 387 10
670 400 103 10 0 1601 10
726 397 57 17 1476 1506 10
579 406 99 20 227 257 10
620 376 92 10 991 1021 10
180 398 103 30 0 1603 10
952 384 16 20 0 1542 10
990 393 12 10 0 1534 10
523 407 98 10 0 1593 10
