r2_10_6

VEHICLE
NUMBER   CAPACITY
250     1000

CUSTOMER
CUST NO. XCOORD.  YCOORD.  DEMAND  READY TIME DUE DATE  SERVICE TIME

0   250    250     0     0    7697     0
773 415 207 18 3540 3780 10
227 390 249 21 0 7547 10
229 359 246 18 5631 5871 10
404 385 239 21 3082 3322 10
94 375 145 12 3657 3897 10
31 361 178 5 3830 4070 10
652 337 232 2 6222 6462 10
969 405 187 34 4942 5182 10
268 404 207 6 3582 3822 10
369 386 154 31 0 7521 10
797 371 163 21 3251 3491 10
167 343 205 26 3009 3249 10
568 365 190 22 5850 6090 10
363 397 153 29 3470 3710 10
289 325 210 15 3674 3914 10
761 399 175 13 2928 3168 10
152 380 194 3 2794 3034 10
623 386 225 13 3614 3854 10
942 347 184 15 4255 4495 10
254 363 225 35 3363 3603 10
371 356 256 19 305 545 10
639 391 202 14 476 716 10
779 347 192 18 5893 6133 10
367 389 156 27 2802 3042 10
809 374 232 33 0 7562 10
311 384 149 18 0 7520 10
508 352 241 5 3109 3349 10
798 398 210 31 0 7534 10
512 364 173 30 661 901 10
926 350 199 21 4746 4986 10
365 354 156 20 3270 3510 10
233 343 166 28 3444 3684 10
694 386 245 16 0 7551 10
685 355 174 33 2801 3041 10
408 401 164 13 0 7514 10
793 344 203 14 609 849 10
881 351 233 21 5631 5871 10
