rc1_10_8

VEHICLE
NUMBER  CAPACITY
250   200

CUSTOMER
CUST NO. XCOORD. YCOORD. DEMAND READY TIME DUE DATE SERVICE TIME

0  250  250   0   0  1821   0
614 39 162 18 507 653 10
372 89 65 16 685 786 10
687 18 24 32 568 718 10
942 52 18 28 821 922 10
28 80 117 24 795 883 10
559 21 70 15 741 832 10
526 95 64 4 732 829 10
415 132 32 18 769 830 10
789 140 137 32 525 645 10
333 142 14 18 790 910 10
411 120 37 28 727 853 10
450 179 75 13 713 796 10
632 125 61 26 548 705 10
145 66 88 2 786 904 10
663 178 72 23 721 822 10
717 6 53 8 543 660 10
