c1_10_7

VEHICLE
NUMBER   CAPACITY
250     200

CUSTOMER
CUST NO. XCOORD.  YCOORD.  DEMAND  READY TIME DUE DATE  SERVICE TIME

0   250    250     0     0    1824     0
216 58 458 10 648 828 90
490 21 488 10 606 786 90
652 101 384 30 200 380 90
96 54 430 20 541 721 90
492 67 452 30 274 454 90
237 58 449 30 928 1108 90
75 57 432 10 913 1093 90
317 100 387 10 384 564 90
401 109 463 30 899 1079 90
178 60 454 10 832 1012 90
974 112 465 10 624 804 90
422 111 464 10 716 896 90
570 55 449 20 278 458 90
690 18 462 20 963 1143 90
664 18 484 10 330 510 90
103 115 465 10 347 527 90
258 101 386 20 292 472 90
489 21 487 10 515 695 90
752 53 440 10 568 748 90
349 59 457 30 739 919 90
400 54 445 10 473 653 90
958 97 385 30 477 657 90
331 112 467 10 441 621 90
219 65 453 30 367 547 90
275 52 432 20 726 906 90
436 24 492 10 1187 1367 90
866 12 463 20 686 866 90
176 63 444 20 1025 1205 90
91 55 428 20 449 629 90
970 15 457 20 408 588 90
553 116 466 20 256 436 90
269 50 438 20 662 842 90
865 56 434 20 820 1000 90
505 94 383 10 571 751 90
170 62 453 10 460 640 90
711 12 451 20 311 491 90
350 49 451 20 285 465 90
49 21 485 30 423 603 90
701 25 499 10 1090 1270 90
387 26 490 10 1226 1406 90
606 102 391 20 1040 1220 90
713 60 428 20 1008 1188 90
516 97 387 10 756 936 90
364 66 448 10 270 450 90
79 22 483 30 325 505 90
431 100 394 10 946 1126 90
731 8 497 40 893 1073 90
403 13 455 10 316 496 90
614 17 459 10 1147 1327 90
944 111 463 20 807 987 90
240 59 459 20 556 736 90
845 17 458 10 1238 1418 90
882 51 447 10 379 559 90
341 95 391 10 851 1031 90
729 14 459 20 501 681 90
185 64 426 10 1102 1282 90
887 16 463 20 780 960 90
823 101 385 20 201 381 90
16 20 488 10 697 877 90
142 95 384 30 662 842 90
413 13 459 20 592 772 90
669 20 489 10 788 968 90
972 111 467 20 532 712 90
579 110 459 30 993 1173 90
948 56 428 20 358 538 90
812 16 460 20 1056 1236 90
571 57 425 20 260 440 90
408 16 462 10 871 1051 90
681 54 424 10 264 444 90
789 117 467 10 254 434 90
375 16 497 20 991 1171 90
538 111 459 20 1084 1264 90
378 55 431 20 633 813 90
