r1_10_8

VEHICLE
NUMBER  CAPACITY
250   200

CUSTOMER
CUST NO. XCOORD. YCOORD. DEMAND READY TIME DUE DATE SERVICE TIME

0  250  250   0   0  1925   0
210 75 118 21 409 439 10
781 140 137 32 0 1758 10
609 82 183 17 0 1735 10
298 83 169 21 0 1730 10
832 30 155 9 0 1676 10
79 117 178 28 0 1764 10
666 80 117 24 0 1700 10
246 124 111 15 0 1728 10
140 111 178 18 0 1759 10
155 44 115 24 246 276 10
985 111 192 11 0 1765 10
521 110 122 14 0 1726 10
120 105 137 32 0 1732 10
896 41 120 22 0 1669 10
758 133 202 33 0 1789 10
179 44 140 11 0 1682 10
95 86 189 21 0 1741 10
857 117 110 13 0 1722 10
143 57 183 15 0 1711 10
258 39 162 18 565 595 10
433 105 140 27 0 1733 10
296 66 163 6 0 1712 10
265 89 185 16 600 630 10
940 33 152 17 0 1677 10
867 46 163 8 0 1694 10
588 39 153 26 0 1683 10
829 103 177 28 0 1751 10
111 114 102 21 0 1715 10
446 48 150 15 0 1690 10
807 77 172 23 0 1726 10
979 43 135 31 0 1679 10
515 132 151 22 0 1761 10
890 143 158 12 0 1774 10
595 128 113 22 363 393 10
731 86 199 23 0 1744 10
428 68 160 21 0 1712 10
2 67 190 25 0 1723 10
242 61 170 20 0 1710 10
113 21 146 21 487 517 10
393 49 118 3 0 1675 10
583 34 169 11 484 514 10
225 103 123 8 0 1721 10
361 130 186 16 136 166 10
157 64 135 11 0 1697 10
337 48 162 15 0 1695 10
528 105 181 19 0 1755 10
963 130 140 17 0 1753 10
492 63 155 7 0 1706 10
638 94 192 1 0 1749 10
