rc2_10_9

VEHICLE
NUMBER  CAPACITY
250   1000

CUSTOMER
CUST NO. XCOORD. YCOORD. DEMAND READY TIME DUE DATE SERVICE TIME

0  250  250   0   0  7284   0
69 325 147 14 4567 5047 10
654 281 96 1 4323 4803 10
633 238 123 24 2944 3424 10
667 295 89 23 2788 3268 10
406 267 162 6 5617 6097 10
54 242 106 28 4894 5374 10
94 269 112 19 4871 5351 10
502 330 138 18 4258 4738 10
400 330 147 28 3214 3694 10
769 331 134 11 4315 4795 10
926 351 128 15 4833 5313 10
557 297 131 25 4482 4962 10
765 273 149 14 5831 6311 10
