rc2_10_8

VEHICLE
NUMBER  CAPACITY
250   1000

CUSTOMER
CUST NO. XCOORD. YCOORD. DEMAND READY TIME DUE DATE SERVICE TIME

0  250  250   0   0  7284   0
282 391 18 10 1325 1817 10
474 339 60 20 632 1175 10
274 394 23 20 1323 2028 10
553 346 57 20 1041 1545 10
175 343 49 10 881 1359 10
990 393 12 10 1083 1511 10
732 340 54 10 510 1512 10
846 386 13 10 1161 1654 10
287 346 60 10 1200 1490 10
819 347 62 10 1329 1458 10
57 389 11 20 1242 1465 10
1000 341 58 10 602 1307 10
452 397 18 10 1199 1256 10
646 351 5 12 1895 2194 10
377 397 20 20 938 1421 10
901 394 47 5 1000 1624 10
223 393 20 20 1585 1661 10
364 398 20 20 836 1436 10
22 347 54 10 1011 1470 10
952 384 16 20 1375 1550 10
198 389 17 10 1153 1892 10
96 371 71 21 973 1442 10
751 342 54 20 789 1329 10
721 344 62 10 1367 1524 10
142 343 62 10 1118 1862 10
941 343 47 20 889 1447 10
908 365 28 9 788 1477 10
844 398 23 10 762 1405 10
676 335 57 30 696 991 10
