r2_10_7

VEHICLE
NUMBER  CAPACITY
250   1000

CUSTOMER
CUST NO. XCOORD. YCOORD. DEMAND READY TIME DUE DATE SERVICE TIME

0  250  250   0   0  7697   0
30 39 162 18 0 7459 10
362 39 153 26 0 7455 10
640 43 210 20 0 7477 10
911 105 181 19 0 7527 10
140 94 192 1 0 7521 10
232 0 188 26 0 7430 10
375 48 150 15 0 7462 10
647 61 170 20 0 7482 10
674 31 175 24 0 7456 10
62 34 169 11 0 7457 10
406 67 190 25 0 7495 10
857 68 160 21 0 7484 10
754 47 208 30 0 7480 10
778 74 215 10 0 7508 10
120 38 190 23 0 7467 10
938 77 172 23 0 7498 10
12 48 162 15 0 7467 10
44 45 166 22 0 7466 10
42 111 192 11 0 7537 10
225 83 169 21 0 7502 10
966 21 146 21 0 7436 10
43 87 213 18 0 7520 10
180 105 137 32 0 7504 10
915 43 135 31 0 7451 10
963 63 155 7 0 7478 10
721 46 163 8 0 7466 10
