rc2_10_4

VEHICLE
NUMBER  CAPACITY
250   1000

CUSTOMER
CUST NO. XCOORD. YCOORD. DEMAND READY TIME DUE DATE SERVICE TIME

0  250  250   0   0  7284   0
934 408 318 15 0 7102 10
567 405 276 20 0 7117 10
430 374 306 4 0 7138 10
758 380 350 15 0 7110 10
537 398 325 30 0 7109 10
722 371 315 18 0 7137 10
826 366 334 5 0 7131 10
691 402 281 20 0 7119 10
518 388 334 20 0 7113 10
481 385 295 20 0 7132 10
597 368 311 14 0 7142 10
494 366 288 29 0 7152 10
201 390 325 30 0 7116 10
352 400 286 10 0 7120 10
644 365 274 14 0 7157 10
603 401 281 20 0 7120 10
685 389 334 20 0 7112 10
755 399 301 30 0 7117 10
631 394 322 12 0 7114 10
338 360 294 9 0 7156 10
863 381 328 12 0 7122 10
738 360 284 19 0 7159 10
329 408 279 20 0 7114 10
210 391 293 20 0 7127 10
315 394 333 20 0 7108 10
544 406 285 20 0 7115 10
66 400 288 30 0 7120 10
459 370 382 11 0 7096 10
472 395 295 20 0 7123 10
105 395 331 20 0 7108 10
181 385 285 13 0 7135 10
973 388 325 10 0 7117 10
216 402 284 30 0 7119 10
341 410 285 20 0 7111 10
146 395 332 10 0 7108 10
960 393 301 30 0 7123 10
24 371 332 14 0 7128 10
556 359 287 24 0 7159 10
894 389 300 10 0 7127 10
416 390 294 20 0 7128 10
398 348 348 23 0 7136 10
