c1_10_1

VEHICLE
NUMBER  CAPACITY
250   200

CUSTOMER
CUST NO. XCOORD. YCOORD. DEMAND READY TIME DUE DATE SERVICE TIME

0  250  250   0   0  1824   0
254 445 237 10 349 402 90
167 412 214 10 165 215 90
112 443 246 20 536 593 90
446 425 215 10 699 748 90
336 436 237 20 186 264 90
952 420 213 10 509 568 90
992 401 255 30 685 738 90
152 444 242 10 441 501 90
928 417 217 30 423 465 90
293 413 217 20 230 289 90
157 442 247 10 623 689 90
162 406 257 10 596 637 90
29 440 247 20 717 779 90
623 400 260 40 150 212 90
508 443 237 20 248 318 90
619 423 214 20 595 669 90
542 415 216 10 319 384 90
