c1_10_10

VEHICLE
NUMBER  CAPACITY
250   200

CUSTOMER
CUST NO. XCOORD. YCOORD. DEMAND READY TIME DUE DATE SERVICE TIME

0  250  250   0   0  1824   0
117 444 271 10 392 929 90
289 466 287 10 219 772 90
748 395 331 20 410 1013 90
776 403 262 30 259 781 90
738 444 313 20 211 762 90
10 410 285 20 338 717 90
649 407 280 10 419 828 90
734 402 264 20 152 702 90
798 423 286 20 330 577 90
70 389 300 10 147 623 90
228 402 265 20 152 696 90
556 408 279 20 492 938 90
1 387 297 10 144 681 90
572 465 287 10 426 748 90
940 439 312 30 198 646 90
976 421 292 20 176 714 90
655 415 289 20 169 646 90
704 402 284 30 155 634 90
515 399 301 30 488 730 90
950 466 291 10 406 956 90
255 461 284 10 213 653 90
611 439 310 10 198 526 90
231 385 295 20 142 599 90
629 441 265 40 191 734 90
534 446 319 30 207 741 90
591 425 288 10 395 877 90
250 439 266 10 189 478 90
166 393 301 30 287 739 90
783 388 334 20 161 704 90
523 444 269 20 345 793 90
107 404 264 20 176 681 90
458 423 290 10 177 673 90
861 391 334 20 215 657 90
51 424 286 10 368 721 90
854 388 331 20 160 529 90
640 389 334 20 162 616 90
141 428 291 10 564 898 90
899 467 285 20 219 666 90
487 460 288 10 213 626 90
314 442 310 20 464 877 90
435 436 264 20 186 693 90
807 443 313 30 333 823 90
496 390 301 10 149 767 90
755 400 286 10 154 447 90
307 395 295 20 494 919 90
457 395 332 10 364 878 90
599 400 288 30 154 556 90
99 406 285 20 188 680 90
829 450 265 10 215 727 90
339 394 333 20 357 701 90
