rc2_10_8

VEHICLE
NUMBER   CAPACITY
250     1000

CUSTOMER
CUST NO. XCOORD.  YCOORD.  DEMAND  READY TIME DUE DATE  SERVICE TIME

0   250    250     0     0    7284     0
587 69 336 20 804 1061 10
668 112 433 29 910 1090 10
465 111 467 20 1123 1292 10
12 60 454 10 1068 1830 10
467 172 314 9 1899 2585 10
913 130 494 6 2744 3446 10
2 214 394 10 589 1376 10
292 154 374 36 3481 4135 10
229 110 459 30 1161 1741 10
993 3 292 20 857 1307 10
461 17 458 10 1441 2143 10
348 48 437 4 3164 3385 10
697 167 445 7 5524 5892 10
197 111 459 20 1257 1733 10
930 86 268 10 809 1049 10
785 162 388 11 4334 4795 10
376 15 457 20 1186 1522 10
128 103 464 22 5025 5278 10
276 90 477 18 951 1270 10
835 102 422 23 773 1156 10
920 166 440 12 666 996 10
10 226 423 15 698 997 10
689 59 457 30 1215 1579 10
424 91 268 10 742 1335 10
507 189 402 10 2061 2347 10
593 22 483 30 1126 1481 10
837 141 428 20 658 1012 10
805 88 287 30 1049 1178 10
696 52 303 25 1396 2254 10
268 49 451 20 872 1487 10
328 111 463 20 1097 1595 10
369 40 304 16 4308 4970 10
75 30 302 10 937 1315 10
613 90 274 20 455 1099 10
589 13 459 20 1232 1661 10
335 50 438 20 1085 1728 10
163 64 294 12 4221 4708 10
307 25 307 10 790 1326 10
283 111 392 18 4425 5047 10
937 35 304 30 843 1016 10
157 62 453 10 1077 1400 10
703 59 459 20 1144 1467 10
728 0 297 10 996 1467 10
924 17 459 10 1533 1964 10
220 145 434 20 577 1407 10
433 33 278 18 5803 6215 10
509 146 313 22 4407 5276 10
641 159 299 12 3889 4355 10
822 67 335 20 727 1328 10
160 38 301 20 915 1569 10
664 51 447 10 892 1583 10
858 12 463 20 1307 1700 10
281 213 399 18 904 1088 10
923 80 286 10 706 1205 10
966 12 451 20 1148 1345 10
830 67 334 20 673 1293 10
246 175 352 12 6590 6851 10
258 149 341 6 1497 1854 10
489 21 487 10 1105 1818 10
752 109 463 30 1313 1475 10
734 210 379 12 2637 3154 10
657 207 400 20 571 1073 10
130 44 344 12 4170 4586 10
40 80 290 10 632 1067 10
575 1 293 10 874 1388 10
535 8 300 10 1236 1730 10
770 84 377 10 3519 4011 10
745 224 320 36 4900 5489 10
907 19 273 25 3714 4539 10
139 29 336 22 1182 1590 10
140 84 453 19 4699 5205 10
60 71 333 10 597 1074 10
119 44 440 24 2901 3529 10
847 115 465 10 849 1370 10
739 53 466 9 1187 1614 10
32 18 462 20 1423 1879 10
842 5 281 16 5408 5684 10
30 83 300 26 1807 2311 10
634 11 403 18 1260 1603 10
111 0 422 8 3123 3565 10
825 132 479 11 850 1210 10
586 53 440 10 986 1718 10
45 88 286 10 910 1230 10
619 64 437 11 3661 3804 10
152 62 326 20 988 1422 10
880 13 394 15 1334 1767 10
503 185 434 9 2190 2519 10
857 24 259 19 1123 1957 10
623 51 286 14 5760 6032 10
397 16 497 20 1607 1918 10
419 146 439 10 842 1351 10
19 7 300 30 1173 1705 10
340 58 391 16 3486 3692 10
505 71 282 29 2298 2955 10
615 35 306 20 777 1179 10
539 140 431 30 666 1110 10
221 33 286 11 5966 6522 10
628 117 467 10 912 1124 10
251 118 314 26 1302 1518 10
61 105 474 27 1678 2208 10
309 58 458 10 999 1704 10
550 16 462 10 1363 1843 10
76 176 470 14 1885 2609 10
608 122 422 3 5667 6108 10
902 16 287 12 988 1299 10
359 59 388 20 2558 2865 10
46 69 414 6 4977 5249 10
925 66 448 10 790 1373 10
747 26 490 10 1694 2225 10
243 0 293 30 955 1395 10
62 20 489 10 1452 1735 10
469 35 303 20 580 1191 10
449 85 288 20 542 1034 10
581 225 369 38 227 745 10
366 63 444 20 1299 1860 10
980 49 437 7 1356 2184 10
387 142 360 20 5857 6518 10
308 135 400 20 1068 1440 10
987 67 452 30 822 1454 10
347 216 341 19 2444 2908 10
25 116 466 20 905 1222 10
304 100 266 20 250 1041 10
147 93 413 17 896 914 10
704 24 492 10 1679 2137 10
624 20 488 10 1343 1755 10
13 239 486 3 5973 6004 10
606 21 488 10 1237 1773 10
448 215 395 20 885 1171 10
811 7 292 10 709 1263 10
513 44 311 27 1496 1884 10
782 58 449 30 1501 1520 10
421 6 292 10 869 1191 10
367 89 290 20 435 1026 10
622 196 489 23 4065 4297 10
382 6 296 10 1057 1621 10
97 5 297 10 1112 1658 10
815 132 477 25 1100 1638 10
737 95 277 20 966 1350 10
855 210 391 30 281 972 10
554 14 459 20 1156 1649 10
783 16 460 20 1523 1883 10
77 96 270 20 341 1077 10
311 211 386 20 346 786 10
666 141 426 23 1931 2440 10
182 179 497 1 5382 6027 10
238 210 398 10 500 1254 10
144 142 372 18 427 877 10
9 25 499 10 1604 2076 10
440 220 392 20 780 1403 10
601 66 336 10 897 1249 10
280 150 484 16 2304 2817 10
257 218 403 15 5258 5415 10
100 2 295 30 919 1647 10
334 73 328 20 603 944 10
609 65 453 30 677 1696 10
917 112 467 10 824 1503 10
679 208 396 20 571 961 10
120 7 382 27 2798 3485 10
17 203 390 40 495 894 10
876 213 397 10 689 1169 10
295 0 356 13 4375 4434 10
381 63 336 20 854 1397 10
635 89 272 10 621 1032 10
996 147 435 20 869 1212 10
845 90 296 20 405 927 10
358 16 463 20 1228 1890 10
551 107 374 8 3488 3946 10
357 133 455 25 3173 3410 10
434 149 458 13 4567 4864 10
882 56 268 28 4183 4449 10
642 95 382 19 637 1333 10
583 104 349 20 3858 4335 10
905 18 484 10 1194 1527 10
625 13 455 10 1230 1375 10
860 182 480 31 1253 1786 10
645 30 301 10 945 1395 10
113 195 464 20 5940 6511 10
185 27 464 21 5018 5430 10
698 179 286 8 1238 1612 10
946 76 462 18 3626 4141 10
975 5 445 30 1120 1488 10
833 77 465 11 879 1328 10
899 13 465 31 2981 3327 10
255 115 395 11 3054 3587 10
138 163 472 9 2386 2961 10
414 87 285 30 811 1237 10
823 92 270 20 937 1238 10
867 141 431 30 662 1201 10
168 175 422 24 5710 5981 10
705 55 449 20 795 1433 10
228 226 316 21 120 442 10
318 21 485 30 1166 1661 10
383 146 376 8 796 1199 10
746 134 428 20 1228 1357 10
102 54 445 10 1077 1507 10
106 230 487 20 4348 4808 10
839 144 439 30 914 1375 10
511 37 281 17 1745 2320 10
626 170 347 15 1601 2005 10
203 91 266 10 762 1219 10
279 8 497 40 1626 1756 10
496 13 314 14 967 1103 10
869 69 334 30 543 1225 10
569 32 319 21 1251 2073 10
972 28 467 34 5184 5676 10
618 79 291 10 697 1094 10
585 111 464 10 1147 1458 10
791 96 346 26 507 1094 10
812 44 496 32 1458 1876 10
86 97 288 22 4962 5430 10
466 138 438 20 1164 1255 10
803 90 285 40 999 1330 10
766 12 358 7 4789 5126 10
984 154 392 9 464 907 10
134 89 270 10 585 1164 10
417 67 451 5 4771 5074 10
740 112 465 10 891 1622 10
