c1_10_1

VEHICLE
NUMBER  CAPACITY
250   200

CUSTOMER
CUST NO. XCOORD. YCOORD. DEMAND READY TIME DUE DATE SERVICE TIME

0  250  250   0   0  1824   0
510 169 336 30 838 892 90
358 196 462 10 955 1003 90
252 267 400 10 779 836 90
134 187 491 20 771 854 90
86 268 400 20 869 928 90
739 188 462 40 753 826 90
409 189 464 10 856 906 90
817 224 314 10 1074 1126 90
464 214 394 10 778 834 90
857 169 340 10 737 806 90
628 218 318 20 884 939 90
281 215 395 20 865 928 90
391 220 392 20 970 1015 90
971 217 319 10 789 851 90
485 267 394 10 962 1027 90
260 243 399 10 782 837 90
376 220 319 30 971 1037 90
