c2_10_1

VEHICLE
NUMBER  CAPACITY
250   700

CUSTOMER
CUST NO. XCOORD. YCOORD. DEMAND READY TIME DUE DATE SERVICE TIME

0  250  250   0   0  3914   0
301 327 483 20 2098 2258 90
489 347 479 10 2389 2549 90
200 294 455 30 2426 2586 90
998 298 456 30 2332 2492 90
558 336 479 20 2198 2358 90
851 300 443 10 1996 2156 90
847 292 456 20 2518 2678 90
120 349 476 10 2483 2643 90
614 299 442 10 1904 2064 90
653 302 470 20 2227 2387 90
175 331 486 10 2003 2163 90
361 332 486 20 1912 2072 90
456 344 478 20 2296 2456 90
969 314 436 10 2101 2261 90
