c2_10_1

VEHICLE
NUMBER  CAPACITY
250   700

CUSTOMER
CUST NO. XCOORD. YCOORD. DEMAND READY TIME DUE DATE SERVICE TIME

0  250  250   0   0  3914   0
434 338 489 30 1308 1468 90
927 290 440 40 1621 1781 90
630 269 428 20 1145 1305 90
840 351 480 30 1710 1870 90
782 297 442 20 1812 1972 90
448 276 428 20 1048 1208 90
463 352 500 30 1505 1665 90
549 346 487 10 1808 1968 90
874 328 498 20 1113 1273 90
218 275 431 10 1242 1402 90
133 355 480 20 1616 1776 90
227 277 434 20 1427 1587 90
305 277 431 30 1334 1494 90
178 326 498 10 1021 1181 90
242 332 491 30 1211 1371 90
42 292 445 10 1716 1876 90
744 279 436 20 1519 1679 90
735 345 496 20 1407 1567 90
