c1_10_10

VEHICLE
NUMBER  CAPACITY
250   200

CUSTOMER
CUST NO. XCOORD. YCOORD. DEMAND READY TIME DUE DATE SERVICE TIME

0  250  250   0   0  1824   0
208 186 461 20 220 656 90
425 184 464 10 223 688 90
656 203 390 40 147 644 90
362 270 401 20 152 575 90
969 277 403 10 210 650 90
621 272 402 10 153 638 90
761 207 400 20 256 795 90
149 182 463 30 223 762 90
332 181 469 20 253 752 90
772 249 407 10 174 683 90
238 246 398 40 148 635 90
213 272 403 30 310 739 90
506 250 411 30 261 785 90
287 250 405 20 155 781 90
626 245 408 10 363 874 90
597 248 404 30 154 737 90
303 172 488 10 250 763 90
226 173 490 20 252 644 90
168 210 398 10 335 903 90
671 174 494 10 305 751 90
771 208 396 20 171 691 90
978 178 491 10 302 945 90
658 210 391 30 146 661 90
914 270 400 10 151 703 90
251 269 402 20 446 790 90
815 211 386 20 141 455 90
535 175 487 20 248 746 90
345 186 472 20 311 885 90
