c2_10_9

VEHICLE
NUMBER  CAPACITY
250   700

CUSTOMER
CUST NO. XCOORD. YCOORD. DEMAND READY TIME DUE DATE SERVICE TIME

0  250  250   0   0  3914   0
901 326 253 10 928 1309 90
271 296 253 10 375 1453 90
325 323 258 10 1131 1685 90
942 293 249 10 43 533 90
660 331 252 10 871 1556 90
591 325 246 10 1091 2109 90
743 317 251 30 681 1358 90
724 325 228 20 1472 2309 90
603 326 241 20 1276 2115 90
356 314 279 10 70 742 90
430 330 259 30 640 1983 90
798 312 252 20 393 1456 90
733 298 255 10 48 923 90
823 313 266 20 68 838 90
249 305 212 20 1205 1267 90
573 325 251 20 1015 1996 90
19 302 235 20 610 1636 90
174 323 229 10 1432 2163 90
967 313 263 20 64 1044 90
739 319 257 20 424 1047 90
417 320 258 20 70 1855 90
639 316 254 20 618 1043 90
560 296 232 10 1146 1549 90
