r2_10_5

VEHICLE
NUMBER  CAPACITY
250   1000

CUSTOMER
CUST NO. XCOORD. YCOORD. DEMAND READY TIME DUE DATE SERVICE TIME

0  250  250   0   0  7697   0
880 259 301 25 335 575 10
191 251 238 27 12 252 10
583 214 311 14 163 403 10
59 159 226 16 256 496 10
89 166 247 1 216 456 10
72 215 293 13 102 342 10
220 298 264 36 80 320 10
849 279 355 9 605 845 10
818 210 219 7 82 322 10
250 299 353 34 336 576 10
807 228 287 21 52 292 10
316 210 276 5 71 311 10
203 261 359 10 318 558 10
984 247 306 33 104 344 10
235 162 306 22 417 657 10
139 235 288 18 43 283 10
548 221 291 9 124 364 10
349 195 273 22 118 358 10
36 187 263 35 137 377 10
802 211 248 26 39 279 10
493 297 304 4 166 406 10
284 169 305 21 587 827 10
951 219 215 32 67 307 10
547 214 245 8 36 276 10
993 287 256 18 37 277 10
977 290 328 7 515 755 10
76 153 244 5 371 611 10
39 161 276 8 474 714 10
313 267 290 15 54 294 10
204 173 182 25 291 531 10
898 265 240 9 18 258 10
662 181 260 23 159 399 10
806 172 292 17 308 548 10
421 175 239 23 183 423 10
350 233 230 20 26 266 10
946 201 278 13 106 346 10
381 219 210 14 82 322 10
490 191 215 17 154 394 10
454 318 280 21 177 417 10
364 226 316 21 161 401 10
782 176 199 28 239 479 10
251 273 300 30 100 340 10
279 153 235 10 273 513 10
269 286 356 30 328 568 10
170 250 328 24 935 1175 10
