r2_10_5

VEHICLE
NUMBER  CAPACITY
250   1000

CUSTOMER
CUST NO. XCOORD. YCOORD. DEMAND READY TIME DUE DATE SERVICE TIME

0  250  250   0   0  7697   0
950 274 261 20 6768 7008 10
848 229 322 11 6581 6821 10
281 217 357 23 5620 5860 10
329 157 269 31 6245 6485 10
553 199 203 20 5769 6009 10
973 167 291 27 6477 6717 10
58 322 290 23 5856 6096 10
154 268 351 7 6640 6880 10
400 181 185 19 6395 6635 10
95 240 255 33 6384 6624 10
411 228 260 12 6362 6602 10
426 162 301 16 6392 6632 10
290 175 352 12 6600 6840 10
539 270 337 20 7071 7311 10
944 209 212 18 6051 6291 10
6 273 255 18 5908 6148 10
710 240 240 35 6738 6978 10
887 190 267 36 6955 7195 10
336 217 207 26 5470 5710 10
667 171 303 18 6297 6537 10
87 246 314 36 5721 5961 10
912 215 282 21 5702 5942 10
184 218 271 16 6235 6475 10
294 213 283 14 5824 6064 10
