r2_10_5

VEHICLE
NUMBER  CAPACITY
250   1000

CUSTOMER
CUST NO. XCOORD. YCOORD. DEMAND READY TIME DUE DATE SERVICE TIME

0  250  250   0   0  7697   0
103 144 331 13 3665 3905 10
338 224 320 36 5075 5315 10
716 299 285 3 4955 5195 10
741 159 299 12 4002 4242 10
671 179 318 2 4423 4663 10
303 230 320 8 4708 4948 10
241 164 332 19 5059 5299 10
207 325 311 22 5229 5469 10
487 268 288 26 5008 5248 10
384 178 302 19 3486 3726 10
520 297 283 28 5338 5578 10
596 166 345 14 4459 4699 10
607 174 347 3 3999 4239 10
702 164 320 12 4319 4559 10
593 161 275 21 5327 5567 10
557 214 274 24 5416 5656 10
994 203 211 20 5166 5406 10
775 197 202 29 4755 4995 10
896 244 277 18 5145 5385 10
978 146 313 22 4721 4961 10
452 225 269 30 5023 5263 10
179 221 269 14 5002 5242 10
9 295 283 26 3513 3753 10
