c1_10_6

VEHICLE
NUMBER  CAPACITY
250   200

CUSTOMER
CUST NO. XCOORD. YCOORD. DEMAND READY TIME DUE DATE SERVICE TIME

0  250  250   0   0  1824   0
431 100 394 10 965 1108 90
237 58 449 30 935 1100 90
349 59 457 30 689 969 90
865 56 434 20 752 1069 90
690 18 462 20 931 1174 90
887 16 463 20 810 929 90
275 52 432 20 744 887 90
944 111 463 20 861 933 90
341 95 391 10 827 1055 90
669 20 489 10 786 971 90
408 16 462 10 851 1071 90
731 8 497 40 924 1041 90
401 109 463 30 886 1092 90
178 60 454 10 805 1040 90
75 57 432 10 894 1112 90
