c1_10_8

VEHICLE
NUMBER  CAPACITY
250   200

CUSTOMER
CUST NO. XCOORD. YCOORD. DEMAND READY TIME DUE DATE SERVICE TIME

0  250  250   0   0  1824   0
558 392 424 10 853 1081 90
67 393 410 20 813 1082 90
939 405 455 40 796 1036 90
245 381 495 20 592 882 90
555 391 426 10 684 885 90
342 391 425 20 768 983 90
24 417 417 10 888 1086 90
568 413 417 10 1027 1315 90
552 386 414 10 997 1274 90
354 392 426 10 576 812 90
547 328 458 10 833 1116 90
147 387 488 20 884 1149 90
206 394 407 20 687 834 90
202 328 466 30 720 1033 90
223 411 421 20 782 997 90
636 384 491 20 807 1039 90
217 416 417 20 977 1180 90
793 381 494 10 708 949 90
118 325 466 40 563 824 90
512 412 453 10 624 801 90
685 391 413 10 920 1161 90
897 326 466 30 634 936 90
397 419 459 20 682 941 90
526 413 421 10 689 906 90
925 416 420 20 580 830 90
747 380 489 20 1012 1216 90
123 399 450 20 908 1120 90
549 390 415 20 928 1205 90
427 396 410 10 717 991 90
