c2_10_1

VEHICLE
NUMBER  CAPACITY
250   700

CUSTOMER
CUST NO. XCOORD. YCOORD. DEMAND READY TIME DUE DATE SERVICE TIME

0  250  250   0   0  3914   0
776 174 444 10 405 565 90
857 146 461 20 1497 1657 90
809 142 457 10 1593 1753 90
379 178 441 20 215 375 90
38 166 452 20 599 759 90
250 151 462 10 1402 1562 90
951 152 478 20 1015 1175 90
278 154 458 20 1125 1285 90
206 152 460 10 1310 1470 90
572 172 483 30 904 1064 90
95 166 464 10 794 954 90
209 135 460 10 1785 1945 90
640 169 443 30 500 660 90
197 176 447 20 311 471 90
673 177 436 20 199 359 90
258 163 453 10 693 853 90
253 152 457 10 1217 1377 90
856 141 454 20 1686 1846 90
