r2_10_10

VEHICLE
NUMBER  CAPACITY
250   1000

CUSTOMER
CUST NO. XCOORD. YCOORD. DEMAND READY TIME DUE DATE SERVICE TIME

0  250  250   0   0  7697   0
111 93 413 17 650 1160 10
833 112 433 29 712 1288 10
458 44 496 32 1434 1901 10
646 20 480 25 2087 2595 10
264 93 490 2 1350 1803 10
731 90 477 18 883 1338 10
377 102 422 23 729 1201 10
892 5 445 30 1085 1522 10
729 3 471 13 2628 3178 10
549 79 467 22 1231 1701 10
599 72 477 46 965 1343 10
633 80 458 30 1367 1717 10
231 124 448 6 1267 1801 10
914 77 465 11 874 1333 10
771 105 474 27 1617 2268 10
924 53 466 9 1135 1666 10
106 68 450 18 2355 2826 10
941 63 420 19 1875 2401 10
788 49 437 7 1528 2012 10
194 61 441 27 1971 2498 10
