c2_10_8

VEHICLE
NUMBER  CAPACITY
250   700

CUSTOMER
CUST NO. XCOORD. YCOORD. DEMAND READY TIME DUE DATE SERVICE TIME

0  250  250   0   0  3914   0
586 140 220 30 563 1203 90
108 132 218 10 122 762 90
554 147 199 30 114 754 90
635 211 180 20 518 1158 90
605 71 139 30 567 1207 90
405 151 214 10 271 911 90
442 118 214 20 136 776 90
183 152 196 10 111 751 90
313 80 141 30 254 894 90
383 161 203 20 100 740 90
277 107 221 40 294 934 90
422 83 151 10 194 834 90
970 217 189 20 324 964 90
963 78 141 30 203 843 90
281 94 130 10 361 1001 90
474 146 245 20 456 1096 90
421 140 206 30 168 808 90
382 137 227 20 115 755 90
94 148 225 40 373 1013 90
504 107 225 30 200 840 90
449 96 152 20 182 822 90
983 145 221 20 468 1108 90
550 95 160 10 179 819 90
903 118 223 10 134 774 90
252 155 198 30 108 748 90
914 77 133 10 469 1109 90
610 220 192 20 65 705 90
376 211 188 10 420 1060 90
604 152 241 20 553 1193 90
