c2_10_8

VEHICLE
NUMBER  CAPACITY
250   700

CUSTOMER
CUST NO. XCOORD. YCOORD. DEMAND READY TIME DUE DATE SERVICE TIME

0  250  250   0   0  3914   0
29 48 137 20 1557 2197 90
638 117 204 30 1458 2098 90
593 200 195 20 1945 2585 90
897 110 199 10 1967 2607 90
493 44 153 30 1755 2395 90
228 119 232 10 1699 2339 90
270 189 200 10 1749 2389 90
273 30 162 10 1862 2502 90
768 51 162 20 1973 2613 90
955 138 196 30 1753 2393 90
158 61 170 30 2168 2808 90
557 121 236 10 1794 2434 90
59 121 203 10 1552 2192 90
74 101 179 20 2172 2812 90
135 126 188 20 1858 2498 90
40 196 192 30 1850 2490 90
677 49 136 10 1465 2105 90
506 204 189 10 2138 2778 90
787 59 163 20 2071 2711 90
736 167 169 20 1414 2054 90
658 50 138 20 1649 2289 90
505 173 208 30 1641 2281 90
893 104 198 20 2063 2703 90
631 123 206 10 1645 2285 90
168 202 198 30 2038 2678 90
848 183 187 20 1528 2168 90
