rc2_10_5

VEHICLE
NUMBER  CAPACITY
250   1000

CUSTOMER
CUST NO. XCOORD. YCOORD. DEMAND READY TIME DUE DATE SERVICE TIME

0  250  250   0   0  7284   0
565 262 92 25 2505 2658 10
633 238 123 24 3039 3329 10
730 195 111 15 3998 4106 10
470 341 59 27 3041 3398 10
781 341 72 9 3109 3450 10
667 295 89 23 2908 3148 10
723 200 78 31 3906 4155 10
400 330 147 28 3292 3616 10
236 365 74 24 3219 3689 10
750 239 15 2 2260 2691 10
209 265 0 10 3428 3861 10
42 307 52 23 3556 3927 10
982 337 41 8 3875 4263 10
652 251 63 14 3841 4178 10
129 325 56 13 3175 3316 10
