r2_10_9

VEHICLE
NUMBER  CAPACITY
250   1000

CUSTOMER
CUST NO. XCOORD. YCOORD. DEMAND READY TIME DUE DATE SERVICE TIME

0  250  250   0   0  7697   0
706 95 64 4 2969 3279 10
842 124 111 15 3185 3250 10
51 6 53 8 2207 2608 10
104 98 2 14 2227 2626 10
480 132 32 18 3002 3393 10
117 108 37 23 1908 2608 10
143 64 135 11 3500 3566 10
628 68 53 16 2851 3178 10
737 18 24 32 2375 2771 10
579 66 88 2 3093 3665 10
485 52 18 28 3308 3668 10
663 125 61 26 2316 2698 10
711 140 137 32 1964 2713 10
909 65 82 13 2807 3230 10
613 89 65 16 2758 3125 10
868 19 38 15 3277 3621 10
570 120 37 28 2919 3404 10
182 41 120 22 2759 2928 10
901 142 14 18 3115 3686 10
696 21 70 15 2968 3321 10
814 80 117 24 3237 3476 10
360 44 140 11 3458 3608 10
591 125 65 17 3014 3414 10
697 9 101 16 2497 2952 10
