rc1_10_9

VEHICLE
NUMBER  CAPACITY
250   200

CUSTOMER
CUST NO. XCOORD. YCOORD. DEMAND READY TIME DUE DATE SERVICE TIME

0  250  250   0   0  1821   0
172 385 17 40 764 884 10
470 341 59 27 745 865 10
322 364 71 5 1303 1423 10
620 376 92 10 946 1066 10
673 432 66 30 1026 1146 10
129 325 56 13 751 871 10
726 397 57 17 1431 1551 10
232 390 34 7 1015 1135 10
103 382 110 24 1067 1187 10
982 337 41 8 957 1077 10
403 335 46 18 1297 1417 10
236 365 74 24 803 923 10
570 344 70 24 1101 1221 10
371 323 29 7 1092 1212 10
33 390 120 24 959 1079 10
643 352 63 6 1133 1253 10
781 341 72 9 760 880 10
112 429 67 16 687 807 10
804 415 95 15 1132 1252 10
205 391 112 24 955 1075 10
