r1_10_4

VEHICLE
NUMBER   CAPACITY
250     200

CUSTOMER
CUST NO. XCOORD.  YCOORD.  DEMAND  READY TIME DUE DATE  SERVICE TIME

0   250    250     0     0    1925     0
467 432 66 30 0 1657 10
193 429 59 9 0 1654 10
600 432 2 20 0 1608 10
989 441 60 21 1469 1479 10
268 481 84 17 0 1631 10
684 441 7 20 0 1606 10
115 476 61 36 0 1621 10
974 480 119 7 0 1651 10
535 482 104 19 0 1641 10
953 495 83 32 0 1619 10
978 440 77 14 0 1659 10
892 426 38 23 0 1640 10
36 492 34 5 0 1591 10
359 471 94 30 0 1645 10
49 438 5 18 0 1607 10
809 466 96 22 1393 1403 10
311 436 25 19 1292 1302 10
17 485 104 21 804 814 10
55 459 53 20 0 1628 10
20 472 57 17 0 1621 10
64 451 62 5 0 1640 10
975 488 96 22 0 1632 10
187 450 45 24 0 1629 10
414 497 18 10 0 1577 10
232 429 67 16 742 752 10
154 488 3 3 0 1572 10
326 493 111 26 0 1636 10
417 442 5 16 0 1604 10
952 437 19 15 0 1618 10
378 497 54 14 988 998 10
