r1_10_4

VEHICLE
NUMBER   CAPACITY
250     200

CUSTOMER
CUST NO. XCOORD.  YCOORD.  DEMAND  READY TIME DUE DATE  SERVICE TIME

0   250    250     0     0    1925     0
455 213 283 14 0 1866 10
753 225 269 30 0 1884 10
932 187 263 35 64 74 10
461 215 282 21 0 1868 10
800 206 172 29 798 808 10
673 191 215 17 68 78 10
394 159 226 16 94 104 10
122 181 260 23 0 1846 10
703 176 199 28 0 1826 10
687 228 260 12 0 1891 10
721 214 274 24 0 1872 10
844 221 269 14 0 1881 10
819 213 185 21 0 1841 10
281 206 174 14 0 1828 10
117 201 278 13 0 1859 10
489 195 273 22 59 69 10
213 211 248 26 39 49 10
289 153 244 5 0 1818 10
898 218 271 16 0 1877 10
616 153 235 10 0 1817 10
866 240 240 35 0 1901 10
254 176 200 17 578 588 10
26 210 276 5 0 1868 10
854 233 230 20 0 1889 10
796 209 212 18 0 1860 10
606 175 239 23 75 85 10
516 217 207 26 0 1861 10
247 247 219 17 0 1884 10
478 240 255 33 0 1904 10
532 190 267 36 0 1853 10
1000 166 247 1 0 1831 10
610 248 214 19 0 1879 10
625 197 202 29 1214 1224 10
927 219 215 32 0 1869 10
729 199 203 20 0 1846 10
110 251 238 27 0 1903 10
726 214 245 8 0 1879 10
667 210 219 7 0 1865 10
214 212 186 11 0 1841 10
68 219 210 14 50 60 10
51 203 211 20 0 1854 10
486 265 240 9 18 28 10
