r1_10_4

VEHICLE
NUMBER   CAPACITY
250     200

CUSTOMER
CUST NO. XCOORD.  YCOORD.  DEMAND  READY TIME DUE DATE  SERVICE TIME

0   250    250     0     0    1925     0
356 26 67 15 0 1626 10
529 30 97 23 0 1648 10
31 52 18 28 0 1610 10
604 66 31 25 0 1629 10
252 38 15 3 0 1599 10
573 71 12 2 0 1618 10
307 65 82 13 0 1666 10
715 62 94 16 0 1671 10
556 66 88 2 0 1670 10
488 87 51 35 0 1658 10
534 18 24 32 0 1592 10
813 89 65 16 0 1670 10
30 25 53 23 0 1616 10
895 102 6 3 0 1630 10
107 100 85 14 0 1693 10
275 68 53 16 749 759 10
338 91 27 14 1192 1202 10
402 24 71 11 356 366 10
441 64 5 14 0 1608 10
503 67 24 10 0 1625 10
354 30 7 23 1199 1209 10
999 19 38 15 0 1602 10
942 94 40 24 1078 1088 10
200 92 18 8 0 1635 10
701 15 11 15 0 1580 10
387 98 29 14 0 1647 10
591 92 76 4 0 1680 10
364 6 53 8 0 1602 10
855 79 80 19 0 1674 10
603 56 75 24 0 1654 10
938 60 29 32 1373 1383 10
614 100 66 15 0 1678 10
786 3 23 11 0 1580 10
27 58 39 12 0 1630 10
491 95 64 4 0 1673 10
39 60 5 18 1054 1064 10
552 21 70 15 781 791 10
383 104 28 8 0 1650 10
222 7 82 25 422 432 10
158 65 62 15 0 1652 10
410 16 68 11 0 1619 10
791 98 2 14 0 1625 10
801 32 94 14 940 950 10
134 108 37 23 0 1660 10
990 51 89 19 1218 1228 10
385 87 3 13 0 1620 10
316 57 43 15 0 1632 10
