c1_10_5

VEHICLE
NUMBER  CAPACITY
250   200

CUSTOMER
CUST NO. XCOORD. YCOORD. DEMAND READY TIME DUE DATE SERVICE TIME

0  250  250   0   0  1824   0
29 440 247 20 675 822 90
221 434 245 10 1325 1469 90
650 459 295 20 1189 1293 90
73 417 218 10 1030 1156 90
85 470 290 10 807 924 90
469 415 223 20 1231 1329 90
881 460 293 30 1083 1215 90
233 466 295 20 998 1107 90
396 423 217 20 765 868 90
768 445 273 20 700 806 90
101 441 244 10 849 1016 90
733 421 218 10 845 973 90
826 435 267 20 1155 1281 90
657 443 272 10 788 902 90
860 439 243 20 1152 1266 90
392 442 243 10 977 1071 90
423 468 291 30 716 829 90
330 439 268 10 969 1096 90
15 418 218 20 948 1056 90
248 435 268 10 1041 1213 90
741 418 221 10 1127 1246 90
863 441 273 20 879 996 90
757 440 244 10 774 909 90
554 468 295 10 904 1018 90
453 440 241 10 1054 1179 90
283 436 241 20 1242 1362 90
