c1_10_8

VEHICLE
NUMBER  CAPACITY
250   200

CUSTOMER
CUST NO. XCOORD. YCOORD. DEMAND READY TIME DUE DATE SERVICE TIME

0  250  250   0   0  1824   0
105 75 347 10 696 987 90
592 213 397 10 585 839 90
27 87 285 30 609 864 90
16 20 488 10 665 909 90
689 132 291 10 668 866 90
471 241 403 10 608 823 90
422 111 464 10 672 940 90
669 20 489 10 757 999 90
522 92 270 20 877 1106 90
408 16 462 10 843 1079 90
216 58 458 10 605 870 90
260 243 399 10 721 899 90
174 91 268 10 778 1021 90
946 134 285 20 1066 1207 90
237 58 449 30 917 1119 90
866 12 463 20 686 865 90
75 57 432 10 889 1116 90
911 38 301 20 652 929 90
510 169 336 30 742 988 90
666 84 346 20 1042 1209 90
97 74 350 10 817 1052 90
690 18 462 20 936 1170 90
794 218 321 20 617 839 90
944 111 463 20 797 997 90
134 187 491 20 696 929 90
62 8 300 10 1056 1286 90
744 30 301 10 581 804 90
936 186 464 10 564 828 90
812 16 460 20 1001 1290 90
887 16 463 20 776 964 90
713 60 428 20 976 1220 90
315 63 336 20 701 982 90
269 50 438 20 634 870 90
376 220 319 30 849 1158 90
518 62 326 20 799 1084 90
176 63 444 20 1014 1216 90
811 95 277 20 954 1224 90
126 2 295 30 676 925 90
464 214 394 10 682 929 90
865 56 434 20 797 1023 90
680 88 287 30 798 1039 90
541 86 268 10 597 827 90
178 60 454 10 829 1016 90
378 55 431 20 611 835 90
919 77 350 10 920 1135 90
281 215 395 20 768 1026 90
387 26 490 10 1159 1406 90
358 196 462 10 875 1083 90
341 95 391 10 806 1075 90
18 73 346 10 642 857 90
431 100 394 10 927 1146 90
739 188 462 40 662 917 90
391 220 392 20 867 1118 90
375 16 497 20 979 1183 90
628 218 318 20 777 1046 90
153 90 285 40 903 1119 90
409 189 464 10 778 985 90
701 25 499 10 1048 1312 90
138 132 290 10 741 975 90
160 134 428 20 845 1081 90
401 109 463 30 861 1117 90
688 66 336 10 623 873 90
189 88 286 10 740 914 90
412 138 438 20 720 1004 90
53 7 300 30 959 1201 90
265 6 296 10 720 1070 90
490 21 488 10 548 845 90
436 24 492 10 1197 1356 90
614 17 459 10 1112 1363 90
720 0 297 10 586 829 90
971 217 319 10 681 959 90
225 136 288 10 939 1146 90
816 144 439 30 655 877 90
2 5 297 10 857 1116 90
886 91 266 10 672 943 90
606 102 391 20 1001 1259 90
349 59 457 30 706 952 90
974 112 465 10 592 836 90
857 169 340 10 667 875 90
579 110 459 30 973 1192 90
538 111 459 20 1066 1282 90
905 134 288 20 821 1081 90
731 8 497 40 834 1132 90
142 95 384 30 634 871 90
817 224 314 10 921 1279 90
845 17 458 10 1110 1422 90
185 64 426 10 1058 1326 90
851 179 492 10 590 839 90
516 97 387 10 735 957 90
275 52 432 20 689 942 90
