c1_10_9

VEHICLE
NUMBER  CAPACITY
250   200

CUSTOMER
CUST NO. XCOORD. YCOORD. DEMAND READY TIME DUE DATE SERVICE TIME

0  250  250   0   0  1824   0
797 478 464 10 312 672 90
188 380 498 10 372 732 90
990 472 481 20 322 682 90
440 408 453 10 438 798 90
959 462 367 20 333 693 90
104 422 420 20 338 698 90
45 478 461 10 316 676 90
584 471 484 10 415 775 90
7 393 408 30 489 849 90
625 470 475 30 314 674 90
443 391 407 10 397 757 90
528 391 429 20 320 680 90
743 408 452 10 347 707 90
841 461 369 10 426 786 90
68 480 460 20 408 768 90
132 419 422 20 431 791 90
482 468 475 10 313 673 90
494 398 428 10 417 777 90
527 382 498 10 464 824 90
