r2_10_4

VEHICLE
NUMBER   CAPACITY
250     1000

CUSTOMER
CUST NO. XCOORD.  YCOORD.  DEMAND  READY TIME DUE DATE  SERVICE TIME

0   250    250     0     0    7697     0
12 48 162 15 0 7467 10
141 232 101 24 0 7537 10
932 7 82 25 0 7392 10
756 165 59 27 0 7478 10
193 236 126 23 0 7563 10
22 143 158 12 0 7546 10
461 91 27 14 0 7414 10
816 144 220 35 0 7577 10
647 61 170 20 0 7482 10
490 191 215 17 211 338 10
697 9 101 16 0 7404 10
59 159 226 16 314 439 10
339 206 97 33 1785 1920 10
293 72 227 25 0 7508 10
80 177 156 25 0 7568 10
376 225 121 18 0 7556 10
267 172 66 18 0 7488 10
345 14 232 18 0 7451 10
84 128 113 22 0 7504 10
10 57 43 15 0 7404 10
507 172 24 17 5814 5924 10
398 26 221 28 0 7462 10
437 174 122 14 0 7539 10
805 213 185 21 0 7613 10
960 135 30 12 0 7439 10
8 117 178 28 4484 4574 10
696 21 70 15 0 7396 10
328 200 27 22 0 7459 10
418 51 89 19 0 7432 10
360 44 140 11 3464 3602 10
237 188 119 44 0 7543 10
407 32 94 14 3707 3854 10
613 89 65 16 2863 3019 10
104 98 2 14 2361 2493 10
765 44 115 24 0 7441 10
225 83 169 21 0 7502 10
906 66 31 25 0 7401 10
995 79 80 19 0 7446 10
891 60 29 32 0 7396 10
394 33 152 17 5278 5403 10
305 87 3 13 0 7392 10
497 142 30 32 0 7442 10
499 193 138 30 0 7562 10
663 125 61 26 2460 2554 10
283 149 214 7 0 7580 10
558 16 68 11 0 7391 10
721 46 163 8 0 7466 10
52 15 11 15 0 7352 10
306 133 202 33 0 7561 10
174 18 225 8 0 7454 10
570 120 37 28 0 7438 10
433 66 163 6 0 7484 10
672 187 73 18 0 7500 10
967 30 7 23 4734 4895 10
588 62 236 29 2238 2345 10
966 21 146 21 0 7436 10
117 108 37 23 0 7432 10
118 1 101 8 0 7397 10
43 87 213 18 0 7520 10
258 144 35 26 0 7448 10
734 57 183 15 0 7483 10
518 157 38 3 0 7456 10
535 188 151 7 0 7571 10
934 158 179 37 0 7571 10
953 86 189 21 0 7513 10
400 181 185 19 0 7593 10
300 224 56 13 0 7492 10
331 202 28 22 0 7460 10
140 94 192 1 0 7521 10
743 178 135 21 0 7552 10
986 180 162 9 653 855 10
851 142 80 12 0 7486 10
859 30 155 9 5129 5235 10
166 174 41 15 0 7465 10
842 124 111 15 0 7500 10
951 219 215 32 0 7641 10
30 39 162 18 0 7459 10
648 210 81 2 0 7514 10
634 60 5 18 0 7377 10
107 153 192 13 0 7574 10
275 178 150 33 0 7564 10
709 61 214 4 0 7495 10
480 132 32 18 0 7440 10
45 62 94 16 0 7443 10
619 224 3 10 0 7439 10
818 210 219 7 0 7637 10
527 25 53 23 4088 4193 10
857 68 160 21 0 7484 10
640 43 210 20 0 7477 10
866 9 233 31 1227 1343 10
498 68 240 11 3176 3300 10
239 103 177 28 2494 2637 10
970 109 56 27 0 7448 10
553 199 203 20 0 7618 10
146 218 12 3 0 7447 10
674 31 175 24 0 7456 10
505 102 6 3 0 7402 10
143 64 135 11 3495 3571 10
628 68 53 16 0 7419 10
826 132 151 22 0 7533 10
711 140 137 32 2276 2401 10
781 186 135 24 0 7556 10
309 173 65 12 1768 1940 10
994 203 211 20 0 7626 10
947 206 172 29 3131 3293 10
76 153 244 5 0 7590 10
608 238 123 24 0 7560 10
446 233 87 18 966 1174 10
925 114 102 21 0 7487 10
243 209 68 27 0 7501 10
939 87 51 35 0 7430 10
541 200 78 31 0 7508 10
62 34 169 11 0 7457 10
748 10 237 19 0 7447 10
754 47 208 30 0 7480 10
804 23 235 43 0 7460 10
701 158 24 18 0 7443 10
778 74 215 10 0 7508 10
777 71 12 2 0 7390 10
581 134 194 19 0 7559 10
366 201 66 14 0 7497 10
325 198 85 28 1032 1189 10
796 64 5 14 0 7380 10
521 210 113 28 0 7545 10
304 6 196 20 0 7438 10
147 110 122 14 0 7498 10
536 111 178 18 0 7531 10
606 223 178 20 0 7611 10
782 176 199 28 0 7598 10
368 134 211 35 458 626 10
421 175 239 23 0 7612 10
955 7 194 29 0 7438 10
41 168 109 10 0 7524 10
591 125 65 17 0 7464 10
137 241 180 13 0 7617 10
525 235 108 12 0 7545 10
963 63 155 7 0 7478 10
712 242 106 28 0 7543 10
737 18 24 32 2551 2596 10
77 176 200 17 2266 2394 10
775 197 202 29 0 7616 10
470 147 30 26 4424 4565 10
666 75 118 21 0 7468 10
182 41 120 22 2791 2897 10
165 248 176 32 0 7613 10
238 100 85 14 0 7465 10
795 171 188 30 2481 2604 10
601 120 17 30 0 7421 10
266 60 231 32 0 7497 10
938 77 172 23 0 7498 10
911 105 181 19 0 7527 10
257 60 246 25 0 7497 10
463 82 183 17 4444 4490 10
774 58 39 12 0 7402 10
644 105 140 27 0 7505 10
617 171 34 21 0 7458 10
609 187 61 19 2155 2325 10
173 156 65 22 4143 4275 10
944 209 212 18 6142 6200 10
706 95 64 4 3083 3164 10
70 191 84 13 0 7511 10
915 43 135 31 0 7451 10
786 215 79 5 0 7513 10
841 92 76 4 0 7452 10
240 26 67 15 0 7398 10
120 38 190 23 0 7467 10
190 245 176 20 4943 5055 10
868 19 38 15 0 7374 10
17 94 40 24 0 7426 10
654 41 232 16 0 7478 10
295 130 140 17 0 7525 10
381 219 210 14 0 7637 10
133 103 123 8 0 7493 10
524 140 108 29 0 7508 10
44 45 166 22 0 7466 10
302 13 214 21 5428 5520 10
922 195 111 15 0 7538 10
845 49 118 3 0 7447 10
901 142 14 18 0 7428 10
336 217 207 26 0 7633 10
362 39 153 26 0 7455 10
485 52 18 28 0 7382 10
905 196 56 15 0 7486 10
236 24 71 11 0 7399 10
991 86 199 23 0 7516 10
204 173 182 25 383 438 10
113 231 167 15 246 435 10
545 30 97 23 4851 4951 10
114 179 75 13 2982 3057 10
526 210 133 15 0 7564 10
169 92 18 8 0 7407 10
899 130 186 16 513 656 10
138 174 67 15 0 7489 10
414 146 188 6 0 7566 10
784 150 68 23 0 7480 10
232 0 188 26 0 7430 10
767 64 198 10 0 7494 10
656 149 98 4 0 7505 10
473 168 59 6 0 7480 10
415 212 186 11 0 7613 10
943 206 174 14 3201 3318 10
16 3 23 11 1550 1702 10
824 178 72 23 3035 3139 10
814 80 117 24 0 7472 10
383 210 29 13 0 7463 10
142 28 180 34 0 7455 10
222 53 204 8 0 7485 10
883 65 62 15 0 7424 10
746 171 24 11 0 7448 10
918 38 15 3 0 7371 10
670 215 129 17 0 7562 10
971 212 47 20 0 7481 10
158 151 81 28 0 7492 10
273 226 175 23 0 7609 10
460 67 24 10 0 7397 10
279 153 235 10 0 7589 10
869 46 248 9 0 7483 10
42 111 192 11 0 7537 10
981 104 28 8 0 7422 10
579 66 88 2 0 7442 10
909 65 82 13 2966 3071 10
504 98 29 14 4209 4284 10
595 117 110 13 0 7494 10
406 67 190 25 0 7495 10
326 138 28 23 4362 4530 10
466 32 191 5 2344 2465 10
108 34 239 16 896 975 10
611 89 185 16 0 7514 10
51 6 53 8 0 7374 10
180 105 137 32 0 7504 10
789 100 66 15 0 7450 10
565 231 29 14 4896 5035 10
48 56 75 24 0 7426 10
277 5 224 19 0 7441 10
375 48 150 15 0 7462 10
385 148 208 22 0 7577 10
