r1_10_1

VEHICLE
NUMBER  CAPACITY
250   200

CUSTOMER
CUST NO. XCOORD. YCOORD. DEMAND READY TIME DUE DATE SERVICE TIME

0  250  250   0   0  1925   0
335 55 318 13 322 332 10
442 44 311 27 417 427 10
140 111 178 18 156 166 10
493 24 259 19 380 390 10
731 86 199 23 288 298 10
345 47 208 30 236 246 10
29 41 232 16 215 225 10
858 66 314 26 194 204 10
964 16 287 12 281 291 10
156 48 293 22 286 296 10
401 35 263 27 280 290 10
765 61 214 4 352 362 10
305 1 252 5 285 295 10
640 13 314 14 254 264 10
361 130 186 16 141 151 10
838 36 301 21 219 229 10
160 68 303 22 231 241 10
45 32 319 21 411 421 10
95 86 189 21 237 247 10
885 60 246 25 190 200 10
58 31 175 24 257 267 10
934 74 215 10 239 249 10
337 48 162 15 227 237 10
629 84 255 13 292 302 10
409 38 190 23 295 305 10
657 9 233 31 316 326 10
959 52 303 25 451 461 10
719 14 232 18 315 325 10
748 92 259 4 409 419 10
296 66 163 6 405 415 10
248 28 180 34 396 406 10
553 80 251 14 314 324 10
637 34 239 16 229 239 10
86 43 210 20 210 220 10
544 87 311 7 174 184 10
