c2_10_7

VEHICLE
NUMBER  CAPACITY
250   700

CUSTOMER
CUST NO. XCOORD. YCOORD. DEMAND READY TIME DUE DATE SERVICE TIME

0  250  250   0   0  3914   0
301 327 483 20 1855 2501 90
264 357 445 20 3082 3452 90
489 347 479 10 2278 2661 90
887 345 468 10 2514 3000 90
200 294 455 30 2402 2611 90
834 289 452 20 2460 3295 90
840 351 480 30 1423 2157 90
354 275 448 10 2743 3221 90
366 348 466 20 2360 2967 90
782 297 442 20 1473 2312 90
549 346 487 10 1397 2379 90
208 337 453 30 2947 3183 90
672 329 459 10 2744 3185 90
558 336 479 20 2220 2337 90
851 300 443 10 1570 2581 90
687 267 436 30 2924 3249 90
326 293 454 20 2653 2729 90
998 298 456 30 2137 2687 90
43 329 471 30 2700 3026 90
847 292 456 20 2529 2668 90
120 349 476 10 2402 2724 90
353 340 449 10 2418 3606 90
614 299 442 10 1647 2322 90
42 292 445 10 1639 1954 90
692 291 450 10 2641 2929 90
979 247 447 10 3081 3319 90
653 302 470 20 1971 2643 90
175 331 486 10 1559 2607 90
361 332 486 20 1754 2231 90
456 344 478 20 2002 2751 90
969 314 436 10 1723 2640 90
