rc1_10_9

VEHICLE
NUMBER  CAPACITY
250   200

CUSTOMER
CUST NO. XCOORD. YCOORD. DEMAND READY TIME DUE DATE SERVICE TIME

0  250  250   0   0  1821   0
101 237 254 20 38 158 10
173 180 283 23 699 819 10
991 236 247 20 14 134 10
252 234 246 10 20 140 10
976 198 271 20 56 176 10
93 273 300 30 55 175 10
244 211 248 26 39 159 10
349 200 270 20 53 173 10
659 244 254 20 55 175 10
779 243 248 30 7 127 10
868 198 264 20 95 215 10
922 210 276 5 47 167 10
228 226 316 21 70 190 10
161 192 265 10 79 199 10
458 235 316 2 611 731 10
176 248 251 20 2 122 10
65 200 261 10 121 241 10
610 206 261 10 137 257 10
538 166 247 1 84 204 10
6 175 239 23 75 195 10
547 201 278 13 56 176 10
967 197 270 30 56 176 10
230 244 250 10 6 126 10
477 265 240 9 18 138 10
838 204 269 30 49 169 10
149 249 258 30 82 202 10
374 200 265 10 107 227 10
126 201 270 10 52 172 10
793 245 251 10 5 125 10
886 250 328 24 204 324 10
451 228 287 21 43 163 10
464 199 268 20 54 174 10
871 240 250 10 10 130 10
698 179 286 8 296 416 10
59 246 255 10 68 188 10
407 214 245 8 36 156 10
484 195 273 22 59 179 10
437 221 291 9 50 170 10
647 197 267 10 64 184 10
