c2_10_7

VEHICLE
NUMBER  CAPACITY
250   700

CUSTOMER
CUST NO. XCOORD. YCOORD. DEMAND READY TIME DUE DATE SERVICE TIME

0  250  250   0   0  3914   0
982 436 301 20 941 1965 90
469 430 310 30 666 1846 90
320 420 311 30 769 1177 90
852 420 295 10 1530 2135 90
298 408 305 10 167 1044 90
569 419 310 10 599 1165 90
520 420 308 30 569 1009 90
375 428 312 10 939 1388 90
322 418 300 10 590 792 90
993 405 311 30 169 344 90
995 428 314 20 880 1264 90
870 431 301 10 1444 1653 90
4 430 298 10 1179 2104 90
286 440 302 20 693 2026 90
411 428 298 30 1356 2111 90
670 412 300 20 174 1016 90
792 404 310 20 165 1030 90
