c1_10_7

VEHICLE
NUMBER   CAPACITY
250     200

CUSTOMER
CUST NO. XCOORD.  YCOORD.  DEMAND  READY TIME DUE DATE  SERVICE TIME

0   250    250     0     0    1824     0
455 266 405 20 622 802 90
451 386 405 20 206 386 90
578 388 408 10 303 483 90
993 475 480 30 784 964 90
132 419 422 20 521 701 90
549 390 415 20 976 1156 90
785 422 409 10 234 414 90
849 388 418 10 217 397 90
267 421 415 30 240 420 90
252 267 400 10 717 897 90
969 277 403 10 340 520 90
837 419 418 10 334 514 90
864 477 478 20 877 1057 90
960 455 365 20 235 415 90
962 405 450 20 253 433 90
268 319 468 10 231 411 90
684 457 374 10 885 1065 90
797 478 464 10 313 493 90
104 422 420 20 428 608 90
24 417 417 10 897 1077 90
115 404 447 20 250 430 90
558 392 424 10 877 1057 90
568 413 417 10 1081 1261 90
363 474 461 30 307 487 90
118 325 466 40 604 784 90
28 374 489 20 269 449 90
43 470 473 10 1156 1336 90
574 322 468 20 510 690 90
210 323 471 30 417 597 90
575 483 458 10 592 772 90
67 393 410 20 857 1037 90
636 384 491 20 833 1013 90
213 272 403 30 435 615 90
743 408 452 10 437 617 90
60 476 483 10 600 780 90
810 459 368 10 240 420 90
959 462 367 20 423 603 90
897 326 466 30 695 875 90
480 459 374 20 793 973 90
45 478 461 10 406 586 90
527 382 498 10 554 734 90
354 392 426 10 604 784 90
914 270 400 10 151 331 90
397 419 459 20 721 901 90
19 480 455 10 1061 1241 90
584 471 484 10 505 685 90
973 378 493 30 367 547 90
251 269 402 20 528 708 90
7 393 408 30 579 759 90
621 272 402 10 245 425 90
6 322 465 10 226 406 90
555 391 426 10 695 875 90
476 390 423 10 223 403 90
427 396 410 10 764 944 90
925 416 420 20 615 795 90
747 380 489 20 1024 1204 90
939 405 455 40 826 1006 90
494 398 428 10 507 687 90
980 319 470 10 323 503 90
304 460 374 20 702 882 90
147 387 488 20 927 1107 90
202 328 466 30 787 967 90
809 477 483 20 691 871 90
788 389 428 20 318 498 90
346 390 408 30 395 575 90
217 416 417 20 988 1168 90
123 399 450 20 924 1104 90
188 380 498 10 462 642 90
775 376 494 30 275 455 90
580 459 372 20 609 789 90
440 408 453 10 528 708 90
528 391 429 20 410 590 90
280 473 475 10 1062 1242 90
482 468 475 10 313 493 90
841 461 369 10 516 696 90
512 412 453 10 622 802 90
295 483 457 20 683 863 90
302 487 450 10 871 1051 90
362 270 401 20 152 332 90
485 267 394 10 904 1084 90
625 470 475 30 315 495 90
187 481 456 40 969 1149 90
833 453 367 20 983 1163 90
526 413 421 10 708 888 90
223 411 421 20 800 980 90
552 386 414 10 1046 1226 90
547 328 458 10 885 1065 90
245 381 495 20 647 827 90
685 391 413 10 951 1131 90
342 391 425 20 786 966 90
443 391 407 10 487 667 90
68 480 460 20 498 678 90
86 268 400 20 808 988 90
790 475 477 20 970 1150 90
620 460 367 20 331 511 90
56 451 367 20 1075 1255 90
793 381 494 10 738 918 90
180 485 454 10 776 956 90
206 394 407 20 671 851 90
486 406 450 20 344 524 90
990 472 481 20 412 592 90
605 389 404 10 209 389 90
