c1_10_3

VEHICLE
NUMBER   CAPACITY
250     200

CUSTOMER
CUST NO. XCOORD.  YCOORD.  DEMAND  READY TIME DUE DATE  SERVICE TIME

0   250    250     0     0    1824     0
2 5 297 10 955 1017 90
736 35 304 30 0 1513 90
153 90 285 40 0 1571 90
407 3 292 20 404 457 90
906 89 270 10 590 647 90
34 35 306 20 0 1512 90
53 7 300 30 1056 1104 90
937 7 292 10 246 306 90
174 91 268 10 869 931 90
518 62 326 20 0 1532 90
934 0 293 30 591 637 90
680 88 287 30 0 1568 90
986 85 288 20 329 386 90
586 89 272 10 498 555 90
818 79 291 10 519 568 90
744 30 301 10 660 726 90
61 30 302 10 0 1508 90
541 86 268 10 689 735 90
62 8 300 10 1131 1211 90
411 90 296 20 0 1568 90
181 6 292 10 316 360 90
811 95 277 20 1057 1121 90
720 0 297 10 679 737 90
886 91 266 10 0 1575 90
938 80 290 10 0 1560 90
911 38 301 20 0 1516 90
463 90 274 20 411 458 90
27 87 285 30 709 764 90
189 88 286 10 795 859 90
912 25 307 10 0 1502 90
563 89 290 20 0 1569 90
922 35 303 20 0 1513 90
840 96 270 20 308 367 90
910 80 286 10 0 1561 90
102 1 293 10 0 1482 90
126 2 295 30 774 828 90
265 6 296 10 863 926 90
522 92 270 20 0 1575 90
