c1_10_3

VEHICLE
NUMBER   CAPACITY
250     200

CUSTOMER
CUST NO. XCOORD.  YCOORD.  DEMAND  READY TIME DUE DATE  SERVICE TIME

0   250    250     0     0    1824     0
348 307 108 10 0 1581 90
856 281 164 20 0 1643 90
388 324 127 30 143 200 90
398 285 163 10 714 780 90
327 305 107 20 0 1581 90
760 326 118 10 213 272 90
5 286 159 20 530 597 90
686 304 102 30 505 559 90
305 279 138 40 281 320 90
499 313 119 30 679 742 90
272 323 118 20 0 1584 90
32 297 102 10 214 281 90
477 285 162 30 625 688 90
30 281 137 10 0 1617 90
520 299 98 30 0 1575 90
353 317 123 20 497 554 90
243 307 102 40 0 1576 90
941 300 108 10 0 1584 90
321 319 124 20 400 465 90
25 287 143 10 748 793 90
548 313 126 10 0 1595 90
405 314 124 20 0 1593 90
985 284 140 40 115 172 90
774 279 159 20 252 301 90
644 290 141 30 645 709 90
136 286 137 10 0 1616 90
478 285 158 30 340 405 90
758 280 162 30 158 210 90
884 282 139 20 0 1619 90
1000 287 144 20 0 1622 90
900 290 136 20 0 1614 90
357 304 97 20 0 1572 90
410 288 154 10 0 1631 90
983 315 121 10 0 1590 90
