c1_10_3

VEHICLE
NUMBER   CAPACITY
250     200

CUSTOMER
CUST NO. XCOORD.  YCOORD.  DEMAND  READY TIME DUE DATE  SERVICE TIME

0   250    250     0     0    1824     0
968 207 227 10 0 1686 90
800 225 196 10 128 174 90
988 238 203 10 0 1686 90
286 241 205 30 0 1689 90
844 207 223 10 585 634 90
715 230 197 40 588 645 90
923 231 204 20 0 1685 90
488 224 203 20 0 1681 90
745 205 228 10 0 1684 90
544 210 185 20 0 1658 90
218 205 230 30 203 263 90
898 202 186 20 0 1654 90
355 237 213 10 0 1695 90
964 234 202 10 0 1684 90
442 226 191 20 0 1671 90
615 236 213 20 0 1695 90
371 200 229 30 0 1680 90
143 205 223 20 491 544 90
359 224 191 20 0 1670 90
979 204 185 20 0 1655 90
804 231 195 20 0 1676 90
211 224 192 10 215 274 90
643 206 225 10 0 1684 90
308 195 185 20 0 1649 90
732 206 186 10 891 955 90
712 201 188 10 0 1655 90
278 208 184 20 146 192 90
191 199 187 20 0 1653 90
915 204 187 30 803 857 90
926 231 203 20 0 1684 90
661 212 223 40 758 832 90
824 238 210 30 757 821 90
956 208 222 30 667 734 90
808 233 204 20 0 1685 90
511 200 178 20 240 298 90
888 228 199 10 673 746 90
667 233 207 10 0 1688 90
277 238 204 20 566 634 90
