r2_10_4

VEHICLE
NUMBER   CAPACITY
250     1000

CUSTOMER
CUST NO. XCOORD.  YCOORD.  DEMAND  READY TIME DUE DATE  SERVICE TIME

0   250    250     0     0    7697     0
156 448 414 23 0 7430 10
205 398 341 33 0 7514 10
578 347 459 25 0 7457 10
968 410 399 25 983 1007 10
759 355 485 10 0 7430 10
945 466 362 15 0 7444 10
197 373 421 21 0 7477 10
388 450 416 25 2281 2453 10
836 414 378 23 1961 2117 10
128 457 492 7 0 7369 10
755 489 437 29 0 7384 10
276 371 423 10 0 7476 10
989 380 350 15 3462 3589 10
468 328 458 17 0 7465 10
837 475 352 33 0 7440 10
864 421 386 29 0 7469 10
96 440 436 18 3549 3706 10
380 411 379 25 0 7481 10
260 332 382 2 0 7532 10
760 441 374 10 873 1034 10
988 413 391 8 0 7472 10
5 370 382 11 0 7509 10
270 489 338 17 5551 5746 10
335 377 385 6 3486 3564 10
163 332 459 35 0 7463 10
121 470 405 17 3694 3832 10
573 489 457 13 0 7371 10
24 371 488 10 2285 2497 10
936 345 431 12 0 7483 10
159 425 448 9 3152 3324 10
122 448 397 33 0 7441 10
641 381 457 28 0 7443 10
819 452 484 26 0 7378 10
863 436 467 12 0 7402 10
560 371 427 23 0 7473 10
543 438 488 18 1304 1433 10
164 469 489 4 0 7363 10
172 360 488 19 1252 1393 10
481 334 403 26 620 776 10
958 463 406 23 0 7423 10
213 352 481 15 5136 5261 10
680 421 387 15 0 7468 10
982 370 493 22 0 7416 10
483 411 396 23 0 7470 10
722 493 493 20 0 7344 10
677 387 349 9 0 7518 10
301 340 416 36 1293 1396 10
195 405 454 11 0 7431 10
162 468 360 16 0 7443 10
592 429 476 23 2314 2392 10
897 406 408 15 0 7465 10
700 396 417 13 0 7466 10
66 366 390 23 5266 5400 10
271 334 481 32 0 7442 10
999 373 418 6 0 7479 10
419 379 486 22 0 7419 10
200 412 478 7 3851 3946 10
615 368 452 16 2673 2806 10
201 374 346 27 0 7531 10
691 485 428 22 0 7393 10
621 448 404 15 2407 2505 10
61 453 360 13 858 990 10
555 449 428 25 4966 5129 10
263 471 368 19 0 7437 10
940 468 352 9 0 7447 10
902 352 487 27 0 7429 10
359 397 477 13 0 7417 10
46 348 476 19 0 7441 10
747 330 371 1 0 7542 10
109 465 367 14 0 7443 10
211 498 457 15 0 7364 10
391 351 481 10 1284 1410 10
935 421 499 23 0 7385 10
18 398 476 25 0 7417 10
713 392 491 10 0 7408 10
23 413 476 34 4729 4823 10
351 382 360 26 0 7516 10
99 420 383 27 0 7472 10
247 413 493 26 4894 4971 10
85 422 498 5 0 7386 10
123 471 427 8 0 7404 10
554 497 483 12 1407 1541 10
352 406 460 2 2868 3006 10
439 448 495 40 0 7372 10
821 498 456 27 0 7365 10
334 481 454 14 0 7379 10
614 495 355 3 0 7421 10
285 487 446 9 0 7380 10
873 413 345 20 4872 4993 10
517 329 456 19 0 7467 10
532 354 416 10 2719 2836 10
564 376 385 12 0 7503 10
840 429 389 18 1700 1812 10
358 404 439 3 0 7444 10
551 395 474 26 0 7421 10
434 470 417 11 0 7411 10
341 494 468 31 1417 1523 10
38 328 491 21 2702 2845 10
927 405 349 15 0 7504 10
682 434 359 13 0 7474 10
954 336 493 20 0 7430 10
904 418 399 20 0 7463 10
33 447 383 17 889 1013 10
808 387 394 8 0 7489 10
817 473 491 23 0 7359 10
714 342 481 18 5769 5871 10
972 479 387 13 0 7421 10
791 433 447 20 3179 3294 10
86 460 424 11 0 7415 10
226 377 432 20 0 7466 10
688 491 369 28 2891 3065 10
