r2_10_4

VEHICLE
NUMBER   CAPACITY
250     1000

CUSTOMER
CUST NO. XCOORD.  YCOORD.  DEMAND  READY TIME DUE DATE  SERVICE TIME

0   250    250     0     0    7697     0
587 29 358 23 0 7442 10
465 52 412 22 0 7432 10
196 111 392 18 0 7489 10
161 59 388 20 2650 2772 10
549 79 467 22 1400 1531 10
638 130 494 6 0 7416 10
879 13 394 15 0 7410 10
919 80 337 28 0 7497 10
665 80 400 10 5772 5918 10
920 36 451 15 0 7394 10
327 29 336 22 0 7450 10
209 67 378 26 0 7464 10
735 29 462 17 0 7381 10
686 46 389 22 0 7441 10
401 104 349 20 4058 4135 10
889 50 383 20 0 7447 10
875 94 497 31 0 7395 10
47 64 437 11 0 7424 10
124 146 376 8 0 7524 10
272 26 442 23 0 7392 10
687 44 440 24 0 7407 10
728 27 464 21 0 7378 10
924 53 466 9 0 7395 10
771 105 474 27 0 7421 10
291 76 462 18 0 7413 10
822 84 453 19 4911 4993 10
907 90 496 13 0 7394 10
212 44 344 12 0 7461 10
333 149 458 13 0 7456 10
510 133 455 25 0 7451 10
813 132 477 25 0 7432 10
678 142 372 18 0 7525 10
810 48 366 29 0 7455 10
111 93 413 17 0 7461 10
892 5 445 30 0 7374 10
458 44 496 32 0 7367 10
768 67 451 5 0 7416 10
914 77 465 11 0 7412 10
21 0 356 13 0 7416 10
445 148 462 10 2906 3028 10
88 0 422 8 0 7384 10
456 77 372 19 0 7476 10
941 63 420 19 0 7435 10
129 69 423 32 0 7437 10
561 62 375 16 1410 1500 10
393 137 377 23 0 7518 10
933 34 329 2 0 7458 10
321 58 391 16 3528 3651 10
202 122 422 3 0 7473 10
448 84 377 10 3699 3831 10
516 78 406 15 3818 3986 10
627 115 395 11 3274 3368 10
732 141 426 23 0 7480 10
788 49 437 7 1698 1842 10
646 20 480 25 0 7362 10
699 43 360 2 0 7453 10
264 93 490 2 1527 1626 10
815 11 403 18 1416 1448 10
93 28 467 34 0 7377 10
506 142 360 20 0 7533 10
405 95 382 19 929 1041 10
916 27 444 22 0 7392 10
125 12 358 7 0 7426 10
440 13 465 31 0 7368 10
194 61 441 27 2201 2268 10
514 48 412 7 0 7429 10
438 49 353 15 5810 5879 10
799 48 437 4 0 7412 10
280 12 367 27 1282 1444 10
731 90 477 18 0 7410 10
278 94 344 26 2746 2832 10
54 67 352 20 0 7478 10
764 51 360 13 0 7460 10
876 7 382 27 3053 3231 10
377 102 422 23 0 7461 10
635 10 407 36 1758 1838 10
501 138 406 8 4892 4956 10
1000 26 342 12 0 7445 10
599 72 477 46 0 7399 10
827 136 430 14 0 7474 10
530 126 391 19 0 7500 10
861 107 374 8 0 7498 10
171 88 484 5 0 7403 10
186 89 322 21 0 7511 10
729 3 471 13 0 7356 10
633 80 458 30 0 7419 10
566 89 358 23 4950 5147 10
833 112 433 29 0 7458 10
255 65 343 38 0 7480 10
823 91 427 14 0 7450 10
192 139 438 24 0 7469 10
762 103 464 22 0 7428 10
337 96 346 26 0 7506 10
150 135 400 20 0 7498 10
655 69 414 6 5007 5220 10
464 153 362 7 0 7539 10
168 154 392 9 0 7516 10
228 132 479 11 997 1063 10
106 68 450 18 0 7417 10
618 114 460 14 0 7437 10
790 35 344 21 0 7453 10
231 124 448 6 0 7453 10
134 154 374 36 0 7531 10
208 80 357 1 2093 2271 10
992 91 326 4 0 7511 10
