r1_10_6

VEHICLE
NUMBER  CAPACITY
250   200

CUSTOMER
CUST NO. XCOORD. YCOORD. DEMAND READY TIME DUE DATE SERVICE TIME

0  250  250   0   0  1925   0
171 111 392 18 0 1717 10
380 84 377 10 0 1706 10
167 20 480 25 0 1590 10
841 95 382 19 0 1712 10
363 94 344 26 0 1733 10
768 84 453 19 0 1653 10
574 44 440 24 0 1635 10
688 114 460 14 0 1665 10
453 112 433 29 0 1686 10
886 3 471 13 0 1584 10
504 63 420 19 0 1663 10
919 88 484 5 0 1631 10
944 96 346 26 0 1734 10
816 46 389 22 0 1669 10
16 52 412 22 0 1660 10
888 153 362 7 0 1767 10
404 91 326 4 0 1739 10
698 0 356 13 0 1644 10
961 36 451 15 0 1622 10
596 43 360 2 0 1681 10
430 80 337 28 0 1725 10
234 135 400 20 0 1726 10
738 139 438 24 0 1697 10
