r1_10_1

VEHICLE
NUMBER  CAPACITY
250   200

CUSTOMER
CUST NO. XCOORD. YCOORD. DEMAND READY TIME DUE DATE SERVICE TIME

0  250  250   0   0  1925   0
635 330 308 24 1180 1190 10
457 283 438 3 241 251 10
440 277 428 7 500 510 10
278 297 283 28 1359 1369 10
223 342 319 36 115 125 10
133 374 346 27 431 441 10
565 374 306 4 1004 1014 10
983 334 403 26 174 184 10
96 262 369 15 139 149 10
102 274 441 12 705 715 10
741 360 284 19 677 687 10
618 284 319 17 827 837 10
74 298 264 36 50 60 10
728 368 311 14 936 946 10
127 371 332 14 540 550 10
72 424 288 13 1067 1077 10
928 365 274 14 117 127 10
104 370 262 15 1109 1119 10
899 376 385 12 184 194 10
374 307 412 8 414 424 10
343 440 292 24 950 960 10
237 294 421 26 1585 1595 10
19 387 394 8 1108 1118 10
407 295 283 26 903 913 10
669 288 439 16 283 293 10
186 428 302 27 1026 1036 10
852 346 354 8 827 837 10
44 370 382 11 894 904 10
615 311 422 29 998 1008 10
355 398 341 33 949 959 10
132 331 356 13 722 732 10
967 359 287 24 115 125 10
622 366 334 5 420 430 10
694 325 311 22 1332 1342 10
526 322 406 17 839 849 10
710 261 359 10 109 119 10
712 318 280 21 74 84 10
612 371 315 18 1176 1186 10
881 297 304 4 71 81 10
957 394 310 10 1109 1119 10
996 413 345 20 1228 1238 10
799 279 355 9 176 186 10
21 343 276 15 96 106 10
713 333 293 27 627 637 10
848 387 349 9 169 179 10
986 357 290 24 114 124 10
811 267 374 23 611 621 10
732 447 272 12 394 404 10
656 299 353 34 114 124 10
555 423 315 12 190 200 10
994 408 318 15 653 663 10
862 381 328 12 727 737 10
381 332 382 2 1020 1030 10
204 385 285 13 878 888 10
65 299 285 3 1264 1274 10
389 287 397 12 574 584 10
250 442 289 25 201 211 10
833 401 314 25 986 996 10
509 440 284 25 862 872 10
540 340 291 22 480 490 10
192 272 420 7 1396 1406 10
714 436 295 11 538 548 10
451 274 442 17 1076 1086 10
810 402 277 5 1448 1458 10
319 374 260 27 1781 1791 10
445 268 351 7 1685 1695 10
783 330 371 1 569 579 10
998 380 350 15 876 886 10
696 382 360 26 188 198 10
943 290 328 7 154 164 10
849 398 329 17 167 177 10
43 440 294 16 970 980 10
485 360 294 9 1428 1438 10
164 340 416 36 331 341 10
283 330 281 14 1340 1350 10
301 418 269 3 1215 1225 10
28 273 300 30 55 65 10
626 270 337 20 1793 1803 10
522 274 403 17 897 907 10
570 433 319 11 1386 1396 10
794 366 260 23 1530 1540 10
142 322 290 23 1489 1499 10
306 286 356 30 111 121 10
236 354 416 10 689 699 10
672 405 349 15 532 542 10
93 366 288 29 694 704 10
125 447 267 19 990 1000 10
772 348 348 23 945 955 10
5 377 385 6 876 886 10
771 394 322 12 1035 1045 10
310 366 390 23 1328 1338 10
358 313 391 5 160 170 10
