r2_10_7

VEHICLE
NUMBER   CAPACITY
250     1000

CUSTOMER
CUST NO. XCOORD.  YCOORD.  DEMAND  READY TIME DUE DATE  SERVICE TIME

0   250    250     0     0    7697     0
461 91 27 14 4667 4907 10
960 135 30 12 0 7439 10
613 89 65 16 2821 3061 10
104 98 2 14 2307 2547 10
305 87 3 13 0 7392 10
497 142 30 32 0 7442 10
663 125 61 26 2387 2627 10
570 120 37 28 0 7438 10
117 108 37 23 0 7432 10
258 144 35 26 0 7448 10
480 132 32 18 0 7440 10
970 109 56 27 0 7448 10
505 102 6 3 0 7402 10
925 114 102 21 0 7487 10
939 87 51 35 0 7430 10
777 71 12 2 1112 1352 10
591 125 65 17 0 7464 10
470 147 30 26 4375 4615 10
238 100 85 14 0 7465 10
601 120 17 30 0 7421 10
706 95 64 4 3004 3244 10
841 92 76 4 4496 4736 10
17 94 40 24 4212 4452 10
901 142 14 18 0 7428 10
169 92 18 8 0 7407 10
981 104 28 8 0 7422 10
504 98 29 14 4126 4366 10
326 138 28 23 4326 4566 10
789 100 66 15 0 7450 10
