rc2_10_8

VEHICLE
NUMBER   CAPACITY
250     1000

CUSTOMER
CUST NO. XCOORD.  YCOORD.  DEMAND  READY TIME DUE DATE  SERVICE TIME

0   250    250     0     0    7284     0
452 397 18 10 1199 1256 10
198 389 17 10 1153 1892 10
844 398 23 10 762 1405 10
172 385 17 40 3107 3484 10
57 389 11 20 1242 1465 10
282 391 18 10 1325 1817 10
364 398 20 20 836 1436 10
646 351 5 12 1895 2194 10
908 365 28 9 788 1477 10
846 386 13 10 1161 1654 10
377 397 20 20 938 1421 10
274 394 23 20 1323 2028 10
901 394 47 5 1000 1624 10
232 390 34 7 4036 4567 10
223 393 20 20 1585 1661 10
726 397 57 17 5729 6198 10
952 384 16 20 1375 1550 10
990 393 12 10 1083 1511 10
