rc1_10_9

VEHICLE
NUMBER  CAPACITY
250   200

CUSTOMER
CUST NO. XCOORD. YCOORD. DEMAND READY TIME DUE DATE SERVICE TIME

0  250  250   0   0  1821   0
568 277 50 10 201 321 10
287 346 60 10 276 396 10
762 305 107 20 180 300 10
884 307 102 40 165 285 10
870 299 98 30 159 279 10
797 275 45 20 206 326 10
441 253 50 27 200 320 10
636 304 102 30 157 277 10
21 307 108 10 192 312 10
22 347 54 10 250 370 10
474 339 60 20 209 329 10
751 342 54 20 216 336 10
721 344 62 10 301 421 10
175 343 49 10 221 341 10
553 346 57 20 263 383 10
819 347 62 10 288 408 10
852 267 44 20 211 331 10
715 233 87 18 208 328 10
933 317 123 20 145 265 10
528 273 55 20 196 316 10
709 313 126 10 198 318 10
118 268 52 10 261 381 10
849 275 42 30 209 329 10
564 292 32 14 222 342 10
578 236 126 23 124 244 10
981 270 49 30 247 367 10
264 323 118 20 150 270 10
787 324 127 30 143 263 10
326 297 102 10 155 275 10
490 324 99 10 293 413 10
676 335 57 30 210 330 10
720 303 78 12 179 299 10
142 343 62 10 312 432 10
533 300 108 10 150 270 10
767 315 121 10 158 278 10
732 340 54 10 215 335 10
810 269 46 20 224 344 10
866 319 124 20 143 263 10
699 269 48 20 236 356 10
391 263 153 12 367 487 10
612 313 119 30 171 291 10
1000 341 58 10 212 332 10
796 271 128 12 301 421 10
169 274 48 10 203 323 10
941 343 47 20 232 352 10
908 365 28 9 250 370 10
646 351 5 12 451 571 10
325 304 97 20 162 282 10
235 326 118 10 152 272 10
429 306 42 11 432 552 10
51 314 124 20 186 306 10
