r2_10_5

VEHICLE
NUMBER   CAPACITY
250     1000

CUSTOMER
CUST NO. XCOORD.  YCOORD.  DEMAND  READY TIME DUE DATE  SERVICE TIME

0   250    250     0     0    7697     0
753 332 5 14 4071 4311 10
429 372 115 13 1395 1635 10
467 325 147 14 4687 4927 10
216 292 136 28 3062 3302 10
2 325 56 13 3126 3366 10
800 392 1 11 2361 2601 10
94 375 145 12 3657 3897 10
856 404 59 13 3592 3832 10
31 361 178 5 3830 4070 10
828 292 104 26 1156 1396 10
632 351 148 30 1785 2025 10
502 306 42 11 1847 2087 10
673 394 47 5 1192 1432 10
797 371 163 21 3251 3491 10
792 372 97 13 795 1035 10
589 333 163 32 4901 5141 10
361 330 138 18 4378 4618 10
157 327 139 13 4969 5209 10
457 385 58 24 1559 1799 10
422 282 1 18 4110 4350 10
690 351 128 15 4953 5193 10
844 352 63 6 4653 4893 10
695 323 77 36 5560 5800 10
923 383 17 15 3702 3942 10
830 321 149 18 5638 5878 10
447 323 34 13 5199 5439 10
574 341 72 9 3159 3399 10
40 365 74 24 3334 3574 10
67 303 78 12 600 840 10
531 343 34 7 2839 3079 10
540 323 29 7 4490 4730 10
534 367 97 17 3892 4132 10
412 363 34 19 1029 1269 10
847 382 9 30 1027 1267 10
631 351 5 12 1924 2164 10
29 309 161 23 2273 2513 10
769 371 71 21 1087 1327 10
81 398 49 21 3107 3347 10
942 347 184 15 4255 4495 10
91 392 95 16 3005 3245 10
432 288 70 24 656 896 10
3 290 145 5 5066 5306 10
14 376 92 10 3902 4142 10
427 281 96 1 4443 4683 10
98 407 35 11 5093 5333 10
449 292 32 14 857 1097 10
370 335 99 25 4814 5054 10
409 376 113 8 1997 2237 10
515 344 70 24 4523 4763 10
430 396 83 15 6286 6526 10
256 351 60 15 781 1021 10
622 390 120 24 3957 4197 10
650 309 29 11 5116 5356 10
188 385 17 40 3175 3415 10
311 384 149 18 4729 4969 10
590 364 71 5 5334 5574 10
903 307 52 23 3622 3862 10
949 331 134 11 4435 4675 10
820 365 28 9 1013 1253 10
475 295 89 23 2908 3148 10
651 397 57 17 5844 6084 10
528 339 113 14 2982 3222 10
598 324 99 10 1292 1532 10
675 339 144 13 4336 4576 10
136 330 147 28 3334 3574 10
512 364 173 30 661 901 10
478 388 44 22 4463 4703 10
55 317 45 8 2573 2813 10
365 354 156 20 3270 3510 10
233 343 166 28 3444 3684 10
900 382 110 24 4390 4630 10
357 432 2 20 1806 2046 10
298 372 39 10 2834 3074 10
724 390 34 7 4181 4421 10
64 393 98 13 2950 3190 10
965 318 99 35 4791 5031 10
645 282 10 30 4986 5226 10
185 365 119 30 1467 1707 10
127 297 131 25 4602 4842 10
297 337 41 8 3949 4189 10
215 389 43 21 1522 1762 10
685 355 174 33 2801 3041 10
612 341 59 27 3099 3339 10
838 400 71 17 5428 5668 10
878 392 87 23 4671 4911 10
68 374 116 9 2289 2529 10
571 349 43 26 798 1038 10
324 335 46 18 5307 5547 10
597 345 146 27 5696 5936 10
952 349 76 15 4063 4303 10
990 391 112 24 3941 4181 10
378 339 41 6 1763 2003 10
