c1_10_1

VEHICLE
NUMBER   CAPACITY
250     200

CUSTOMER
CUST NO. XCOORD.  YCOORD.  DEMAND  READY TIME DUE DATE  SERVICE TIME

0   250    250     0     0    1824     0
759 488 173 20 583 645 90
253 473 196 10 564 642 90
84 457 163 20 284 346 90
468 466 165 30 747 805 90
175 459 145 40 233 291 90
995 476 174 30 874 924 90
602 484 177 20 390 463 90
299 477 179 20 237 308 90
721 476 196 30 476 544 90
847 465 168 10 837 902 90
546 484 174 10 496 544 90
309 463 194 20 220 279 90
692 466 142 10 492 537 90
449 479 176 20 296 367 90
779 461 167 10 470 531 90
916 460 171 30 937 994 90
144 463 140 10 295 366 90
373 465 142 10 401 445 90
908 462 167 20 566 617 90
194 452 163 30 219 263 90
651 468 199 20 669 730 90
377 484 171 10 680 736 90
133 467 141 10 574 637 90
11 472 189 30 385 440 90
296 479 169 20 774 834 90
867 458 164 20 374 439 90
890 467 195 10 285 344 90
595 463 167 10 657 709 90
