c1_10_1

VEHICLE
NUMBER   CAPACITY
250     200

CUSTOMER
CUST NO. XCOORD.  YCOORD.  DEMAND  READY TIME DUE DATE  SERVICE TIME

0   250    250     0     0    1824     0
156 208 11 20 1316 1382 90
454 182 14 10 1062 1116 90
879 200 14 10 311 356 90
328 188 12 30 245 309 90
683 199 12 20 475 557 90
765 173 28 10 1134 1191 90
484 168 24 10 770 816 90
344 198 12 10 582 631 90
497 167 27 30 487 536 90
634 182 4 10 586 659 90
503 202 4 10 950 1004 90
200 188 4 20 413 455 90
201 180 6 10 774 839 90
445 179 7 20 864 930 90
399 203 7 20 1033 1108 90
98 202 8 10 1134 1190 90
624 181 6 20 678 753 90
935 167 24 20 668 736 90
82 202 9 10 1225 1281 90
653 170 26 10 855 918 90
244 169 31 20 387 447 90
799 198 9 20 763 819 90
846 186 7 20 500 555 90
764 204 15 20 239 301 90
92 189 7 30 310 372 90
517 176 8 10 969 1012 90
501 200 13 10 397 453 90
896 166 32 10 296 352 90
434 174 26 10 1037 1105 90
975 173 25 20 952 1007 90
594 199 9 20 853 911 90
426 197 11 10 678 719 90
984 166 34 20 231 305 90
48 164 21 20 578 639 90
