c1_10_1

VEHICLE
NUMBER   CAPACITY
250     200

CUSTOMER
CUST NO. XCOORD.  YCOORD.  DEMAND  READY TIME DUE DATE  SERVICE TIME

0   250    250     0     0    1824     0
451 386 405 20 206 266 90
578 388 408 10 361 425 90
132 419 422 20 575 647 90
549 390 415 20 1042 1090 90
785 422 409 10 234 290 90
849 388 418 10 217 283 90
267 421 415 30 297 364 90
837 419 418 10 394 454 90
960 455 365 20 235 306 90
962 405 450 20 311 376 90
684 457 374 10 945 1005 90
104 422 420 20 490 545 90
24 417 417 10 954 1020 90
115 404 447 20 250 280 90
558 392 424 10 926 1007 90
568 413 417 10 1135 1207 90
67 393 410 20 913 982 90
743 408 452 10 490 564 90
810 459 368 10 299 361 90
959 462 367 20 481 545 90
480 459 374 20 848 917 90
354 392 426 10 666 722 90
397 419 459 20 785 838 90
7 393 408 30 630 708 90
555 391 426 10 752 818 90
476 390 423 10 290 336 90
427 396 410 10 829 880 90
925 416 420 20 663 746 90
939 405 455 40 883 948 90
494 398 428 10 561 634 90
304 460 374 20 753 831 90
788 389 428 20 380 435 90
346 390 408 30 450 520 90
217 416 417 20 1057 1099 90
123 399 450 20 971 1056 90
580 459 372 20 672 726 90
440 408 453 10 575 661 90
528 391 429 20 475 525 90
841 461 369 10 579 633 90
512 412 453 10 674 750 90
833 453 367 20 1055 1091 90
526 413 421 10 768 828 90
223 411 421 20 862 917 90
552 386 414 10 1109 1162 90
685 391 413 10 1013 1069 90
342 391 425 20 842 909 90
443 391 407 10 549 605 90
620 460 367 20 392 450 90
56 451 367 20 1134 1195 90
206 394 407 20 733 789 90
486 406 450 20 405 464 90
605 389 404 10 267 331 90
