rc2_10_10

VEHICLE
NUMBER  CAPACITY
250   1000

CUSTOMER
CUST NO. XCOORD. YCOORD. DEMAND READY TIME DUE DATE SERVICE TIME

0  250  250   0   0  7284   0
669 320 211 16 3730 4330 10
379 399 175 13 2748 3348 10
863 381 328 12 2629 3229 10
478 365 190 22 5670 6270 10
447 458 213 22 4273 4873 10
541 359 246 18 5451 6051 10
181 385 285 13 3232 3832 10
650 418 251 21 4547 5147 10
269 307 249 10 5266 5866 10
580 303 186 10 5177 5777 10
790 314 205 22 5867 6467 10
648 498 171 12 4786 5386 10
184 492 335 10 3073 3673 10
136 463 253 23 3948 4548 10
299 500 228 8 2887 3487 10
801 409 255 23 5850 6450 10
430 374 306 4 3736 4336 10
222 370 262 15 4158 4758 10
590 244 277 18 4965 5565 10
631 394 322 12 3859 4459 10
214 286 244 31 4896 5496 10
291 291 213 23 4791 5391 10
718 478 300 12 3318 3918 10
912 489 338 17 5349 5949 10
604 441 177 23 3765 4365 10
67 299 285 3 4775 5375 10
711 352 241 5 2929 3529 10
191 429 169 8 3371 3971 10
649 468 352 9 2833 3433 10
284 330 281 14 5082 5682 10
795 274 261 20 6588 7188 10
368 246 314 36 5541 6141 10
36 440 292 24 3520 4120 10
224 330 308 24 4442 5042 10
677 385 239 21 2902 3502 10
207 426 231 24 3874 4474 10
600 497 266 25 2750 3350 10
877 405 187 34 4762 5362 10
247 455 168 21 3227 3827 10
834 284 319 17 3027 3627 10
775 475 267 7 2878 3478 10
384 295 247 12 4974 5574 10
226 482 184 14 4187 4787 10
722 371 315 18 4423 5023 10
597 368 311 14 3464 4064 10
338 360 294 9 5431 6031 10
956 428 202 24 3375 3975 10
527 306 229 10 5041 5641 10
595 347 192 18 5713 6313 10
843 487 320 21 3191 3791 10
296 297 283 28 5158 5758 10
192 350 199 21 4566 5166 10
531 308 199 14 5793 6393 10
495 440 284 25 3167 3767 10
85 355 174 33 2621 3221 10
178 322 290 23 5676 6276 10
757 272 234 26 6121 6721 10
