r2_10_3

VEHICLE
NUMBER  CAPACITY
250   1000

CUSTOMER
CUST NO. XCOORD. YCOORD. DEMAND READY TIME DUE DATE SERVICE TIME

0  250  250   0   0  7697   0
535 188 151 7 0 7571 10
553 199 203 20 0 7618 10
576 306 229 10 0 7628 10
738 263 153 12 0 7590 10
805 213 185 21 0 7613 10
818 210 219 7 0 7637 10
913 257 133 19 0 7570 10
191 251 238 27 0 7675 10
830 321 149 18 0 7564 10
19 307 249 10 0 7630 10
934 158 179 37 0 7571 10
116 280 245 21 0 7657 10
605 264 135 1 0 7572 10
781 186 135 24 0 7556 10
289 325 210 15 0 7602 10
692 273 149 14 0 7584 10
712 242 106 28 0 7543 10
850 266 221 9 0 7654 10
743 178 135 21 0 7552 10
348 267 162 6 0 7598 10
603 303 186 10 0 7604 10
216 292 136 28 0 7566 10
526 210 133 15 0 7564 10
582 320 211 16 0 7607 10
718 271 128 12 0 7564 10
739 289 220 19 0 7638 10
521 210 113 28 0 7545 10
336 217 207 26 0 7633 10
299 269 112 19 0 7548 10
606 223 178 20 0 7611 10
951 219 215 32 0 7641 10
381 219 210 14 0 7637 10
275 178 150 33 0 7564 10
503 247 219 17 0 7656 10
100 264 180 33 0 7616 10
376 225 121 18 0 7556 10
782 176 199 28 0 7598 10
499 193 138 30 0 7562 10
350 233 230 20 0 7661 10
608 238 123 24 0 7560 10
32 261 138 1 0 7575 10
467 325 147 14 0 7560 10
6 273 255 18 0 7664 10
80 177 156 25 0 7568 10
994 203 211 20 0 7626 10
390 285 247 13 0 7652 10
