c2_10_9

VEHICLE
NUMBER  CAPACITY
250   700

CUSTOMER
CUST NO. XCOORD. YCOORD. DEMAND READY TIME DUE DATE SERVICE TIME

0  250  250   0   0  3914   0
129 43 355 20 556 2794 90
71 59 389 20 1469 2087 90
234 72 391 10 908 2075 90
750 50 383 10 1732 2206 90
33 54 357 10 1378 2175 90
167 46 383 30 1022 1714 90
24 56 388 20 957 2784 90
763 40 378 20 1170 1762 90
162 71 388 20 896 2274 90
57 73 395 20 719 1886 90
429 76 391 30 1154 1641 90
754 54 372 20 1023 3118 90
802 56 357 10 1128 2608 90
502 51 364 10 1334 2601 90
199 35 358 20 1226 1928 90
340 66 391 20 1003 2359 90
