rc1_10_6

VEHICLE
NUMBER   CAPACITY
250     200

CUSTOMER
CUST NO. XCOORD.  YCOORD.  DEMAND  READY TIME DUE DATE  SERVICE TIME

0   250    250     0     0    1821     0
156 79 80 19 1367 1427 10
753 199 187 20 112 172 10
319 80 251 14 289 349 10
193 60 231 32 1011 1071 10
451 228 287 21 43 103 10
161 192 265 10 109 169 10
578 236 126 23 124 184 10
356 128 113 22 348 408 10
816 24 65 10 350 410 10
800 93 96 20 219 279 10
647 197 267 10 94 154 10
294 94 40 24 1053 1113 10
759 140 108 29 1056 1116 10
559 21 70 15 756 816 10
59 246 255 10 98 158 10
945 92 236 20 243 303 10
879 53 204 8 1040 1100 10
339 58 39 12 1148 1208 10
388 177 156 25 152 212 10
919 61 214 4 327 387 10
293 225 196 10 59 119 10
80 34 169 11 469 529 10
836 240 34 28 1535 1595 10
31 136 52 10 278 338 10
742 93 235 10 231 291 10
252 234 246 10 50 110 10
652 251 63 14 972 1032 10
632 125 61 26 597 657 10
832 46 163 8 911 971 10
864 213 185 21 74 134 10
437 221 291 9 50 110 10
760 228 199 10 119 179 10
988 34 239 16 216 276 10
500 204 185 20 148 208 10
735 228 260 12 1591 1651 10
5 230 197 40 107 167 10
151 87 3 13 1418 1478 10
418 24 68 20 399 459 10
686 241 205 30 103 163 10
153 212 186 11 1677 1737 10
684 90 232 10 197 257 10
317 241 180 13 1680 1740 10
407 214 245 8 36 96 10
765 273 149 14 1488 1548 10
270 178 135 21 1499 1559 10
484 195 273 22 59 119 10
995 18 225 8 676 736 10
47 41 232 16 209 269 10
344 238 210 30 119 179 10
394 64 5 14 1114 1174 10
34 188 119 44 960 1020 10
305 111 178 18 156 216 10
497 72 227 25 549 609 10
663 178 72 23 742 802 10
115 264 180 33 1666 1726 10
124 210 185 20 76 136 10
272 236 213 20 39 99 10
313 30 155 9 1265 1325 10
53 226 175 23 1673 1733 10
457 120 17 30 266 326 10
687 18 24 32 613 673 10
65 200 261 10 151 211 10
286 91 235 10 254 314 10
306 91 101 10 283 343 10
422 18 63 10 324 384 10
174 71 12 2 297 357 10
715 233 87 18 238 298 10
967 197 270 30 81 141 10
695 234 202 10 65 125 10
28 80 117 24 809 869 10
43 111 192 11 1184 1244 10
543 168 59 6 351 411 10
574 57 43 15 1008 1068 10
488 30 72 10 417 477 10
349 200 270 20 53 113 10
730 195 111 15 983 1043 10
312 94 97 20 218 278 10
212 132 30 20 311 371 10
101 237 254 20 68 128 10
540 253 118 19 532 592 10
333 142 14 18 820 880 10
510 21 146 21 472 532 10
743 125 32 30 251 311 10
851 15 69 10 296 356 10
859 237 213 10 132 192 10
898 109 56 27 239 299 10
166 186 135 24 703 763 10
659 244 254 20 85 145 10
723 200 78 31 978 1038 10
477 265 240 9 18 78 10
895 92 76 4 1124 1184 10
959 206 186 10 173 233 10
355 95 234 10 155 215 10
964 100 66 15 1385 1445 10
314 208 184 20 78 138 10
976 198 271 20 69 129 10
921 56 75 24 1423 1483 10
700 165 59 27 928 988 10
372 89 65 16 705 765 10
462 43 135 31 236 296 10
818 133 273 20 119 179 10
441 253 50 27 211 271 10
640 20 73 10 290 350 10
914 23 67 30 374 434 10
176 248 251 20 2 62 10
744 215 282 21 1425 1485 10
942 52 18 28 842 902 10
970 13 214 21 1339 1399 10
343 21 64 20 337 397 10
584 173 182 25 102 162 10
254 75 118 21 394 454 10
425 103 177 28 611 671 10
7 133 202 33 446 506 10
621 129 27 10 283 343 10
872 199 203 20 1442 1502 10
6 175 239 23 75 135 10
14 102 264 10 148 208 10
555 102 6 3 1443 1503 10
476 176 199 28 89 149 10
994 209 68 27 1553 1613 10
947 124 56 20 231 291 10
427 225 269 30 1256 1316 10
940 224 56 13 1171 1231 10
979 131 246 17 817 877 10
717 6 53 8 572 632 10
109 151 81 28 1543 1603 10
149 249 258 30 112 172 10
871 240 250 10 22 82 10
748 44 115 24 246 306 10
411 120 37 28 760 820 10
754 201 188 10 124 184 10
961 204 187 30 160 220 10
479 133 53 20 264 324 10
779 243 248 30 9 69 10
374 200 265 10 137 197 10
796 271 128 12 331 391 10
304 100 266 20 150 210 10
391 263 153 12 397 457 10
935 66 31 25 1033 1093 10
18 92 233 10 209 269 10
536 105 181 19 1516 1576 10
660 233 207 10 46 106 10
453 238 204 20 90 150 10
955 153 235 10 98 158 10
627 92 230 20 174 234 10
435 257 57 18 1211 1271 10
137 97 93 20 225 285 10
788 87 96 30 267 327 10
525 88 95 20 255 315 10
420 209 212 18 1513 1573 10
346 200 178 20 87 147 10
99 38 15 3 1076 1136 10
885 130 57 40 227 287 10
506 60 5 18 1029 1089 10
772 89 185 16 585 645 10
73 26 67 15 1302 1362 10
79 60 29 32 1348 1408 10
145 66 88 2 815 875 10
653 132 55 10 252 312 10
916 126 30 10 257 317 10
244 211 248 26 39 99 10
590 244 277 18 1286 1346 10
508 134 211 35 122 182 10
572 21 68 20 386 446 10
125 150 68 23 408 468 10
596 95 92 20 238 298 10
373 144 35 26 239 299 10
266 25 65 10 361 421 10
438 1 101 8 1242 1302 10
911 214 274 24 1354 1414 10
799 146 188 6 1220 1280 10
450 179 75 13 725 785 10
54 242 106 28 1253 1313 10
614 39 162 18 550 610 10
607 231 204 20 135 195 10
173 180 283 23 729 789 10
944 195 185 20 97 157 10
562 120 261 5 778 838 10
706 224 192 10 63 123 10
92 92 18 8 1109 1169 10
177 7 194 29 936 996 10
786 47 208 30 211 271 10
27 130 140 17 179 239 10
190 187 73 18 277 337 10
868 198 264 20 125 185 10
929 247 219 17 31 91 10
189 149 214 7 467 527 10
386 233 204 20 49 109 10
501 226 191 20 78 138 10
44 131 56 10 241 301 10
563 125 29 30 268 328 10
302 157 269 31 1561 1621 10
922 210 276 5 47 107 10
900 92 232 10 162 222 10
241 65 62 15 961 1021 10
261 238 203 10 79 139 10
259 253 74 20 1335 1395 10
750 239 15 2 589 649 10
827 125 39 20 245 305 10
610 206 261 10 167 227 10
763 231 195 20 94 154 10
530 122 35 10 250 310 10
733 132 57 20 229 289 10
991 236 247 20 37 97 10
186 231 29 14 1211 1271 10
248 224 191 20 66 126 10
64 92 259 4 384 444 10
204 17 65 20 312 372 10
310 133 26 10 297 357 10
633 238 123 24 766 826 10
698 179 286 8 326 386 10
887 91 231 30 185 245 10
127 0 188 26 917 977 10
566 68 160 21 1121 1181 10
187 157 38 3 1033 1093 10
199 148 208 22 511 571 10
526 95 64 4 751 811 10
230 244 250 10 6 66 10
464 199 268 20 56 116 10
415 132 32 18 769 829 10
547 201 278 13 56 116 10
50 86 199 23 263 323 10
943 16 68 20 299 359 10
694 31 175 24 232 292 10
116 94 235 20 156 216 10
757 272 234 26 1575 1635 10
904 143 158 12 141 201 10
395 95 235 10 155 215 10
413 210 29 13 1036 1096 10
808 202 186 20 136 196 10
126 201 270 10 52 112 10
158 188 151 7 1282 1342 10
342 96 97 20 217 277 10
817 130 247 17 120 180 10
714 217 207 26 1367 1427 10
410 30 7 23 1174 1234 10
838 204 269 30 49 109 10
396 203 211 20 1291 1351 10
406 267 162 6 1434 1494 10
408 92 234 10 220 280 10
793 245 251 10 5 65 10
206 224 203 20 53 113 10
423 149 98 4 1150 1210 10
789 140 137 32 555 615 10
565 262 92 25 615 675 10
688 57 183 15 1085 1145 10
234 219 215 32 46 106 10
538 166 247 1 84 144 10
881 15 68 10 297 357 10
605 231 203 20 52 112 10
385 235 33 30 1322 1382 10
