r2_10_3

VEHICLE
NUMBER  CAPACITY
250   1000

CUSTOMER
CUST NO. XCOORD. YCOORD. DEMAND READY TIME DUE DATE SERVICE TIME

0  250  250   0   0  7697   0
313 267 290 15 111 236 10
349 195 273 22 156 320 10
251 273 300 30 153 288 10
364 226 316 21 234 328 10
89 166 247 1 291 382 10
279 153 235 10 324 462 10
977 290 328 7 555 714 10
548 221 291 9 184 305 10
806 172 292 17 370 485 10
20 179 286 8 1380 1469 10
269 286 356 30 354 542 10
316 210 276 5 138 243 10
469 133 273 20 419 535 10
807 228 287 21 97 248 10
235 162 306 22 494 580 10
72 215 293 13 128 315 10
983 136 265 12 390 530 10
476 118 314 26 1315 1505 10
386 225 369 38 432 541 10
39 161 276 8 476 711 10
493 297 304 4 227 345 10
59 159 226 16 314 439 10
984 247 306 33 182 266 10
946 201 278 13 170 282 10
