r2_10_3

VEHICLE
NUMBER  CAPACITY
250   1000

CUSTOMER
CUST NO. XCOORD. YCOORD. DEMAND READY TIME DUE DATE SERVICE TIME

0  250  250   0   0  7697   0
397 134 276 15 0 7569 10
667 171 303 18 0 7592 10
250 299 353 34 0 7573 10
848 229 322 11 0 7612 10
583 214 311 14 0 7617 10
372 240 362 23 0 7575 10
244 149 341 6 0 7552 10
131 172 314 9 0 7587 10
741 159 299 12 0 7584 10
281 217 357 23 0 7576 10
702 164 320 12 0 7577 10
539 270 337 20 0 7598 10
170 250 328 24 0 7609 10
547 214 245 8 0 7651 10
210 216 341 19 0 7590 10
849 279 355 9 0 7579 10
973 167 291 27 0 7595 10
284 169 305 21 0 7590 10
203 261 359 10 0 7578 10
329 157 269 31 0 7593 10
139 235 288 18 0 7647 10
506 142 360 20 0 7533 10
323 217 333 26 0 7598 10
494 244 368 25 0 7569 10
421 175 239 23 0 7612 10
179 221 269 14 0 7653 10
880 259 301 25 0 7636 10
36 187 263 35 0 7623 10
76 153 244 5 0 7590 10
662 181 260 23 0 7618 10
887 190 267 36 0 7625 10
294 213 283 14 0 7638 10
607 174 347 3 0 7564 10
950 274 261 20 0 7661 10
671 179 318 2 0 7589 10
520 297 283 28 0 7630 10
802 211 248 26 0 7648 10
