rc2_10_10

VEHICLE
NUMBER  CAPACITY
250   1000

CUSTOMER
CUST NO. XCOORD. YCOORD. DEMAND READY TIME DUE DATE SERVICE TIME

0  250  250   0   0  7284   0
425 103 177 28 2266 2866 10
786 47 208 30 666 1266 10
995 18 225 8 2525 3125 10
772 89 185 16 2159 2759 10
748 44 115 24 685 1285 10
694 31 175 24 746 1346 10
50 86 199 23 871 1471 10
919 61 214 4 1127 1727 10
614 39 162 18 2021 2621 10
510 21 146 21 1707 2307 10
254 75 118 21 1396 1996 10
27 130 140 17 536 1136 10
462 43 135 31 647 1247 10
305 111 178 18 326 926 10
80 34 169 11 1698 2298 10
