c2_10_8

VEHICLE
NUMBER  CAPACITY
250   700

CUSTOMER
CUST NO. XCOORD. YCOORD. DEMAND READY TIME DUE DATE SERVICE TIME

0  250  250   0   0  3914   0
700 366 16 20 1738 2378 90
912 397 27 20 2148 2788 90
910 361 15 20 1878 2518 90
864 385 28 10 2046 2686 90
496 374 17 10 1685 2325 90
52 368 17 20 1781 2421 90
369 416 48 10 1640 2280 90
351 325 75 30 2130 2770 90
323 356 77 20 2009 2649 90
295 335 52 20 1521 2161 90
244 373 22 10 2072 2712 90
331 382 17 20 1494 2134 90
416 362 17 10 1644 2284 90
534 351 75 10 1914 2554 90
435 335 64 10 1713 2353 90
515 375 31 20 1945 2585 90
952 366 34 10 1846 2486 90
11 365 18 20 1973 2613 90
701 348 16 30 1540 2180 90
365 335 54 30 1613 2253 90
259 378 25 10 2168 2808 90
655 381 20 20 1588 2228 90
815 417 56 20 1542 2182 90
211 337 63 30 1805 2445 90
