c2_10_8

VEHICLE
NUMBER  CAPACITY
250   700

CUSTOMER
CUST NO. XCOORD. YCOORD. DEMAND READY TIME DUE DATE SERVICE TIME

0  250  250   0   0  3914   0
451 336 7 10 1344 1984 90
846 311 47 10 830 1470 90
72 414 62 10 1446 2086 90
465 345 15 20 1242 1882 90
44 326 57 20 1124 1764 90
546 344 46 30 1420 2060 90
896 315 57 20 931 1571 90
693 387 21 10 1308 1948 90
789 414 66 30 1352 1992 90
294 390 9 30 1023 1663 90
918 347 23 30 860 1500 90
205 383 18 20 1403 2043 90
898 323 60 10 1030 1670 90
254 329 48 10 1315 1955 90
607 393 13 20 1118 1758 90
223 394 10 40 929 1569 90
727 396 4 10 833 1473 90
124 343 27 20 956 1596 90
894 346 13 20 1446 2086 90
510 390 17 30 1213 1853 90
427 329 56 20 1217 1857 90
685 347 21 20 1146 1786 90
876 341 26 10 1048 1688 90
