c1_10_5

VEHICLE
NUMBER  CAPACITY
250   200

CUSTOMER
CUST NO. XCOORD. YCOORD. DEMAND READY TIME DUE DATE SERVICE TIME

0  250  250   0   0  1824   0
325 398 325 30 738 878 90
468 466 165 30 709 844 90
673 390 325 30 839 973 90
101 441 244 10 849 1016 90
757 440 244 10 774 909 90
847 465 168 10 794 944 90
598 405 276 20 738 881 90
733 421 218 10 845 973 90
296 479 169 20 742 866 90
220 421 294 10 858 978 90
717 401 281 20 921 1071 90
770 439 305 30 693 841 90
687 391 293 20 736 866 90
423 468 291 30 716 829 90
396 423 217 20 765 868 90
735 388 325 10 930 1067 90
916 460 171 30 900 1031 90
330 439 268 10 969 1096 90
554 468 295 10 904 1018 90
233 466 295 20 998 1107 90
239 423 294 10 787 865 90
617 390 294 20 827 957 90
85 470 290 10 807 924 90
392 442 243 10 977 1071 90
995 476 174 30 823 975 90
55 420 295 20 946 1074 90
273 402 281 20 842 968 90
657 443 272 10 788 902 90
863 441 273 20 879 996 90
15 418 218 20 948 1056 90
