r1_10_7

VEHICLE
NUMBER  CAPACITY
250   200

CUSTOMER
CUST NO. XCOORD. YCOORD. DEMAND READY TIME DUE DATE SERVICE TIME

0  250  250   0   0  1925   0
314 390 34 7 1060 1090 10
131 415 95 15 1177 1207 10
652 394 47 5 313 343 10
91 363 34 19 272 302 10
931 372 97 13 214 244 10
601 396 83 15 1586 1616 10
668 404 59 13 913 943 10
660 385 17 40 809 839 10
181 392 95 16 766 796 10
317 388 44 22 1131 1161 10
221 383 17 15 940 970 10
936 365 28 9 268 298 10
344 349 76 15 1031 1061 10
300 374 116 9 587 617 10
871 391 112 24 1000 1030 10
508 365 119 30 382 412 10
291 352 63 6 1178 1208 10
