rc1_10_10

VEHICLE
NUMBER  CAPACITY
250   200

CUSTOMER
CUST NO. XCOORD. YCOORD. DEMAND READY TIME DUE DATE SERVICE TIME

0  250  250   0   0  1821   0
320 476 61 36 389 539 10
809 435 11 40 302 452 10
998 485 24 20 326 476 10
108 488 26 30 373 523 10
729 435 20 20 321 471 10
288 483 27 20 398 548 10
969 489 17 10 333 483 10
165 437 12 20 302 452 10
456 459 14 20 315 465 10
708 491 20 20 334 484 10
873 459 17 20 351 501 10
336 441 7 20 332 482 10
829 460 2 20 324 474 10
183 464 13 20 325 475 10
682 440 7 20 308 458 10
278 435 16 10 307 457 10
965 489 27 10 361 511 10
337 462 14 20 337 487 10
110 483 14 10 331 481 10
504 483 22 10 325 475 10
242 460 13 20 316 466 10
16 451 62 5 275 425 10
263 485 27 10 386 536 10
856 433 15 20 297 447 10
167 459 10 10 318 468 10
953 492 34 5 751 901 10
122 491 25 10 349 499 10
616 437 15 30 300 450 10
231 458 16 20 313 463 10
701 461 8 20 321 471 10
41 439 15 20 301 451 10
365 481 26 30 321 471 10
195 481 20 20 325 475 10
380 432 2 20 407 557 10
454 488 3 3 343 493 10
