c2_10_6

VEHICLE
NUMBER   CAPACITY
250     700

CUSTOMER
CUST NO. XCOORD.  YCOORD.  DEMAND  READY TIME DUE DATE  SERVICE TIME

0   250    250     0     0    3914     0
227 277 434 20 1282 1732 90
969 314 436 10 1951 2411 90
305 277 431 30 1174 1653 90
687 267 436 30 2805 3368 90
630 269 428 20 986 1463 90
858 298 430 30 362 737 90
218 275 431 10 963 1680 90
851 300 443 10 1835 2317 90
847 292 456 20 2305 2891 90
810 283 425 20 655 1221 90
338 297 430 20 250 667 90
354 275 448 10 2796 3168 90
744 279 436 20 1423 1776 90
419 316 453 20 213 672 90
200 294 455 30 2331 2682 90
834 289 452 20 2632 3124 90
826 290 416 30 170 877 90
692 291 450 10 2515 3055 90
979 247 447 10 3024 3375 90
448 276 428 20 959 1297 90
782 297 442 20 1625 2159 90
653 302 470 20 2051 2564 90
238 280 423 10 754 1308 90
9 294 437 30 494 989 90
614 299 442 10 1791 2178 90
929 290 425 30 179 770 90
845 233 441 20 3024 3586 90
625 298 438 10 491 803 90
927 290 440 40 1370 2033 90
998 298 456 30 2202 2622 90
460 314 449 30 209 739 90
279 290 417 10 171 668 90
42 292 445 10 1557 2036 90
981 292 434 10 591 1079 90
326 293 454 20 2394 2987 90
