r1_10_6

VEHICLE
NUMBER  CAPACITY
250   200

CUSTOMER
CUST NO. XCOORD. YCOORD. DEMAND READY TIME DUE DATE SERVICE TIME

0  250  250   0   0  1925   0
87 327 139 13 1257 1287 10
646 318 99 35 1213 1243 10
968 309 29 11 1294 1324 10
653 323 29 7 1137 1167 10
105 303 186 10 1354 1384 10
584 351 128 15 1253 1283 10
277 273 149 14 1503 1533 10
505 339 144 13 1099 1129 10
987 331 134 11 1124 1154 10
163 384 149 18 1197 1227 10
546 332 5 14 1033 1063 10
344 349 76 15 1031 1061 10
864 344 70 24 1146 1176 10
56 386 154 31 1101 1131 10
941 347 184 15 1079 1109 10
90 335 99 25 1218 1248 10
572 297 131 25 1165 1195 10
318 269 112 19 1263 1293 10
13 290 145 5 1282 1312 10
823 364 71 5 1348 1378 10
129 325 147 14 1187 1217 10
291 352 63 6 1178 1208 10
661 382 110 24 1112 1142 10
894 347 192 18 1488 1518 10
172 267 162 6 1449 1479 10
