rc1_10_3

VEHICLE
NUMBER  CAPACITY
250   200

CUSTOMER
CUST NO. XCOORD. YCOORD. DEMAND READY TIME DUE DATE SERVICE TIME

0  250  250   0   0  1821   0
822 67 335 20 0 1610 10
251 118 314 26 0 1665 10
811 7 292 10 0 1565 10
635 89 272 10 0 1649 10
857 24 259 19 0 1585 10
623 51 286 14 0 1609 10
882 56 268 28 0 1617 10
803 90 285 40 0 1648 10
86 97 288 22 0 1654 10
902 16 287 12 0 1575 10
381 63 336 20 0 1606 10
993 3 292 20 0 1561 10
791 96 346 26 0 1630 10
937 35 304 30 0 1590 10
120 7 382 27 0 1535 10
535 8 300 10 0 1564 10
728 0 297 10 0 1557 10
421 6 292 10 0 1564 10
923 80 286 10 0 1638 10
100 2 295 30 0 1559 10
139 29 336 22 0 1574 10
601 66 336 10 0 1608 10
496 13 314 14 0 1566 10
152 62 326 20 0 1609 10
618 79 291 10 0 1636 10
367 89 290 20 0 1646 10
513 44 311 27 0 1597 10
613 90 274 20 0 1650 10
511 37 281 17 0 1596 10
97 5 297 10 0 1562 10
869 69 334 30 0 1612 10
505 71 282 29 0 1630 10
45 88 286 10 0 1646 10
