rc2_10_9

VEHICLE
NUMBER  CAPACITY
250   1000

CUSTOMER
CUST NO. XCOORD. YCOORD. DEMAND READY TIME DUE DATE SERVICE TIME

0  250  250   0   0  7284   0
139 29 336 22 1146 1626 10
569 32 319 21 1422 1902 10
645 30 301 10 930 1410 10
857 24 259 19 1300 1780 10
307 25 307 10 818 1298 10
243 0 293 30 935 1415 10
469 35 303 20 646 1126 10
421 6 292 10 790 1270 10
100 2 295 30 1043 1523 10
535 8 300 10 1243 1723 10
511 37 281 17 1793 2273 10
97 5 297 10 1145 1625 10
993 3 292 20 842 1322 10
513 44 311 27 1450 1930 10
496 13 314 14 795 1275 10
811 7 292 10 746 1226 10
696 52 303 25 1585 2065 10
728 0 297 10 991 1471 10
19 7 300 30 1199 1679 10
75 30 302 10 886 1366 10
160 38 301 20 1002 1482 10
615 35 306 20 738 1218 10
902 16 287 12 903 1383 10
382 6 296 10 1099 1579 10
575 1 293 10 891 1371 10
937 35 304 30 690 1170 10
