r1_10_7

VEHICLE
NUMBER  CAPACITY
250   200

CUSTOMER
CUST NO. XCOORD. YCOORD. DEMAND READY TIME DUE DATE SERVICE TIME

0  250  250   0   0  1925   0
619 195 464 20 0 1695 10
850 239 486 3 0 1679 10
395 185 431 15 0 1723 10
369 177 486 20 0 1668 10
539 167 445 7 0 1704 10
238 208 445 22 0 1716 10
926 199 438 3 0 1721 10
905 215 434 9 0 1728 10
353 211 446 15 0 1716 10
738 139 438 24 0 1697 10
545 207 487 4 0 1675 10
757 255 487 19 0 1678 10
670 149 458 13 0 1684 10
203 182 480 31 0 1676 10
484 185 434 9 0 1720 10
432 225 488 28 0 1676 10
327 150 484 16 0 1661 10
462 166 440 12 0 1708 10
779 208 488 22 0 1674 10
840 195 450 16 0 1708 10
57 130 494 6 0 1644 10
837 173 474 14 0 1679 10
