rc1_10_3

VEHICLE
NUMBER  CAPACITY
250   200

CUSTOMER
CUST NO. XCOORD. YCOORD. DEMAND READY TIME DUE DATE SERVICE TIME

0  250  250   0   0  1821   0
826 366 334 5 410 440 10
105 395 331 20 217 247 10
24 371 332 14 530 560 10
98 414 378 23 495 525 10
662 411 379 25 1193 1223 10
459 370 382 11 884 914 10
724 413 391 8 217 247 10
95 429 389 18 424 454 10
70 421 386 29 824 854 10
685 389 334 20 169 199 10
265 330 371 1 559 589 10
63 388 331 20 160 190 10
237 331 356 13 712 742 10
934 408 318 15 643 673 10
29 421 387 15 801 831 10
88 334 403 26 174 204 10
315 394 333 20 194 224 10
863 381 328 12 717 747 10
537 398 325 30 233 263 10
