c2_10_4

VEHICLE
NUMBER  CAPACITY
250   700

CUSTOMER
CUST NO. XCOORD. YCOORD. DEMAND READY TIME DUE DATE SERVICE TIME

0  250  250   0   0  3914   0
515 375 31 20 2185 2345 90
477 374 55 30 2792 2952 90
621 390 42 20 2588 2748 90
715 386 28 20 2507 2667 90
990 440 70 10 2371 2531 90
395 322 78 20 2464 2624 90
770 383 41 20 2685 2845 90
706 384 24 10 2601 2761 90
392 443 70 20 2464 2624 90
910 361 15 20 2118 2278 90
323 356 77 20 2249 2409 90
443 395 30 20 2796 2956 90
355 447 88 20 2963 3123 90
952 366 34 10 2086 2246 90
