rc2_10_3

VEHICLE
NUMBER   CAPACITY
250     1000

CUSTOMER
CUST NO. XCOORD.  YCOORD.  DEMAND  READY TIME DUE DATE  SERVICE TIME

0   250    250     0     0    7284     0
587 69 336 20 0 7074 10
319 80 251 14 1214 1334 10
930 86 268 10 0 7110 10
424 91 268 10 978 1098 10
805 88 287 30 0 7108 10
613 90 274 20 717 837 10
163 64 294 12 0 7083 10
509 146 313 22 0 7153 10
822 67 335 20 967 1087 10
923 80 286 10 0 7101 10
830 67 334 20 923 1043 10
40 80 290 10 790 910 10
60 71 333 10 775 895 10
30 83 300 26 0 7100 10
45 88 286 10 0 7109 10
818 133 273 20 0 7155 10
152 62 326 20 1145 1265 10
505 71 282 29 2567 2687 10
251 118 314 26 0 7128 10
14 102 264 10 535 655 10
979 131 246 17 0 7155 10
449 85 288 20 728 848 10
304 100 266 20 586 706 10
367 89 290 20 0 7109 10
737 95 277 20 1098 1218 10
77 96 270 20 0 7119 10
601 66 336 10 0 7071 10
334 73 328 20 0 7081 10
562 120 261 5 3173 3293 10
381 63 336 20 0 7069 10
635 89 272 10 0 7112 10
845 90 296 20 606 726 10
882 56 268 28 4256 4376 10
583 104 349 20 0 7098 10
64 92 259 4 0 7116 10
414 87 285 30 964 1084 10
823 92 270 20 0 7115 10
203 91 266 10 930 1050 10
869 69 334 30 824 944 10
817 130 247 17 0 7154 10
618 79 291 10 835 955 10
791 96 346 26 741 861 10
86 97 288 22 5136 5256 10
803 90 285 40 1105 1225 10
134 89 270 10 814 934 10
