rc2_10_3

VEHICLE
NUMBER   CAPACITY
250     1000

CUSTOMER
CUST NO. XCOORD.  YCOORD.  DEMAND  READY TIME DUE DATE  SERVICE TIME

0   250    250     0     0    7284     0
148 267 394 10 1037 1157 10
141 294 421 26 6302 6422 10
932 272 402 10 638 758 10
957 257 391 22 0 7133 10
968 311 422 29 0 7092 10
549 245 408 10 0 7116 10
10 226 423 15 788 908 10
327 250 405 20 0 7119 10
741 313 391 5 598 718 10
225 246 398 40 0 7126 10
906 250 411 30 0 7113 10
974 270 401 20 0 7122 10
218 272 420 7 5543 5663 10
534 267 400 10 929 1049 10
107 249 407 10 695 815 10
436 272 403 30 0 7120 10
761 245 461 8 0 7063 10
442 250 441 5 0 7083 10
354 270 400 10 545 665 10
271 299 353 34 396 516 10
710 283 438 3 926 1046 10
88 334 403 26 638 758 10
37 268 400 20 973 1093 10
487 241 403 10 0 7121 10
370 262 369 15 0 7155 10
13 239 486 3 0 7038 10
78 243 408 15 5735 5855 10
82 277 403 10 699 819 10
217 287 397 12 2257 2377 10
850 286 356 30 388 508 10
330 263 418 25 1114 1234 10
475 277 428 7 0 7094 10
617 307 412 8 1615 1735 10
240 248 404 30 0 7120 10
362 266 405 20 868 988 10
656 255 487 19 0 7037 10
853 243 399 10 939 1059 10
154 241 402 11 0 7122 10
106 230 487 20 4518 4638 10
878 269 402 20 811 931 10
265 330 371 1 0 7129 10
324 274 441 12 0 7082 10
208 260 472 33 4144 4264 10
