rc2_10_3

VEHICLE
NUMBER   CAPACITY
250     1000

CUSTOMER
CUST NO. XCOORD.  YCOORD.  DEMAND  READY TIME DUE DATE  SERVICE TIME

0   250    250     0     0    7284     0
156 79 80 19 5528 5648 10
816 24 65 10 1461 1581 10
800 93 96 20 0 7055 10
559 21 70 15 3085 3205 10
339 58 39 12 0 6989 10
418 24 68 20 0 6984 10
394 64 5 14 0 6967 10
687 18 24 32 0 6951 10
306 91 101 10 0 7057 10
422 18 63 10 1356 1476 10
174 71 12 2 1172 1292 10
28 80 117 24 3297 3417 10
574 57 43 15 0 6991 10
488 30 72 10 1726 1846 10
312 94 97 20 0 7056 10
851 15 69 10 1167 1287 10
895 92 76 4 0 7039 10
921 56 75 24 0 7013 10
372 89 65 16 2881 3001 10
462 43 135 31 0 7038 10
640 20 73 10 0 6984 10
914 23 67 30 1557 1677 10
942 52 18 28 3428 3548 10
343 21 64 20 1409 1529 10
254 75 118 21 1636 1756 10
717 6 53 8 0 6961 10
748 44 115 24 925 1045 10
935 66 31 25 4194 4314 10
137 97 93 20 0 7055 10
788 87 96 30 0 7050 10
525 88 95 20 0 7050 10
99 38 15 3 4364 4484 10
506 60 5 18 0 6964 10
73 26 67 15 5267 5387 10
79 60 29 32 5451 5571 10
145 66 88 2 0 7029 10
572 21 68 20 1606 1726 10
596 95 92 20 0 7053 10
266 25 65 10 1505 1625 10
438 1 101 8 0 6984 10
241 65 62 15 0 7011 10
204 17 65 20 0 6977 10
943 16 68 20 0 6978 10
342 96 97 20 808 928 10
410 30 7 23 4754 4874 10
881 15 68 10 1211 1331 10
