r1_10_1

VEHICLE
NUMBER  CAPACITY
250   200

CUSTOMER
CUST NO. XCOORD. YCOORD. DEMAND READY TIME DUE DATE SERVICE TIME

0  250  250   0   0  1925   0
560 449 190 2 1150 1160 10
868 455 168 21 877 887 10
8 466 149 16 1196 1206 10
351 413 127 28 841 851 10
809 466 96 22 1393 1403 10
288 456 157 20 1465 1475 10
633 404 140 8 1269 1279 10
357 461 186 16 1522 1532 10
195 498 171 12 1266 1276 10
422 461 195 26 1405 1415 10
975 488 96 22 1076 1086 10
648 482 184 14 1117 1127 10
568 442 153 29 1199 1209 10
168 488 173 25 1220 1230 10
397 475 198 20 845 855 10
359 471 94 30 1009 1019 10
561 456 113 17 1237 1247 10
562 480 152 26 1032 1042 10
839 429 169 8 913 923 10
711 438 127 2 951 961 10
83 470 138 16 1399 1409 10
735 482 141 14 1021 1031 10
602 489 159 29 1438 1448 10
676 441 177 23 1011 1021 10
