rc1_10_1

VEHICLE
NUMBER   CAPACITY
250     200

CUSTOMER
CUST NO. XCOORD.  YCOORD.  DEMAND  READY TIME DUE DATE  SERVICE TIME

0   250    250     0     0    1821     0
587 69 336 20 218 248 10
993 3 292 20 256 286 10
696 52 303 25 441 471 10
369 40 304 16 1145 1175 10
75 30 302 10 267 297 10
163 64 294 12 1101 1131 10
307 25 307 10 249 279 10
937 35 304 30 221 251 10
728 0 297 10 293 323 10
433 33 278 18 1487 1517 10
822 67 335 20 242 272 10
160 38 301 20 296 326 10
830 67 334 20 231 261 10
130 44 344 12 1079 1109 10
575 1 293 10 268 298 10
535 8 300 10 356 386 10
907 19 273 25 1017 1047 10
139 29 336 22 332 362 10
60 71 333 10 197 227 10
842 5 281 16 1372 1402 10
152 62 326 20 286 316 10
857 24 259 19 370 400 10
623 51 286 14 1459 1489 10
19 7 300 30 345 375 10
615 35 306 20 229 259 10
221 33 286 11 1546 1576 10
902 16 287 12 271 301 10
243 0 293 30 279 309 10
469 35 303 20 221 251 10
811 7 292 10 246 276 10
513 44 311 27 407 437 10
421 6 292 10 247 277 10
382 6 296 10 320 350 10
97 5 297 10 331 361 10
601 66 336 10 253 283 10
100 2 295 30 306 336 10
334 73 328 20 193 223 10
120 7 382 27 770 800 10
295 0 356 13 1086 1116 10
381 63 336 20 266 296 10
645 30 301 10 278 308 10
511 37 281 17 493 523 10
496 13 314 14 245 275 10
869 69 334 30 206 236 10
569 32 319 21 401 431 10
791 96 346 26 185 215 10
766 12 358 7 1224 1254 10
