rc1_10_5

VEHICLE
NUMBER  CAPACITY
250   200

CUSTOMER
CUST NO. XCOORD. YCOORD. DEMAND READY TIME DUE DATE SERVICE TIME

0  250  250   0   0  1821   0
662 411 379 25 1161 1255 10
831 448 414 23 1208 1268 10
460 405 454 11 1301 1335 10
208 260 472 33 1020 1082 10
4 352 487 27 905 928 10
910 433 447 20 739 880 10
78 243 408 15 1436 1462 10
8 328 458 17 755 810 10
237 331 356 13 689 764 10
893 336 493 20 1488 1528 10
758 380 350 15 847 916 10
482 491 369 28 718 771 10
39 377 432 20 808 885 10
378 328 491 21 659 728 10
807 368 452 16 672 697 10
463 318 497 21 836 901 10
29 421 387 15 768 865 10
202 346 354 8 800 864 10
141 294 421 26 1556 1625 10
649 468 352 9 755 812 10
651 489 437 29 699 744 10
83 498 456 27 1395 1447 10
936 425 448 9 759 859 10
957 257 391 22 1603 1670 10
106 230 487 20 1122 1168 10
498 377 385 6 846 917 10
277 379 486 22 633 740 10
1 440 436 18 882 932 10
840 470 417 11 739 764 10
154 241 402 11 1008 1072 10
250 434 359 13 1390 1425 10
218 272 420 7 1375 1426 10
392 493 493 20 843 900 10
324 274 441 12 657 762 10
442 250 441 5 732 809 10
524 406 460 2 697 771 10
13 239 486 3 1486 1508 10
802 449 428 25 1227 1297 10
485 313 493 20 1177 1239 10
432 470 405 17 913 969 10
398 348 348 23 928 971 10
70 421 386 29 818 861 10
332 420 383 27 975 1019 10
72 412 478 7 952 998 10
459 370 382 11 865 933 10
968 311 422 29 977 1029 10
