c1_10_9

VEHICLE
NUMBER  CAPACITY
250   200

CUSTOMER
CUST NO. XCOORD. YCOORD. DEMAND READY TIME DUE DATE SERVICE TIME

0  250  250   0   0  1824   0
103 115 465 10 257 617 90
91 55 428 20 359 719 90
385 145 434 20 308 668 90
219 65 453 30 277 637 90
79 22 483 30 325 685 90
400 54 445 10 383 743 90
970 15 457 20 318 678 90
553 116 466 20 254 614 90
571 57 425 20 260 620 90
823 101 385 20 201 561 90
948 56 428 20 268 628 90
664 18 484 10 329 689 90
317 100 387 10 294 654 90
364 66 448 10 270 630 90
258 101 386 20 202 562 90
49 21 485 30 333 693 90
711 12 451 20 311 671 90
570 55 449 20 278 638 90
681 54 424 10 262 622 90
789 117 467 10 254 614 90
403 13 455 10 313 673 90
958 97 385 30 387 747 90
350 49 451 20 284 644 90
170 62 453 10 370 730 90
492 67 452 30 272 632 90
106 141 428 20 208 568 90
652 101 384 30 200 560 90
882 51 447 10 289 649 90
81 141 431 30 213 573 90
331 112 467 10 351 711 90
158 140 431 30 211 571 90
