r2_10_1

VEHICLE
NUMBER  CAPACITY
250   1000

CUSTOMER
CUST NO. XCOORD. YCOORD. DEMAND READY TIME DUE DATE SERVICE TIME

0  250  250   0   0  7697   0
251 273 300 30 153 288 10
993 287 256 18 61 239 10
850 266 221 9 80 185 10
880 259 301 25 383 528 10
116 280 245 21 85 158 10
921 291 251 20 129 200 10
898 265 240 9 21 123 10
807 228 287 21 97 248 10
984 247 306 33 182 266 10
739 289 220 19 145 248 10
977 290 328 7 555 714 10
503 247 219 17 81 169 10
350 233 230 20 26 199 10
624 301 239 31 169 248 10
191 251 238 27 12 119 10
803 293 228 19 133 253 10
313 267 290 15 111 236 10
220 298 264 36 147 253 10
139 235 288 18 83 244 10
704 306 235 25 172 291 10
454 318 280 21 254 340 10
493 297 304 4 227 345 10
