rc2_10_6

VEHICLE
NUMBER  CAPACITY
250   1000

CUSTOMER
CUST NO. XCOORD. YCOORD. DEMAND READY TIME DUE DATE SERVICE TIME

0  250  250   0   0  7284   0
32 18 462 20 1531 1771 10
229 110 459 30 1331 1571 10
554 14 459 20 1283 1523 10
634 11 403 18 1312 1552 10
606 21 488 10 1385 1625 10
589 13 459 20 1327 1567 10
335 50 438 20 1287 1527 10
689 59 457 30 1277 1517 10
397 16 497 20 1643 1883 10
747 26 490 10 1839 2079 10
924 17 459 10 1628 1868 10
858 12 463 20 1383 1623 10
61 105 474 27 1823 2063 10
624 20 488 10 1429 1669 10
739 53 466 9 1280 1520 10
880 13 394 15 1430 1670 10
783 16 460 20 1583 1823 10
9 25 499 10 1720 1960 10
318 21 485 30 1293 1533 10
461 17 458 10 1672 1912 10
12 60 454 10 1329 1569 10
366 63 444 20 1459 1699 10
752 109 463 30 1274 1514 10
62 20 489 10 1473 1713 10
812 44 496 32 1547 1787 10
782 58 449 30 1391 1631 10
358 16 463 20 1439 1679 10
704 24 492 10 1788 2028 10
980 49 437 7 1650 1890 10
279 8 497 40 1571 1811 10
550 16 462 10 1483 1723 10
489 21 487 10 1341 1581 10
197 111 459 20 1375 1615 10
666 141 426 23 2066 2306 10
