c1_10_4

VEHICLE
NUMBER  CAPACITY
250   200

CUSTOMER
CUST NO. XCOORD. YCOORD. DEMAND READY TIME DUE DATE SERVICE TIME

0  250  250   0   0  1824   0
159 118 153 30 0 1571 90
603 108 116 30 0 1539 90
131 116 156 10 0 1571 90
559 88 95 20 0 1510 90
627 93 96 20 0 1515 90
122 113 106 20 0 1536 90
352 61 147 40 0 1519 90
462 97 93 20 0 1515 90
562 123 159 20 0 1578 90
876 67 105 10 0 1501 90
786 66 156 10 0 1528 90
869 71 156 10 0 1532 90
773 107 112 30 0 1536 90
172 87 96 30 0 1510 90
481 67 109 20 0 1503 90
313 67 108 10 0 1503 90
418 117 152 20 0 1569 90
234 71 103 20 0 1503 90
678 109 108 10 0 1534 90
415 96 97 20 0 1517 90
416 68 99 10 0 1498 90
114 65 100 10 0 1496 90
291 120 159 10 0 1576 90
895 66 98 20 0 1496 90
569 91 101 10 0 1517 90
57 118 157 20 0 1573 90
616 68 108 10 0 1504 90
977 74 146 30 0 1530 90
878 73 101 20 0 1503 90
513 121 151 20 0 1572 90
148 121 157 10 0 1575 90
390 72 148 20 0 1529 90
338 64 99 10 0 1495 90
698 95 92 20 0 1513 90
593 113 156 10 0 1568 90
461 111 110 20 0 1537 90
805 72 96 20 0 1499 90
870 65 153 30 0 1526 90
705 108 105 20 0 1532 90
74 64 108 10 0 1500 90
374 123 155 10 0 1576 90
