c2_10_9

VEHICLE
NUMBER   CAPACITY
250     700

CUSTOMER
CUST NO. XCOORD.  YCOORD.  DEMAND  READY TIME DUE DATE  SERVICE TIME

0   250    250     0     0    3914     0
452 196 219 30 2781 3486 90
493 44 153 30 1902 2248 90
968 211 198 30 2312 3167 90
461 209 201 30 2425 3241 90
638 117 204 30 1453 2103 90
94 148 225 40 369 1017 90
59 121 203 10 1392 2351 90
376 211 188 10 341 1139 90
604 152 241 20 389 1357 90
252 155 198 30 108 613 90
736 167 169 20 1235 2232 90
593 200 195 20 1559 2971 90
151 63 166 30 2271 2893 90
683 107 168 20 2398 2791 90
684 220 177 20 78 1039 90
407 65 164 20 2083 3268 90
104 128 209 20 1167 1178 90
875 108 222 10 1320 1834 90
270 189 200 10 1543 2595 90
484 53 139 30 907 1681 90
121 63 159 20 637 1541 90
313 80 141 30 201 1240 90
721 43 125 30 1289 2076 90
422 83 151 10 194 1288 90
291 228 186 20 67 913 90
281 94 130 10 279 1083 90
447 212 215 20 2762 3718 90
103 184 188 10 638 2043 90
40 196 192 30 1749 2591 90
636 114 169 20 2107 3277 90
481 186 177 20 1043 1839 90
677 49 136 10 1418 2152 90
166 120 210 20 1041 1684 90
631 123 206 10 1456 2475 90
29 48 137 20 1467 2286 90
897 110 199 10 1672 2902 90
275 57 131 10 766 2199 90
442 118 214 20 136 1320 90
183 152 196 10 160 425 90
586 140 220 30 625 1141 90
480 59 159 10 931 1435 90
768 51 162 20 1791 2794 90
623 200 182 10 1042 1424 90
914 77 133 10 208 1578 90
176 112 208 10 992 2371 90
21 149 183 20 2528 3703 90
970 217 189 20 253 1034 90
553 77 172 20 2585 3526 90
505 173 208 30 1585 2337 90
539 221 179 20 163 735 90
691 129 185 20 2514 3273 90
550 95 160 10 179 763 90
643 71 163 20 2551 3179 90
449 96 152 20 182 1146 90
393 125 212 10 711 1823 90
933 74 165 10 2620 3296 90
987 152 225 30 445 1702 90
18 90 168 20 2762 3558 90
629 140 180 20 2410 3694 90
421 140 206 30 118 1002 90
955 138 196 30 1763 2384 90
382 137 227 20 115 953 90
525 173 169 10 1172 2104 90
963 78 141 30 452 512 90
420 225 192 20 63 1146 90
886 184 178 10 1178 1890 90
506 204 189 10 2222 2694 90
405 151 214 10 221 962 90
554 147 199 30 114 1531 90
431 136 217 30 457 1499 90
848 183 187 20 1054 2642 90
74 101 179 20 2045 2940 90
903 118 223 10 134 1382 90
985 59 128 20 948 2205 90
787 59 163 20 2249 2532 90
601 212 168 20 504 1375 90
893 104 198 20 1922 2844 90
708 199 200 10 2573 3477 90
528 207 194 10 2003 3103 90
334 137 186 10 2772 3213 90
285 155 242 10 540 1392 90
27 113 229 30 305 2100 90
17 67 153 20 500 1483 90
635 211 180 20 371 1304 90
524 204 171 20 661 1415 90
315 157 192 20 2659 3715 90
599 125 226 20 1408 1530 90
610 220 192 20 65 1095 90
474 146 245 20 104 1508 90
414 203 203 10 2440 3419 90
168 202 198 30 1768 2949 90
228 119 232 10 1833 2205 90
383 161 203 20 100 1008 90
135 126 188 20 1691 2665 90
971 197 178 20 543 1733 90
158 61 170 30 2336 2640 90
273 30 162 10 1775 2589 90
658 50 138 20 1876 2061 90
504 107 225 30 203 838 90
329 207 196 20 2298 2992 90
983 145 221 20 434 1141 90
620 67 160 10 2688 2852 90
231 125 181 20 2290 3306 90
108 132 218 10 122 1422 90
597 131 207 20 543 1616 90
277 107 221 40 179 1050 90
992 57 132 10 1096 1688 90
605 71 139 30 371 1403 90
