c1_10_6

VEHICLE
NUMBER  CAPACITY
250   200

CUSTOMER
CUST NO. XCOORD. YCOORD. DEMAND READY TIME DUE DATE SERVICE TIME

0  250  250   0   0  1824   0
291 120 159 10 253 430 90
66 99 218 30 154 473 90
679 115 218 10 202 438 90
545 98 215 20 155 363 90
394 131 226 20 121 382 90
999 94 235 20 156 375 90
902 121 219 20 132 143 90
417 146 205 10 275 504 90
109 148 211 20 119 280 90
390 72 148 20 249 346 90
308 195 185 20 315 420 90
778 96 213 30 222 458 90
819 95 235 10 155 276 90
562 123 159 20 156 354 90
543 121 218 20 154 293 90
77 143 207 30 202 390 90
977 74 146 30 204 265 90
148 121 157 10 172 327 90
441 128 225 10 178 252 90
246 95 234 10 261 416 90
40 129 223 20 180 434 90
473 152 210 20 105 321 90
