c1_10_9

VEHICLE
NUMBER  CAPACITY
250   200

CUSTOMER
CUST NO. XCOORD. YCOORD. DEMAND READY TIME DUE DATE SERVICE TIME

0  250  250   0   0  1824   0
731 8 497 40 803 1163 90
538 111 459 20 994 1354 90
816 144 439 30 586 946 90
126 2 295 30 621 981 90
269 50 438 20 572 932 90
387 26 490 10 1046 1406 90
16 20 488 10 607 967 90
944 111 463 20 717 1077 90
812 16 460 20 966 1326 90
216 58 458 10 558 918 90
516 97 387 10 666 1026 90
75 57 432 10 823 1183 90
401 109 463 30 809 1169 90
614 17 459 10 1057 1417 90
911 38 301 20 611 971 90
518 62 326 20 761 1121 90
845 17 458 10 1062 1422 90
265 6 296 10 715 1075 90
887 16 463 20 690 1050 90
178 60 454 10 742 1102 90
160 134 428 20 783 1143 90
315 63 336 20 661 1021 90
142 95 384 30 572 932 90
919 77 350 10 848 1208 90
865 56 434 20 730 1090 90
669 20 489 10 698 1058 90
606 102 391 20 950 1310 90
866 12 463 20 596 956 90
713 60 428 20 918 1278 90
97 74 350 10 755 1115 90
358 196 462 10 799 1159 90
53 7 300 30 900 1260 90
2 5 297 10 806 1166 90
464 214 394 10 626 986 90
260 243 399 10 630 990 90
185 64 426 10 1012 1372 90
431 100 394 10 856 1216 90
579 110 459 30 903 1263 90
237 58 449 30 838 1198 90
436 24 492 10 1043 1403 90
409 189 464 10 701 1061 90
275 52 432 20 636 996 90
422 111 464 10 626 986 90
412 138 438 20 682 1042 90
281 215 395 20 717 1077 90
739 188 462 40 609 969 90
375 16 497 20 901 1261 90
105 75 347 10 661 1021 90
391 220 392 20 813 1173 90
701 25 499 10 1000 1360 90
134 187 491 20 633 993 90
688 66 336 10 568 928 90
18 73 346 10 569 929 90
176 63 444 20 935 1295 90
62 8 300 10 991 1351 90
666 84 346 20 946 1306 90
341 95 391 10 761 1121 90
690 18 462 20 873 1233 90
349 59 457 30 649 1009 90
408 16 462 10 781 1141 90
