r1_10_7

VEHICLE
NUMBER  CAPACITY
250   200

CUSTOMER
CUST NO. XCOORD. YCOORD. DEMAND READY TIME DUE DATE SERVICE TIME

0  250  250   0   0  1925   0
458 324 99 10 0 1747 10
184 317 45 8 0 1700 10
580 323 34 13 0 1687 10
90 335 99 25 0 1742 10
564 343 34 7 0 1680 10
784 265 0 10 0 1665 10
245 282 1 18 0 1664 10
847 281 96 1 0 1758 10
465 335 46 18 0 1694 10
295 282 10 30 0 1673 10
864 344 70 24 0 1712 10
368 306 42 11 0 1700 10
962 276 84 20 0 1747 10
889 323 77 36 0 1728 10
332 307 52 23 0 1709 10
