c1_10_9

VEHICLE
NUMBER  CAPACITY
250   200

CUSTOMER
CUST NO. XCOORD. YCOORD. DEMAND READY TIME DUE DATE SERVICE TIME

0  250  250   0   0  1824   0
788 389 428 20 228 588 90
785 422 409 10 234 594 90
28 374 489 20 269 629 90
443 391 407 10 397 757 90
6 322 465 10 226 586 90
476 390 423 10 222 582 90
354 392 426 10 514 874 90
494 398 428 10 417 777 90
980 319 470 10 233 593 90
440 408 453 10 438 798 90
578 388 408 10 213 573 90
574 322 468 20 420 780 90
210 323 471 30 327 687 90
115 404 447 20 250 610 90
268 319 468 10 228 588 90
188 380 498 10 372 732 90
104 422 420 20 338 698 90
118 325 466 40 514 874 90
743 408 452 10 347 707 90
512 412 453 10 532 892 90
528 391 429 20 320 680 90
605 389 404 10 207 567 90
925 416 420 20 525 885 90
7 393 408 30 489 849 90
451 386 405 20 206 566 90
527 382 498 10 464 824 90
346 390 408 30 305 665 90
267 421 415 30 237 597 90
837 419 418 10 244 604 90
962 405 450 20 253 613 90
486 406 450 20 254 614 90
775 376 494 30 274 634 90
973 378 493 30 277 637 90
849 388 418 10 217 577 90
132 419 422 20 431 791 90
