rc2_10_6

VEHICLE
NUMBER  CAPACITY
250   1000

CUSTOMER
CUST NO. XCOORD. YCOORD. DEMAND READY TIME DUE DATE SERVICE TIME

0  250  250   0   0  7284   0
294 94 40 24 4212 4452 10
34 188 119 44 3839 4079 10
574 57 43 15 4034 4274 10
410 30 7 23 4694 4934 10
241 65 62 15 3846 4086 10
895 92 76 4 4496 4736 10
506 60 5 18 4115 4355 10
423 149 98 4 4600 4840 10
759 140 108 29 4225 4465 10
394 64 5 14 4456 4696 10
935 66 31 25 4134 4374 10
700 165 59 27 3711 3951 10
566 68 160 21 4483 4723 10
92 92 18 8 4437 4677 10
832 46 163 8 3644 3884 10
187 157 38 3 4131 4371 10
99 38 15 3 4304 4544 10
339 58 39 12 4592 4832 10
