rc1_10_3

VEHICLE
NUMBER  CAPACITY
250   200

CUSTOMER
CUST NO. XCOORD. YCOORD. DEMAND READY TIME DUE DATE SERVICE TIME

0  250  250   0   0  1821   0
806 379 196 20 194 224 10
405 364 173 30 180 210 10
711 352 241 5 792 822 10
350 357 181 20 149 179 10
514 361 181 20 197 227 10
38 391 202 14 148 178 10
927 352 176 20 126 156 10
951 389 156 27 716 746 10
519 401 164 13 621 651 10
954 371 200 10 224 254 10
68 378 199 10 207 237 10
588 359 182 20 209 239 10
412 397 153 29 882 912 10
162 371 192 30 134 164 10
426 367 178 20 180 210 10
678 386 245 16 479 509 10
363 374 232 33 125 155 10
