c1_10_10

VEHICLE
NUMBER  CAPACITY
250   200

CUSTOMER
CUST NO. XCOORD. YCOORD. DEMAND READY TIME DUE DATE SERVICE TIME

0  250  250   0   0  1824   0
634 182 4 10 377 868 90
64 238 46 40 584 936 90
426 197 11 10 479 918 90
501 200 13 10 242 867 90
200 188 4 20 253 685 90
328 188 12 30 245 762 90
48 164 21 20 381 835 90
935 167 24 20 508 896 90
949 232 47 10 203 764 90
764 204 15 20 239 522 90
92 189 7 30 250 801 90
198 237 43 20 511 823 90
896 166 32 10 233 814 90
846 186 7 20 278 778 90
244 169 31 20 233 832 90
984 166 34 20 231 823 90
767 231 43 10 280 680 90
197 233 47 20 203 790 90
344 198 12 10 359 854 90
484 168 24 10 522 1065 90
648 230 49 20 201 721 90
214 232 42 10 422 721 90
624 181 6 20 471 959 90
799 198 9 20 540 1041 90
497 167 27 30 275 747 90
683 199 12 20 265 766 90
879 200 14 10 241 713 90
