r1_10_9

VEHICLE
NUMBER  CAPACITY
250   200

CUSTOMER
CUST NO. XCOORD. YCOORD. DEMAND READY TIME DUE DATE SERVICE TIME

0  250  250   0   0  1925   0
370 489 338 17 1387 1437 10
570 433 319 11 1354 1428 10
125 447 267 19 961 1029 10
347 486 324 15 748 821 10
922 497 266 25 750 776 10
215 492 335 10 812 875 10
343 440 292 24 926 985 10
939 478 300 12 865 944 10
186 428 302 27 993 1069 10
196 487 320 21 854 892 10
512 472 248 11 818 881 10
43 440 294 16 945 1006 10
72 424 288 13 1049 1095 10
734 475 267 7 762 828 10
554 457 280 17 1002 1027 10
861 492 326 19 1189 1250 10
678 463 253 23 1024 1101 10
509 440 284 25 812 921 10
