rc2_10_8

VEHICLE
NUMBER  CAPACITY
250   1000

CUSTOMER
CUST NO. XCOORD. YCOORD. DEMAND READY TIME DUE DATE SERVICE TIME

0  250  250   0   0  7284   0
254 75 118 21 1481 1912 10
614 39 162 18 1950 2692 10
748 44 115 24 773 1198 10
995 18 225 8 2595 3056 10
786 47 208 30 687 1244 10
694 31 175 24 815 1278 10
462 43 135 31 572 1322 10
425 103 177 28 2298 2833 10
50 86 199 23 924 1419 10
919 61 214 4 1162 1691 10
305 111 178 18 420 832 10
772 89 185 16 2194 2724 10
510 21 146 21 1837 2178 10
47 41 232 16 583 1180 10
80 34 169 11 1860 2136 10
