c1_10_1

VEHICLE
NUMBER  CAPACITY
250   200

CUSTOMER
CUST NO. XCOORD. YCOORD. DEMAND READY TIME DUE DATE SERVICE TIME

0  250  250   0   0  1824   0
101 441 244 10 909 955 90
670 361 181 20 662 723 90
748 395 331 20 690 734 90
41 371 200 10 843 916 90
220 421 294 10 883 953 90
141 428 291 10 698 764 90
307 395 295 20 677 736 90
29 440 247 20 717 779 90
423 468 291 30 748 798 90
598 405 276 20 771 848 90
314 442 310 20 643 698 90
687 391 293 20 768 834 90
556 408 279 20 682 747 90
273 402 281 20 886 924 90
446 425 215 10 699 748 90
583 335 256 10 890 962 90
325 398 325 30 774 843 90
396 423 217 20 785 849 90
263 360 184 10 846 906 90
85 470 290 10 835 895 90
657 443 272 10 821 869 90
863 441 273 20 903 972 90
566 338 257 20 713 772 90
651 468 199 20 669 730 90
239 423 294 10 790 863 90
207 358 183 20 932 1005 90
554 468 295 10 934 987 90
21 337 257 20 805 863 90
276 378 199 10 761 804 90
950 466 291 10 656 705 90
992 401 255 30 685 738 90
646 359 182 20 748 821 90
733 421 218 10 880 939 90
673 390 325 30 883 929 90
768 445 273 20 725 781 90
770 439 305 30 736 797 90
617 390 294 20 853 931 90
757 440 244 10 809 874 90
31 379 196 20 665 714 90
