r2_10_1

VEHICLE
NUMBER  CAPACITY
250   1000

CUSTOMER
CUST NO. XCOORD. YCOORD. DEMAND READY TIME DUE DATE SERVICE TIME

0  250  250   0   0  7697   0
964 294 421 26 6292 6431 10
474 218 403 15 5305 5368 10
431 239 486 3 5949 6028 10
453 272 420 7 5515 5691 10
199 322 406 17 3294 3460 10
681 274 403 17 3526 3693 10
322 260 472 33 4143 4265 10
355 283 454 14 5107 5134 10
154 268 351 7 6698 6822 10
392 243 408 15 5720 5870 10
214 237 420 15 5311 5483 10
854 284 457 17 6018 6090 10
874 278 450 29 5504 5615 10
296 274 442 17 4301 4350 10
750 257 391 22 6547 6637 10
585 231 410 14 4917 5095 10
858 211 411 15 4631 4662 10
265 241 402 11 4090 4229 10
90 311 422 29 3970 4053 10
974 259 498 33 4294 4425 10
