c2_10_10

VEHICLE
NUMBER  CAPACITY
250   700

CUSTOMER
CUST NO. XCOORD. YCOORD. DEMAND READY TIME DUE DATE SERVICE TIME

0  250  250   0   0  3914   0
275 57 131 10 1043 1923 90
484 53 139 30 854 1734 90
914 77 133 10 349 1229 90
985 59 128 20 1136 2016 90
480 59 159 10 743 1623 90
992 57 132 10 952 1832 90
17 67 153 20 552 1432 90
605 71 139 30 447 1327 90
963 78 141 30 203 1083 90
313 80 141 30 201 1081 90
721 43 125 30 1243 2123 90
281 94 130 10 241 1121 90
422 83 151 10 194 1074 90
550 95 160 10 179 1059 90
449 96 152 20 182 1062 90
121 63 159 20 649 1529 90
