rc2_10_7

VEHICLE
NUMBER   CAPACITY
250     1000

CUSTOMER
CUST NO. XCOORD.  YCOORD.  DEMAND  READY TIME DUE DATE  SERVICE TIME

0   250    250     0     0    7284     0
292 154 374 36 3537 4078 10
785 162 388 11 4532 4596 10
283 111 392 18 4633 4839 10
509 146 313 22 4647 5036 10
246 175 352 12 6469 6971 10
258 149 341 6 1433 1919 10
770 84 377 10 3552 3978 10
251 118 314 26 1220 1601 10
359 59 388 20 2556 2866 10
387 142 360 20 6087 6289 10
308 135 400 20 1104 1404 10
147 93 413 17 793 1017 10
144 142 372 18 409 895 10
551 107 374 8 3662 3772 10
642 95 382 19 639 1331 10
583 104 349 20 3975 4219 10
255 115 395 11 3188 3454 10
383 146 376 8 951 1044 10
626 170 347 15 1755 1852 10
791 96 346 26 623 979 10
984 154 392 9 411 961 10
