rc1_10_7

VEHICLE
NUMBER   CAPACITY
250     200

CUSTOMER
CUST NO. XCOORD.  YCOORD.  DEMAND  READY TIME DUE DATE  SERVICE TIME

0   250    250     0     0    1821     0
303 440 241 10 277 355 10
227 451 305 13 208 306 10
600 497 266 25 696 829 10
260 436 241 20 275 410 10
492 443 272 10 218 353 10
683 434 245 10 317 396 10
401 443 237 20 193 309 10
573 441 244 10 235 350 10
299 500 228 8 768 826 10
690 442 243 10 256 351 10
447 458 213 22 1112 1175 10
560 440 244 10 261 302 10
693 441 273 20 283 311 10
483 445 273 20 248 297 10
301 442 289 25 195 236 10
592 452 206 31 464 550 10
520 499 316 18 611 663 10
36 440 292 24 888 1022 10
26 441 265 40 191 300 10
692 445 237 10 195 285 10
777 435 268 10 290 364 10
515 444 242 10 194 302 10
713 442 247 10 227 285 10
843 487 320 21 826 920 10
516 444 271 10 216 305 10
548 435 267 20 278 397 10
650 418 251 21 1146 1278 10
428 443 246 20 203 287 10
495 440 284 25 808 926 10
123 439 243 20 305 352 10
188 439 268 10 271 354 10
775 475 267 7 756 833 10
764 450 265 10 200 290 10
136 463 253 23 1000 1124 10
133 460 328 13 224 346 10
912 489 338 17 1347 1478 10
491 453 318 30 353 424 10
794 436 295 11 505 581 10
215 436 237 20 186 268 10
718 478 300 12 852 958 10
207 426 231 24 1034 1053 10
918 489 274 31 490 608 10
971 440 247 20 222 314 10
707 444 269 20 206 292 10
801 409 255 23 1487 1587 10
928 490 286 29 496 579 10
155 439 266 10 189 295 10
184 492 335 10 808 878 10
486 495 227 20 317 400 10
375 436 264 20 186 294 10
