rc1_10_7

VEHICLE
NUMBER   CAPACITY
250     200

CUSTOMER
CUST NO. XCOORD.  YCOORD.  DEMAND  READY TIME DUE DATE  SERVICE TIME

0   250    250     0     0    1821     0
578 236 126 23 124 274 10
94 269 112 19 1228 1328 10
765 273 149 14 1493 1542 10
270 178 135 21 1491 1567 10
34 188 119 44 945 1035 10
715 233 87 18 221 315 10
730 195 111 15 955 1071 10
540 253 118 19 508 616 10
166 186 135 24 710 755 10
723 200 78 31 942 1073 10
796 271 128 12 325 397 10
391 263 153 12 410 445 10
54 242 106 28 1244 1322 10
633 238 123 24 739 854 10
406 267 162 6 1427 1502 10
565 262 92 25 594 697 10
