rc1_10_10

VEHICLE
NUMBER  CAPACITY
250   200

CUSTOMER
CUST NO. XCOORD. YCOORD. DEMAND READY TIME DUE DATE SERVICE TIME

0  250  250   0   0  1821   0
640 20 73 10 290 440 10
881 15 68 10 297 447 10
418 24 68 20 354 504 10
343 21 64 20 295 445 10
266 25 65 10 316 466 10
204 17 65 20 297 447 10
943 16 68 20 296 446 10
851 15 69 10 296 446 10
914 23 67 30 329 479 10
816 24 65 10 305 455 10
572 21 68 20 341 491 10
559 21 70 15 711 861 10
687 18 24 32 568 718 10
717 6 53 8 527 677 10
422 18 63 10 297 447 10
174 71 12 2 297 447 10
488 30 72 10 372 522 10
