c1_10_3

VEHICLE
NUMBER  CAPACITY
250   200

CUSTOMER
CUST NO. XCOORD. YCOORD. DEMAND READY TIME DUE DATE SERVICE TIME

0  250  250   0   0  1824   0
889 435 20 20 0 1439 90
677 399 102 20 0 1524 90
470 397 20 20 0 1462 90
843 479 121 10 0 1472 90
179 478 99 10 0 1461 90
835 489 17 10 0 1401 90
195 431 28 20 0 1448 90
858 491 20 20 0 1401 90
290 467 114 10 0 1478 90
853 485 24 20 0 1408 90
587 488 96 10 0 1451 90
373 465 142 10 0 1494 90
177 433 27 20 0 1446 90
35 435 68 10 0 1475 90
989 399 104 10 0 1526 90
58 489 101 20 0 1453 90
645 439 15 20 0 1433 90
414 461 8 20 0 1413 90
780 391 99 20 0 1528 90
270 440 61 30 0 1467 90
839 489 27 10 0 1408 90
184 433 15 20 0 1437 90
514 403 93 10 0 1515 90
447 483 27 20 0 1412 90
754 437 15 30 0 1434 90
384 481 26 30 0 1413 90
361 491 25 10 0 1405 90
326 460 13 20 0 1418 90
525 428 25 20 0 1448 90
93 397 18 10 0 1460 90
205 406 87 10 0 1509 90
607 434 26 10 0 1445 90
608 488 26 30 0 1408 90
961 492 95 30 0 1447 90
917 399 106 20 0 1527 90
203 393 12 10 0 1457 90
300 406 99 20 0 1517 90
164 474 96 30 0 1463 90
932 441 65 10 0 1469 90
507 464 134 20 0 1491 90
288 483 14 10 0 1403 90
727 481 20 20 0 1409 90
692 466 142 10 0 1493 90
54 433 31 10 0 1449 90
139 435 11 40 0 1432 90
531 438 26 10 0 1442 90
242 477 97 10 0 1461 90
204 409 90 20 0 1509 90
740 400 103 10 0 1524 90
133 467 141 10 0 1492 90
955 440 7 20 0 1426 90
135 433 25 20 0 1444 90
877 478 118 20 0 1471 90
334 459 10 10 0 1416 90
582 407 98 10 0 1516 90
746 407 88 10 0 1509 90
450 476 102 20 0 1464 90
154 446 64 10 0 1464 90
37 409 88 20 0 1508 90
601 393 20 20 0 1464 90
965 404 103 20 0 1522 90
724 432 24 20 0 1444 90
146 435 62 30 0 1471 90
144 463 140 10 0 1495 90
483 438 31 10 0 1446 90
693 389 17 10 0 1463 90
753 458 130 20 0 1494 90
802 462 14 20 0 1417 90
379 428 24 10 0 1447 90
