rc2_10_8

VEHICLE
NUMBER  CAPACITY
250   1000

CUSTOMER
CUST NO. XCOORD. YCOORD. DEMAND READY TIME DUE DATE SERVICE TIME

0  250  250   0   0  7284   0
159 386 154 31 4287 4641 10
529 384 149 18 4662 5035 10
820 404 140 8 4715 5475 10
478 365 190 22 5860 6079 10
226 482 184 14 4300 4674 10
444 480 152 26 3952 4340 10
136 463 253 23 4024 4472 10
447 458 213 22 4468 4678 10
207 426 231 24 4034 4313 10
604 441 177 23 3830 4299 10
650 418 251 21 4515 5180 10
801 409 255 23 6056 6243 10
648 498 171 12 4954 5218 10
611 466 149 16 4580 5028 10
877 405 187 34 4765 5359 10
595 347 192 18 5665 6361 10
192 350 199 21 4503 5228 10
