r1_10_7

VEHICLE
NUMBER  CAPACITY
250   200

CUSTOMER
CUST NO. XCOORD. YCOORD. DEMAND READY TIME DUE DATE SERVICE TIME

0  250  250   0   0  1925   0
436 179 497 1 1411 1441 10
479 162 388 11 1126 1156 10
834 217 357 23 1420 1450 10
860 142 360 20 1532 1562 10
923 138 406 8 1216 1246 10
567 230 487 20 1130 1160 10
261 259 498 33 1075 1105 10
671 257 391 22 1633 1663 10
42 166 345 14 1130 1160 10
981 175 422 24 1446 1476 10
470 196 489 23 1030 1060 10
909 174 397 32 1245 1275 10
321 178 420 18 1071 1101 10
