r1_10_1

VEHICLE
NUMBER  CAPACITY
250   200

CUSTOMER
CUST NO. XCOORD. YCOORD. DEMAND READY TIME DUE DATE SERVICE TIME

0  250  250   0   0  1925   0
144 181 185 19 1624 1634 10
632 226 175 23 1704 1714 10
634 223 178 20 1146 1156 10
428 68 160 21 1146 1156 10
316 57 43 15 1033 1043 10
492 63 155 7 975 985 10
795 138 28 23 1107 1117 10
815 202 28 22 944 954 10
625 197 202 29 1214 1224 10
824 68 240 11 804 814 10
2 67 190 25 1183 1193 10
279 120 37 28 785 795 10
231 13 214 21 1364 1374 10
31 52 18 28 867 877 10
383 104 28 8 1483 1493 10
158 65 62 15 986 996 10
51 203 211 20 1316 1326 10
143 57 183 15 1110 1120 10
867 46 163 8 936 946 10
173 248 176 32 1411 1421 10
214 212 186 11 1732 1742 10
69 64 198 10 1098 1108 10
980 188 151 7 1307 1317 10
627 125 65 17 798 808 10
521 110 122 14 1519 1529 10
157 64 135 11 878 888 10
636 140 108 29 1081 1091 10
699 178 135 21 1524 1534 10
415 195 111 15 1008 1018 10
63 146 188 6 1245 1255 10
441 64 5 14 1139 1149 10
48 0 188 26 942 952 10
416 26 221 28 1006 1016 10
792 131 246 17 842 852 10
338 91 27 14 1192 1202 10
443 165 59 27 953 963 10
865 151 81 28 1568 1578 10
798 156 65 22 1047 1057 10
503 67 24 10 1028 1038 10
895 102 6 3 1468 1478 10
197 45 166 22 1023 1033 10
966 53 204 8 1065 1075 10
976 149 98 4 1175 1185 10
666 80 117 24 834 844 10
643 224 56 13 1196 1206 10
298 83 169 21 787 797 10
857 117 110 13 989 999 10
577 132 32 18 794 804 10
665 1 101 8 1267 1277 10
323 134 194 19 1662 1672 10
472 171 24 11 1393 1403 10
519 209 68 27 1578 1588 10
290 153 192 13 876 886 10
162 147 30 26 1119 1129 10
801 32 94 14 940 950 10
513 235 108 12 1090 1100 10
240 157 38 3 1058 1068 10
79 117 178 28 1127 1137 10
647 46 248 9 824 834 10
529 30 97 23 1220 1230 10
715 62 94 16 961 971 10
938 60 29 32 1373 1383 10
427 191 84 13 877 887 10
993 172 24 17 1462 1472 10
514 174 67 15 1270 1280 10
382 6 196 20 1213 1223 10
552 21 70 15 781 791 10
747 172 66 18 1313 1323 10
516 217 207 26 1392 1402 10
614 100 66 15 1410 1420 10
499 238 123 24 791 801 10
393 49 118 3 1081 1091 10
528 105 181 19 1541 1551 10
999 19 38 15 857 867 10
942 94 40 24 1078 1088 10
398 142 30 32 1256 1266 10
832 30 155 9 1290 1300 10
179 44 140 11 878 888 10
985 111 192 11 1209 1219 10
246 124 111 15 799 809 10
151 60 231 32 1036 1046 10
33 178 72 23 767 777 10
281 206 174 14 810 820 10
855 79 80 19 1392 1402 10
491 95 64 4 776 786 10
500 188 119 44 985 995 10
638 94 192 1 1090 1100 10
356 26 67 15 1327 1337 10
82 245 176 20 1245 1255 10
623 200 78 31 1003 1013 10
387 98 29 14 1057 1067 10
81 201 66 14 1177 1187 10
200 92 18 8 1134 1144 10
354 30 7 23 1199 1209 10
800 206 172 29 798 808 10
882 7 194 29 961 971 10
604 66 31 25 1058 1068 10
147 174 41 15 1313 1323 10
729 199 203 20 1467 1477 10
707 23 235 43 1033 1043 10
252 38 15 3 1101 1111 10
609 82 183 17 1112 1122 10
1 171 34 21 1153 1163 10
483 142 14 18 845 855 10
39 60 5 18 1054 1064 10
807 77 172 23 796 806 10
556 66 88 2 840 850 10
30 25 53 23 1030 1040 10
701 15 11 15 962 972 10
603 56 75 24 1448 1458 10
588 39 153 26 808 818 10
990 51 89 19 1218 1228 10
796 209 212 18 1538 1548 10
591 92 76 4 1149 1159 10
997 215 129 17 1129 1139 10
135 5 224 19 1065 1075 10
429 212 47 20 811 821 10
940 33 152 17 1330 1340 10
27 58 39 12 1173 1183 10
106 241 180 13 1705 1715 10
385 87 3 13 1443 1453 10
242 61 170 20 1016 1026 10
137 210 29 13 1061 1071 10
