r1_10_10

VEHICLE
NUMBER   CAPACITY
250     200

CUSTOMER
CUST NO. XCOORD.  YCOORD.  DEMAND  READY TIME DUE DATE  SERVICE TIME

0   250    250     0     0    1925     0
444 261 138 1 574 692 10
785 295 89 23 708 806 10
805 253 74 20 1285 1446 10
260 236 126 23 124 201 10
962 276 84 20 624 769 10
499 238 123 24 737 856 10
103 210 113 28 640 770 10
172 267 162 6 1399 1529 10
101 267 174 34 1570 1697 10
847 281 96 1 1073 1208 10
842 225 121 18 726 770 10
761 242 106 28 1218 1348 10
914 253 118 19 485 640 10
176 264 135 1 848 940 10
997 215 129 17 1076 1192 10
13 290 145 5 1263 1331 10
513 235 108 12 1040 1150 10
256 257 133 19 802 952 10
572 297 131 25 1132 1229 10
165 271 128 12 284 437 10
821 262 97 17 913 1011 10
482 273 70 36 563 706 10
917 268 113 21 623 767 10
845 264 180 33 1652 1739 10
38 233 87 18 198 338 10
965 292 136 28 722 870 10
645 292 104 26 276 361 10
318 269 112 19 1189 1367 10
971 263 153 12 368 487 10
126 232 101 24 290 432 10
396 262 92 25 566 725 10
948 210 133 15 637 770 10
277 273 149 14 1461 1575 10
