r1_10_10

VEHICLE
NUMBER   CAPACITY
250     200

CUSTOMER
CUST NO. XCOORD.  YCOORD.  DEMAND  READY TIME DUE DATE  SERVICE TIME

0   250    250     0     0    1925     0
452 33 286 11 1513 1609 10
156 48 293 22 234 347 10
493 24 259 19 306 465 10
647 46 248 9 784 873 10
836 5 281 16 1305 1468 10
345 47 208 30 207 372 10
424 19 273 25 959 1105 10
151 60 231 32 997 1085 10
416 26 221 28 947 1075 10
401 35 263 27 235 336 10
765 61 214 4 270 443 10
305 1 252 5 249 345 10
52 2 264 40 586 754 10
863 62 236 29 519 626 10
966 53 204 8 1028 1112 10
657 9 233 31 257 386 10
934 74 215 10 191 297 10
331 40 278 10 1065 1174 10
29 41 232 16 209 338 10
964 16 287 12 236 376 10
498 72 227 25 534 624 10
553 80 251 14 274 363 10
392 51 286 14 1401 1546 10
350 37 281 17 451 566 10
62 59 276 11 844 970 10
748 92 259 4 361 467 10
325 64 294 12 1054 1179 10
629 84 255 13 252 341 10
637 34 239 16 216 305 10
382 6 196 20 1160 1277 10
525 56 268 28 1032 1125 10
885 60 246 25 190 307 10
9 83 290 14 573 673 10
92 33 278 18 1456 1549 10
259 79 257 26 916 1021 10
315 18 225 8 633 780 10
336 80 279 19 1134 1212 10
882 7 194 29 882 1050 10
341 10 237 19 569 693 10
824 68 240 11 731 887 10
685 33 268 18 647 774 10
135 5 224 19 1027 1112 10
719 14 232 18 236 442 10
585 71 282 29 609 705 10
426 69 266 12 738 809 10
86 43 210 20 210 305 10
707 23 235 43 982 1095 10
231 13 214 21 1292 1446 10
48 0 188 26 860 1035 10
