r1_10_10

VEHICLE
NUMBER   CAPACITY
250     200

CUSTOMER
CUST NO. XCOORD.  YCOORD.  DEMAND  READY TIME DUE DATE  SERVICE TIME

0   250    250     0     0    1925     0
773 309 161 23 560 637 10
267 308 199 14 1455 1592 10
471 354 156 20 783 911 10
209 398 210 31 153 293 10
960 391 202 14 148 256 10
686 355 174 33 673 787 10
613 333 163 32 1166 1344 10
163 384 149 18 1145 1279 10
891 351 148 30 419 534 10
47 371 163 21 781 905 10
497 380 194 3 658 799 10
286 361 178 5 931 1044 10
139 409 155 19 185 365 10
921 343 166 28 823 959 10
372 344 203 14 113 251 10
584 351 128 15 1199 1337 10
505 339 144 13 1058 1169 10
170 389 156 27 711 750 10
973 401 164 13 579 693 10
87 327 139 13 1211 1333 10
941 347 184 15 1015 1172 10
129 325 147 14 1158 1245 10
894 347 192 18 1435 1571 10
987 331 134 11 1059 1219 10
202 343 205 26 716 848 10
935 375 145 12 891 997 10
650 293 174 31 87 187 10
244 365 190 22 1451 1534 10
112 345 146 27 1387 1521 10
876 364 173 30 137 278 10
524 399 175 13 715 808 10
827 386 225 13 859 1009 10
114 330 147 28 832 895 10
767 321 149 18 1364 1515 10
105 303 186 10 1302 1436 10
658 330 138 18 1085 1165 10
406 397 153 29 832 962 10
56 386 154 31 1053 1179 10
108 350 199 21 1142 1291 10
