r1_10_10

VEHICLE
NUMBER   CAPACITY
250     200

CUSTOMER
CUST NO. XCOORD.  YCOORD.  DEMAND  READY TIME DUE DATE  SERVICE TIME

0   250    250     0     0    1925     0
356 26 67 15 1277 1387 10
529 30 97 23 1168 1283 10
31 52 18 28 835 909 10
604 66 31 25 1001 1126 10
665 1 101 8 1207 1337 10
252 38 15 3 1041 1172 10
573 71 12 2 297 437 10
307 65 82 13 680 829 10
715 62 94 16 911 1020 10
556 66 88 2 756 933 10
534 18 24 32 588 698 10
30 25 53 23 974 1096 10
275 68 53 16 685 823 10
402 24 71 11 298 424 10
441 64 5 14 1098 1190 10
503 67 24 10 978 1088 10
354 30 7 23 1161 1247 10
999 19 38 15 786 939 10
701 15 11 15 899 1035 10
364 6 53 8 547 657 10
855 79 80 19 1351 1444 10
603 56 75 24 1385 1521 10
938 60 29 32 1319 1437 10
786 3 23 11 348 464 10
27 58 39 12 1113 1242 10
71 9 101 16 605 758 10
39 60 5 18 999 1118 10
552 21 70 15 744 829 10
222 7 82 25 368 486 10
158 65 62 15 936 1047 10
410 16 68 11 296 430 10
801 32 94 14 862 1028 10
990 51 89 19 1156 1291 10
316 57 43 15 966 1111 10
