r1_10_10

VEHICLE
NUMBER   CAPACITY
250     200

CUSTOMER
CUST NO. XCOORD.  YCOORD.  DEMAND  READY TIME DUE DATE  SERVICE TIME

0   250    250     0     0    1925     0
455 213 283 14 1421 1550 10
753 225 269 30 1255 1317 10
461 215 282 21 1391 1520 10
697 235 288 18 40 115 10
253 246 314 36 1394 1527 10
35 250 328 24 199 328 10
328 235 316 2 598 744 10
299 221 291 9 50 172 10
751 268 288 26 1204 1360 10
687 228 260 12 1562 1680 10
721 214 274 24 1330 1438 10
306 286 356 30 111 231 10
630 222 331 10 488 621 10
844 221 269 14 1204 1356 10
28 273 300 30 55 183 10
898 218 271 16 1513 1665 10
527 244 277 18 1252 1380 10
239 230 320 8 1141 1274 10
710 261 359 10 109 272 10
26 210 276 5 47 149 10
834 217 357 23 1388 1481 10
445 268 351 7 1664 1717 10
704 247 306 33 56 200 10
77 225 369 38 121 248 10
775 228 287 21 43 177 10
182 216 341 19 594 744 10
893 226 316 21 70 197 10
799 279 355 9 119 244 10
607 217 333 26 346 507 10
873 214 311 14 70 158 10
478 240 255 33 1580 1672 10
501 229 322 11 1628 1723 10
235 215 293 13 55 147 10
656 299 353 34 114 211 10
943 290 328 7 94 224 10
384 224 320 36 1223 1375 10
459 259 301 25 52 175 10
626 270 337 20 1652 1826 10
569 240 362 23 1342 1516 10
618 284 319 17 774 890 10
790 267 290 15 43 172 10
881 297 304 4 71 181 10
