r1_10_10

VEHICLE
NUMBER   CAPACITY
250     200

CUSTOMER
CUST NO. XCOORD.  YCOORD.  DEMAND  READY TIME DUE DATE  SERVICE TIME

0   250    250     0     0    1925     0
388 135 30 12 385 593 10
507 158 24 18 569 684 10
398 142 30 32 1165 1356 10
502 150 68 23 395 481 10
683 142 80 12 461 553 10
246 124 111 15 737 871 10
488 87 51 35 493 565 10
636 140 108 29 1022 1151 10
483 142 14 18 764 936 10
813 89 65 16 669 801 10
895 102 6 3 1423 1524 10
162 147 30 26 1055 1192 10
111 114 102 21 454 591 10
107 100 85 14 333 399 10
976 149 98 4 1101 1260 10
338 91 27 14 1151 1242 10
857 117 110 13 933 1055 10
942 94 40 24 1010 1156 10
200 92 18 8 1072 1206 10
865 151 81 28 1498 1647 10
628 120 17 30 266 377 10
387 98 29 14 1003 1121 10
577 132 32 18 744 855 10
448 109 56 27 239 341 10
627 125 65 17 728 878 10
591 92 76 4 1076 1231 10
702 144 35 26 239 385 10
795 138 28 23 1048 1176 10
614 100 66 15 1339 1490 10
798 156 65 22 966 1138 10
240 157 38 3 1016 1109 10
491 95 64 4 733 829 10
383 104 28 8 1450 1526 10
279 120 37 28 700 881 10
791 98 2 14 542 672 10
595 128 113 22 333 423 10
134 108 37 23 486 642 10
740 125 61 26 584 670 10
385 87 3 13 1392 1504 10
