c2_10_10

VEHICLE
NUMBER  CAPACITY
250   700

CUSTOMER
CUST NO. XCOORD. YCOORD. DEMAND READY TIME DUE DATE SERVICE TIME

0  250  250   0   0  3914   0
885 438 72 10 738 1618 90
726 420 78 20 1038 1918 90
147 428 64 20 841 1721 90
988 426 85 10 267 1147 90
450 425 85 10 240 1120 90
233 432 80 40 548 1428 90
853 427 64 30 932 1812 90
757 425 118 10 219 1099 90
530 425 87 20 239 1119 90
957 425 99 20 231 1111 90
789 414 66 30 1232 2112 90
516 426 80 20 362 1242 90
989 415 73 20 1135 2015 90
953 429 80 20 455 1335 90
72 414 62 10 1326 2206 90
815 417 56 20 1422 2302 90
5 435 77 20 642 1522 90
345 420 95 30 230 1110 90
