r1_10_3

VEHICLE
NUMBER  CAPACITY
250   200

CUSTOMER
CUST NO. XCOORD. YCOORD. DEMAND READY TIME DUE DATE SERVICE TIME

0  250  250   0   0  1925   0
445 268 351 7 0 1813 10
790 267 290 15 0 1872 10
704 247 306 33 0 1859 10
751 268 288 26 0 1873 10
607 217 333 26 0 1826 10
501 229 322 11 0 1840 10
626 270 337 20 0 1826 10
569 240 362 23 0 1803 10
710 261 359 10 0 1806 10
459 259 301 25 0 1864 10
656 299 353 34 0 1801 10
618 284 319 17 0 1839 10
96 262 369 15 0 1796 10
77 225 369 38 0 1794 10
744 248 386 22 0 1779 10
306 286 356 30 0 1804 10
