r1_10_1

VEHICLE
NUMBER   CAPACITY
250     200

CUSTOMER
CUST NO. XCOORD.  YCOORD.  DEMAND  READY TIME DUE DATE  SERVICE TIME

0   250    250     0     0    1925     0
913 352 487 27 912 922 10
216 497 483 12 363 373 10
229 438 488 18 337 347 10
578 411 396 23 930 940 10
716 495 355 3 1253 1263 10
132 331 356 13 722 732 10
294 448 495 40 394 404 10
490 422 498 5 702 712 10
879 351 481 10 332 342 10
128 447 383 17 237 247 10
276 371 423 10 211 221 10
835 373 421 21 247 257 10
828 434 359 13 1402 1412 10
920 360 488 19 326 336 10
969 473 491 23 423 433 10
437 377 432 20 841 851 10
760 368 452 16 680 690 10
175 352 481 15 1295 1305 10
696 382 360 26 188 198 10
5 377 385 6 876 886 10
75 405 454 11 1313 1323 10
995 410 399 25 244 254 10
34 406 460 2 729 739 10
124 370 493 22 581 591 10
174 413 476 34 1189 1199 10
672 405 349 15 532 542 10
822 469 489 4 565 575 10
118 421 499 23 1355 1365 10
164 340 416 36 331 341 10
130 489 437 29 717 727 10
40 406 408 15 1466 1476 10
730 485 428 22 1500 1510 10
531 498 457 15 923 933 10
722 420 383 27 992 1002 10
533 334 481 32 340 350 10
631 332 459 35 379 389 10
662 336 493 20 1503 1513 10
557 479 387 13 407 417 10
951 392 491 10 1143 1153 10
355 398 341 33 949 959 10
219 491 369 28 740 750 10
825 494 468 31 362 372 10
480 413 493 26 1228 1238 10
806 470 405 17 936 946 10
152 453 360 13 230 240 10
419 448 404 15 609 619 10
19 387 394 8 1108 1118 10
146 425 448 9 804 814 10
7 342 481 18 1450 1460 10
6 449 428 25 1257 1267 10
550 398 476 25 428 438 10
749 379 486 22 682 692 10
469 397 477 13 1226 1236 10
933 371 427 23 968 978 10
25 429 476 23 583 593 10
304 475 352 33 320 330 10
391 355 485 10 1489 1499 10
78 347 459 25 489 499 10
421 460 424 11 1465 1475 10
622 366 334 5 420 430 10
852 346 354 8 827 837 10
420 471 427 8 826 836 10
217 440 436 18 902 912 10
772 348 348 23 945 955 10
85 348 476 19 1207 1217 10
123 413 391 8 227 237 10
405 470 417 11 747 757 10
783 330 371 1 569 579 10
431 412 478 7 970 980 10
848 387 349 9 169 179 10
903 441 374 10 233 243 10
949 489 457 13 326 336 10
475 421 387 15 811 821 10
266 487 446 9 1350 1360 10
280 371 488 10 593 603 10
727 395 474 26 397 407 10
644 345 431 12 355 365 10
334 381 457 28 481 491 10
191 433 447 20 804 814 10
287 463 406 23 867 877 10
929 481 454 14 330 340 10
381 332 382 2 1020 1030 10
133 374 346 27 431 441 10
912 448 397 33 876 886 10
44 370 382 11 894 904 10
11 328 491 21 688 698 10
233 498 456 27 1416 1426 10
996 413 345 20 1228 1238 10
750 452 484 26 1288 1298 10
763 329 456 19 259 269 10
236 354 416 10 689 699 10
910 468 360 16 284 294 10
310 366 390 23 1328 1338 10
682 373 418 6 1269 1279 10
127 371 332 14 540 550 10
526 322 406 17 839 849 10
899 376 385 12 184 194 10
954 468 352 9 778 788 10
998 380 350 15 876 886 10
705 396 417 13 820 830 10
228 436 467 12 746 756 10
814 429 389 18 434 444 10
207 457 492 7 518 528 10
594 448 414 23 1233 1243 10
511 404 439 3 249 259 10
342 493 493 20 866 876 10
972 328 458 17 778 788 10
579 450 416 25 587 597 10
983 334 403 26 174 184 10
803 471 368 19 438 448 10
649 411 379 25 1203 1213 10
180 414 378 23 505 515 10
950 418 399 20 448 458 10
874 465 367 14 1037 1047 10
789 466 362 15 1162 1172 10
523 421 386 29 834 844 10
