r1_10_7

VEHICLE
NUMBER   CAPACITY
250     200

CUSTOMER
CUST NO. XCOORD.  YCOORD.  DEMAND  READY TIME DUE DATE  SERVICE TIME

0   250    250     0     0    1925     0
319 374 260 27 0 1791 10
957 394 310 10 0 1759 10
322 389 255 15 785 815 10
132 331 356 13 0 1782 10
849 398 329 17 0 1748 10
741 360 284 19 0 1800 10
696 382 360 26 178 208 10
104 370 262 15 1099 1129 10
283 330 281 14 1330 1360 10
728 368 311 14 0 1783 10
771 394 322 12 1025 1055 10
967 359 287 24 0 1800 10
72 424 288 13 1057 1087 10
540 340 291 22 470 500 10
301 418 269 3 0 1746 10
60 352 241 5 792 822 10
986 357 290 24 114 144 10
810 402 277 5 0 1761 10
355 398 341 33 939 969 10
89 356 256 19 106 136 10
21 343 276 15 0 1819 10
994 408 318 15 0 1743 10
862 381 328 12 0 1763 10
713 333 293 27 617 647 10
622 366 334 5 410 440 10
852 346 354 8 0 1774 10
712 318 280 21 0 1841 10
93 366 288 29 684 714 10
772 348 348 23 935 965 10
916 351 233 21 0 1813 10
590 415 253 21 367 397 10
848 387 349 9 0 1746 10
787 363 225 35 856 886 10
463 374 232 33 125 155 10
70 390 249 21 582 612 10
133 374 346 27 0 1759 10
635 330 308 24 1170 1200 10
485 360 294 9 0 1797 10
827 386 225 13 919 949 10
530 359 246 18 0 1806 10
204 385 285 13 868 898 10
887 418 251 21 0 1747 10
127 371 332 14 530 560 10
833 401 314 25 976 1006 10
223 342 319 36 0 1800 10
794 366 260 23 1520 1550 10
998 380 350 15 866 896 10
694 325 311 22 0 1819 10
116 386 245 16 0 1779 10
142 322 290 23 0 1833 10
883 409 255 23 0 1756 10
612 371 315 18 0 1778 10
928 365 274 14 117 147 10
611 385 239 21 786 816 10
565 374 306 4 994 1024 10
