r1_10_7

VEHICLE
NUMBER   CAPACITY
250     200

CUSTOMER
CUST NO. XCOORD.  YCOORD.  DEMAND  READY TIME DUE DATE  SERVICE TIME

0   250    250     0     0    1925     0
773 309 161 23 0 1809 10
471 354 156 20 0 1775 10
960 391 202 14 0 1767 10
686 355 174 33 0 1786 10
153 367 97 17 0 1723 10
613 333 163 32 0 1795 10
163 384 149 18 0 1748 10
891 351 148 30 461 491 10
47 371 163 21 828 858 10
497 380 194 3 0 1774 10
286 361 178 5 0 1783 10
931 372 97 13 214 244 10
139 409 155 19 0 1730 10
300 374 116 9 587 617 10
921 343 166 28 876 906 10
372 344 203 14 167 197 10
584 351 128 15 0 1757 10
505 339 144 13 1099 1129 10
170 389 156 27 716 746 10
973 401 164 13 0 1742 10
87 327 139 13 1257 1287 10
871 391 112 24 1000 1030 10
941 347 184 15 1079 1109 10
129 325 147 14 0 1788 10
494 376 92 10 0 1713 10
894 347 192 18 1488 1518 10
987 331 134 11 0 1774 10
202 343 205 26 0 1812 10
935 375 145 12 929 959 10
13 290 145 5 1282 1312 10
955 390 120 24 0 1724 10
351 413 127 28 831 861 10
244 365 190 22 1477 1507 10
508 365 119 30 382 412 10
572 297 131 25 0 1788 10
112 345 146 27 0 1775 10
876 364 173 30 180 210 10
524 399 175 13 747 777 10
661 382 110 24 0 1723 10
965 292 136 28 0 1794 10
633 404 140 8 1259 1289 10
114 330 147 28 848 878 10
767 321 149 18 0 1792 10
464 339 113 14 0 1752 10
904 376 113 8 0 1729 10
658 330 138 18 0 1778 10
406 397 153 29 882 912 10
56 386 154 31 1101 1131 10
108 350 199 21 0 1803 10
984 372 115 13 0 1734 10
