c1_10_3

VEHICLE
NUMBER  CAPACITY
250   200

CUSTOMER
CUST NO. XCOORD. YCOORD. DEMAND READY TIME DUE DATE SERVICE TIME

0  250  250   0   0  1824   0
520 299 98 30 0 1575 90
756 346 144 10 0 1591 90
884 282 139 20 0 1619 90
327 305 107 20 0 1581 90
30 281 137 10 0 1617 90
357 304 97 20 0 1572 90
343 344 146 10 0 1594 90
272 323 118 20 0 1584 90
983 315 121 10 0 1590 90
348 307 108 10 0 1581 90
900 290 136 20 0 1614 90
405 314 124 20 0 1593 90
410 288 154 10 0 1631 90
540 349 158 20 0 1599 90
941 300 108 10 0 1584 90
504 343 144 10 0 1593 90
136 286 137 10 0 1616 90
243 307 102 40 0 1576 90
548 313 126 10 0 1595 90
306 338 147 10 0 1599 90
1000 287 144 20 0 1622 90
