rc1_10_5

VEHICLE
NUMBER  CAPACITY
250   200

CUSTOMER
CUST NO. XCOORD. YCOORD. DEMAND READY TIME DUE DATE SERVICE TIME

0  250  250   0   0  1821   0
213 475 480 30 378 411 10
98 414 378 23 494 525 10
724 413 391 8 226 239 10
55 417 417 10 337 358 10
290 457 492 7 506 541 10
512 416 417 20 339 377 10
104 438 488 18 326 358 10
88 334 403 26 174 204 10
639 376 494 30 274 353 10
15 408 452 10 265 310 10
297 371 423 10 211 232 10
915 374 489 20 269 334 10
164 381 494 10 310 386 10
939 470 473 10 406 486 10
680 380 489 20 386 402 10
211 411 421 20 289 370 10
289 382 498 10 289 360 10
473 413 417 10 330 412 10
821 416 420 20 274 335 10
986 399 450 20 306 442 10
897 418 399 20 436 469 10
702 421 415 30 237 315 10
798 422 409 10 234 258 10
49 340 416 36 280 393 10
828 419 422 20 259 324 10
71 404 447 20 250 313 10
404 381 495 20 307 367 10
948 481 454 14 308 365 10
774 422 420 20 254 302 10
443 471 484 10 339 370 10
999 470 475 30 314 417 10
56 419 459 20 276 387 10
892 419 418 10 238 357 10
253 406 450 20 259 290 10
95 429 389 18 409 469 10
499 477 478 20 397 417 10
949 477 483 20 343 418 10
719 378 493 30 274 331 10
671 408 453 10 268 329 10
353 351 481 10 303 370 10
848 473 475 10 390 475 10
3 476 483 10 324 432 10
598 479 387 13 383 442 10
439 332 459 35 351 416 10
256 329 456 19 246 283 10
658 469 489 4 542 599 10
431 413 421 10 287 348 10
179 410 399 25 228 269 10
577 471 368 19 401 486 10
962 468 475 10 313 401 10
262 405 455 40 328 383 10
630 405 450 20 253 301 10
712 398 476 25 390 476 10
582 412 453 10 299 325 10
200 475 477 20 413 427 10
480 387 488 20 350 403 10
773 472 481 20 320 371 10
409 347 459 25 473 516 10
84 384 491 20 341 385 10
468 494 468 31 339 395 10
681 380 498 10 280 357 10
