c2_10_8

VEHICLE
NUMBER   CAPACITY
250     700

CUSTOMER
CUST NO. XCOORD.  YCOORD.  DEMAND  READY TIME DUE DATE  SERVICE TIME

0   250    250     0     0    3914     0
756 380 228 30 897 1537 90
276 379 245 10 2533 3173 90
267 379 208 10 595 1235 90
75 396 234 20 2150 2790 90
163 383 246 20 2628 3268 90
570 389 221 10 1092 1732 90
819 377 246 20 2814 3454 90
543 379 229 10 805 1445 90
349 384 235 20 2432 3072 90
745 371 207 10 128 768 90
934 382 245 20 2719 3359 90
213 394 205 10 205 845 90
813 382 213 20 1475 2115 90
723 388 228 10 995 1635 90
662 384 206 20 499 1139 90
402 385 235 10 2341 2981 90
616 398 231 20 2056 2696 90
717 387 224 30 1277 1917 90
487 388 220 20 1183 1823 90
581 392 213 20 1852 2492 90
69 386 218 20 1661 2301 90
980 386 213 20 1756 2396 90
321 384 217 20 1569 2209 90
646 389 233 20 2247 2887 90
173 402 230 10 1962 2602 90
136 380 223 10 1374 2014 90
654 373 205 40 130 770 90
64 382 197 20 400 1040 90
729 389 198 20 303 943 90
645 354 219 10 3076 3716 90
946 368 219 20 700 1340 90
389 346 211 10 103 743 90
384 363 212 30 3034 3674 90
793 367 239 20 2916 3556 90
423 366 196 10 127 767 90
