rc1_10_3

VEHICLE
NUMBER  CAPACITY
250   200

CUSTOMER
CUST NO. XCOORD. YCOORD. DEMAND READY TIME DUE DATE SERVICE TIME

0  250  250   0   0  1821   0
413 210 29 13 1051 1081 10
700 165 59 27 943 973 10
209 265 0 10 896 926 10
699 269 48 20 281 311 10
190 187 73 18 292 322 10
186 231 29 14 1226 1256 10
633 238 123 24 781 811 10
543 168 59 6 366 396 10
981 270 49 30 292 322 10
750 239 15 2 604 634 10
578 236 126 23 124 154 10
565 262 92 25 630 660 10
450 179 75 13 740 770 10
849 275 42 30 238 268 10
34 188 119 44 975 1005 10
994 209 68 27 1568 1598 10
663 178 72 23 757 787 10
715 233 87 18 253 283 10
568 277 50 10 201 231 10
730 195 111 15 998 1028 10
940 224 56 13 1186 1216 10
435 257 57 18 1226 1256 10
259 253 74 20 1350 1380 10
118 268 52 10 306 336 10
797 275 45 20 225 255 10
