r1_10_9

VEHICLE
NUMBER  CAPACITY
250   200

CUSTOMER
CUST NO. XCOORD. YCOORD. DEMAND READY TIME DUE DATE SERVICE TIME

0  250  250   0   0  1925   0
259 79 257 26 943 994 10
945 97 288 22 1274 1325 10
525 56 268 28 1058 1100 10
62 59 276 11 865 950 10
336 80 279 19 1137 1209 10
331 40 278 10 1084 1154 10
416 26 221 28 980 1042 10
824 68 240 11 789 829 10
231 13 214 21 1359 1379 10
392 51 286 14 1455 1493 10
707 23 235 43 999 1078 10
92 33 278 18 1471 1533 10
452 33 286 11 1535 1587 10
135 5 224 19 1038 1102 10
647 46 248 9 812 846 10
424 19 273 25 1012 1052 10
151 60 231 32 1001 1080 10
426 69 266 12 742 805 10
325 64 294 12 1096 1137 10
836 5 281 16 1379 1394 10
