r2_10_2

VEHICLE
NUMBER  CAPACITY
250   1000

CUSTOMER
CUST NO. XCOORD. YCOORD. DEMAND READY TIME DUE DATE SERVICE TIME

0  250  250   0   0  7697   0
458 44 496 32 1594 1740 10
549 79 467 22 1400 1531 10
280 12 367 27 1282 1444 10
124 146 376 8 928 1066 10
337 96 346 26 765 836 10
228 132 479 11 997 1063 10
208 80 357 1 2093 2271 10
924 53 466 9 1332 1468 10
194 61 441 27 2201 2268 10
892 5 445 30 1230 1377 10
771 105 474 27 1883 2003 10
941 63 420 19 2071 2206 10
54 67 352 20 1514 1592 10
833 112 433 29 946 1055 10
405 95 382 19 929 1041 10
255 65 343 38 802 976 10
150 135 400 20 1189 1319 10
646 20 480 25 2297 2385 10
815 11 403 18 1416 1448 10
264 93 490 2 1527 1626 10
231 124 448 6 1430 1638 10
732 141 426 23 2110 2261 10
914 77 465 11 1029 1179 10
788 49 437 7 1698 1842 10
1000 26 342 12 1298 1390 10
633 80 458 30 1515 1569 10
327 29 336 22 1319 1454 10
889 50 383 20 1056 1145 10
635 10 407 36 1758 1838 10
111 93 413 17 849 961 10
587 29 358 23 2425 2581 10
561 62 375 16 1410 1500 10
192 139 438 24 865 966 10
