c1_10_4

VEHICLE
NUMBER  CAPACITY
250   200

CUSTOMER
CUST NO. XCOORD. YCOORD. DEMAND READY TIME DUE DATE SERVICE TIME

0  250  250   0   0  1824   0
573 320 280 10 221 298 90
456 357 181 20 367 441 90
997 332 249 30 82 144 90
861 391 334 20 402 470 90
228 402 265 20 306 365 90
613 320 283 30 421 471 90
312 317 261 20 398 473 90
293 413 217 20 230 289 90
940 439 312 30 257 324 90
655 415 289 20 169 228 90
254 445 237 10 349 402 90
152 444 242 10 441 501 90
704 402 284 30 313 367 90
336 436 237 20 186 264 90
623 400 260 40 150 212 90
69 337 256 20 154 201 90
1 387 297 10 200 270 90
224 315 260 10 223 278 90
