rc2_10_4

VEHICLE
NUMBER  CAPACITY
250   1000

CUSTOMER
CUST NO. XCOORD. YCOORD. DEMAND READY TIME DUE DATE SERVICE TIME

0  250  250   0   0  7284   0
770 84 377 10 3705 3825 10
902 16 287 12 1083 1203 10
513 44 311 27 1630 1750 10
19 7 300 30 1379 1499 10
830 67 334 20 923 1043 10
882 56 268 28 4256 4376 10
575 1 293 10 1071 1191 10
535 8 300 10 1423 1543 10
845 90 296 20 606 726 10
433 33 278 18 5949 6069 10
295 0 356 13 4345 4465 10
791 96 346 26 741 861 10
766 12 358 7 4897 5017 10
696 52 303 25 1765 1885 10
307 25 307 10 998 1118 10
618 79 291 10 835 955 10
86 97 288 22 5136 5256 10
615 35 306 20 918 1038 10
75 30 302 10 1066 1186 10
