c1_10_6

VEHICLE
NUMBER  CAPACITY
250   200

CUSTOMER
CUST NO. XCOORD. YCOORD. DEMAND READY TIME DUE DATE SERVICE TIME

0  250  250   0   0  1824   0
619 423 214 20 530 734 90
446 425 215 10 691 757 90
890 467 195 10 265 363 90
466 375 191 30 455 549 90
254 445 237 10 241 510 90
542 415 216 10 246 456 90
952 420 213 10 418 659 90
987 376 190 30 361 460 90
112 443 246 20 528 601 90
11 472 189 30 345 480 90
152 444 242 10 404 538 90
651 468 199 20 630 769 90
963 371 193 20 133 342 90
336 436 237 20 186 417 90
279 376 195 10 500 692 90
293 413 217 20 210 308 90
928 417 217 30 384 503 90
726 371 192 30 134 416 90
309 463 194 20 220 414 90
167 412 214 10 165 376 90
157 442 247 10 587 725 90
801 374 190 20 239 398 90
508 443 237 20 258 309 90
721 476 196 30 419 601 90
253 473 196 10 533 673 90
31 379 196 20 577 801 90
