c2_10_9

VEHICLE
NUMBER  CAPACITY
250   700

CUSTOMER
CUST NO. XCOORD. YCOORD. DEMAND READY TIME DUE DATE SERVICE TIME

0  250  250   0   0  3914   0
889 395 365 30 185 1571 90
566 394 356 30 178 1252 90
697 404 346 10 740 1745 90
110 406 339 20 179 578 90
230 366 346 20 194 1262 90
589 368 325 30 139 1635 90
359 370 353 10 520 1131 90
385 384 346 20 1185 1637 90
413 404 378 10 661 1213 90
303 375 342 10 845 1192 90
159 386 357 20 1255 1770 90
509 360 338 10 243 461 90
130 368 340 10 148 1013 90
475 401 368 20 301 1186 90
262 402 362 20 1170 1712 90
394 361 337 50 141 1661 90
501 399 352 10 1167 1514 90
722 369 351 20 248 1589 90
825 400 376 40 475 1210 90
512 409 361 30 870 1403 90
362 386 361 30 972 2241 90
269 386 344 20 948 1689 90
148 403 361 10 1011 2053 90
86 394 367 30 223 697 90
541 413 350 10 1171 2104 90
580 366 341 20 369 896 90
195 395 378 10 1187 2244 90
339 393 368 10 185 1396 90
800 413 353 10 1176 2285 90
835 378 326 30 148 1110 90
689 383 351 20 167 1003 90
106 389 342 10 604 1846 90
669 412 367 20 607 1473 90
446 391 334 20 358 1895 90
132 400 364 30 188 1547 90
