c2_10_9

VEHICLE
NUMBER  CAPACITY
250   700

CUSTOMER
CUST NO. XCOORD. YCOORD. DEMAND READY TIME DUE DATE SERVICE TIME

0  250  250   0   0  3914   0
246 358 359 20 2353 3086 90
854 372 354 30 1825 2216 90
79 418 355 20 1931 2303 90
53 341 367 30 2338 2883 90
26 377 356 10 1534 2317 90
221 361 349 10 2994 3197 90
523 434 382 30 1832 2829 90
260 401 385 20 2449 3438 90
185 360 356 10 2691 2934 90
436 412 361 10 1526 2130 90
347 367 358 30 1823 2603 90
682 365 360 20 1509 2732 90
702 353 346 20 2985 3403 90
536 364 364 20 1844 2775 90
679 428 384 10 2209 2840 90
649 363 351 20 2479 3527 90
537 432 369 10 1632 2821 90
507 399 379 20 2421 3627 90
93 418 385 30 2552 3122 90
357 434 377 10 2003 2847 90
805 391 373 10 2695 3585 90
311 414 384 10 2453 3032 90
16 403 390 10 1923 3356 90
400 378 363 30 1400 2258 90
169 358 365 30 1821 2990 90
105 373 364 20 2915 3586 90
939 359 371 10 2163 2841 90
916 366 352 10 2461 3358 90
54 410 364 30 1221 2622 90
89 346 344 10 2922 3661 90
879 416 364 20 1470 2565 90
