r1_10_1

VEHICLE
NUMBER   CAPACITY
250     200

CUSTOMER
CUST NO. XCOORD.  YCOORD.  DEMAND  READY TIME DUE DATE  SERVICE TIME

0   250    250     0     0    1925     0
452 33 286 11 1556 1566 10
455 213 283 14 1481 1491 10
148 161 276 8 143 153 10
156 48 293 22 286 296 10
753 225 269 30 1281 1291 10
15 164 320 12 1105 1115 10
205 44 344 12 1089 1099 10
932 187 263 35 64 74 10
493 24 259 19 380 390 10
22 104 349 20 1019 1029 10
404 91 326 4 973 983 10
461 215 282 21 1450 1460 10
816 46 389 22 267 277 10
549 175 352 12 1675 1685 10
647 46 248 9 824 834 10
759 34 329 2 1053 1063 10
697 235 288 18 40 50 10
59 69 423 32 812 822 10
945 97 288 22 1294 1304 10
856 243 402 13 415 425 10
919 88 484 5 1501 1511 10
293 163 472 9 663 673 10
80 132 479 11 257 267 10
836 5 281 16 1382 1392 10
755 110 251 23 508 518 10
742 29 358 23 621 631 10
253 246 314 36 1455 1465 10
84 115 296 24 1539 1549 10
424 19 273 25 1027 1037 10
468 76 462 18 966 976 10
593 12 367 27 336 346 10
837 173 474 14 1295 1305 10
327 150 484 16 635 645 10
380 84 377 10 936 946 10
35 250 328 24 259 269 10
328 235 316 2 666 676 10
418 44 496 32 412 422 10
369 177 486 20 1607 1617 10
792 131 246 17 842 852 10
401 35 263 27 280 290 10
875 164 473 26 306 316 10
335 55 318 13 322 332 10
484 185 434 9 584 594 10
121 64 437 11 928 938 10
167 20 480 25 580 590 10
24 91 427 14 893 903 10
305 1 252 5 285 295 10
663 181 441 25 552 562 10
178 148 462 10 737 747 10
937 118 314 26 348 358 10
299 221 291 9 56 66 10
122 181 260 23 69 79 10
687 228 260 12 1616 1626 10
721 214 274 24 1379 1389 10
52 2 264 40 665 675 10
220 67 378 26 480 490 10
363 94 344 26 692 702 10
641 202 391 30 634 644 10
630 222 331 10 550 560 10
690 154 374 36 947 957 10
844 221 269 14 1275 1285 10
160 68 303 22 231 241 10
664 162 301 16 1623 1633 10
858 66 314 26 194 204 10
923 138 406 8 1226 1236 10
117 201 278 13 56 66 10
830 89 322 21 1031 1041 10
543 71 304 19 699 709 10
489 195 273 22 59 69 10
574 44 440 24 799 809 10
518 48 366 29 753 763 10
349 122 422 3 1467 1477 10
693 103 464 22 1283 1293 10
770 180 283 23 754 764 10
312 67 352 20 383 393 10
481 69 414 6 1273 1283 10
958 61 441 27 554 564 10
213 211 248 26 39 49 10
544 87 311 7 174 184 10
289 153 244 5 118 128 10
982 48 437 4 814 824 10
331 40 278 10 1114 1124 10
333 161 416 25 1021 1031 10
677 5 445 30 321 331 10
851 237 420 15 1344 1354 10
412 244 422 14 548 558 10
859 58 391 16 892 902 10
898 218 271 16 1584 1594 10
166 89 358 23 1257 1267 10
659 48 412 7 1042 1052 10
739 12 358 7 1234 1244 10
32 27 444 22 1090 1100 10
723 120 261 5 803 813 10
959 52 303 25 451 461 10
964 16 287 12 281 291 10
897 247 443 17 340 350 10
436 179 497 1 1421 1431 10
520 94 497 31 792 802 10
57 130 494 6 769 779 10
567 230 487 20 1140 1150 10
442 44 311 27 417 427 10
700 226 423 15 207 217 10
183 211 411 15 1157 1167 10
586 157 269 31 1586 1596 10
769 26 442 23 1354 1364 10
462 166 440 12 207 217 10
45 32 319 21 411 421 10
619 195 464 20 1551 1561 10
880 115 395 11 825 835 10
527 244 277 18 1311 1321 10
768 84 453 19 1233 1243 10
66 142 372 18 162 172 10
640 13 314 14 254 264 10
353 211 446 15 1133 1143 10
744 248 386 22 388 398 10
239 230 320 8 1202 1212 10
553 80 251 14 314 324 10
340 177 404 17 1272 1282 10
425 245 461 8 659 669 10
26 210 276 5 47 57 10
371 179 318 2 1131 1141 10
539 167 445 7 1422 1432 10
251 136 430 14 720 730 10
834 217 357 23 1430 1440 10
432 225 488 28 646 656 10
392 51 286 14 1469 1479 10
88 49 353 15 1456 1466 10
3 80 400 10 1456 1466 10
476 141 426 23 541 551 10
350 37 281 17 503 513 10
263 53 466 9 345 355 10
608 62 375 16 359 369 10
925 231 410 14 1246 1256 10
243 79 467 22 361 371 10
717 13 394 15 383 393 10
62 59 276 11 902 912 10
748 92 259 4 409 419 10
411 179 286 8 351 361 10
282 174 347 3 1025 1035 10
754 50 383 20 270 280 10
804 133 273 20 119 129 10
211 105 474 27 481 491 10
961 36 451 15 899 909 10
479 162 388 11 1136 1146 10
777 35 344 21 873 883 10
581 244 368 25 424 434 10
779 208 488 22 488 498 10
325 64 294 12 1111 1121 10
321 178 420 18 1081 1091 10
308 154 392 9 171 181 10
704 247 306 33 56 66 10
18 144 331 13 941 951 10
629 84 255 13 292 302 10
453 112 433 29 245 255 10
367 29 336 22 342 352 10
284 67 451 5 1226 1236 10
23 28 467 34 1353 1363 10
430 80 337 28 1129 1139 10
843 10 407 36 444 454 10
97 218 403 15 1329 1339 10
525 56 268 28 1074 1084 10
886 3 471 13 721 731 10
99 228 399 14 596 606 10
264 167 291 27 1644 1654 10
885 60 246 25 190 200 10
582 90 477 18 277 287 10
73 77 372 19 211 221 10
737 26 342 12 331 341 10
145 7 382 27 780 790 10
495 83 300 26 510 520 10
850 239 486 3 1492 1502 10
77 225 369 38 121 131 10
352 222 499 7 855 865 10
775 228 287 21 43 53 10
470 196 489 23 1040 1050 10
182 216 341 19 664 674 10
238 208 445 22 1342 1352 10
439 152 476 45 533 543 10
596 43 360 2 845 855 10
9 83 290 14 618 628 10
390 107 374 8 924 934 10
373 149 341 6 414 424 10
820 134 276 15 143 153 10
893 226 316 21 70 80 10
651 169 305 21 172 182 10
708 137 377 23 169 179 10
738 139 438 24 224 234 10
607 217 333 26 421 431 10
944 96 346 26 195 205 10
285 27 464 21 1301 1311 10
136 93 413 17 226 236 10
379 80 458 30 381 391 10
915 159 299 12 1026 1036 10
873 214 311 14 70 80 10
92 33 278 18 1497 1507 10
517 162 306 22 129 139 10
177 29 462 17 1320 1330 10
841 95 382 19 241 251 10
190 11 403 18 353 363 10
478 240 255 33 1621 1631 10
654 65 343 38 217 227 10
926 199 438 3 1370 1380 10
532 190 267 36 1764 1774 10
274 90 496 13 1405 1415 10
365 146 376 8 244 254 10
501 229 322 11 1670 1680 10
1000 166 247 1 84 94 10
563 100 266 5 480 490 10
302 178 302 19 897 907 10
840 195 450 16 1496 1506 10
900 241 402 11 1035 1045 10
259 79 257 26 963 973 10
901 213 399 18 244 254 10
336 80 279 19 1168 1178 10
551 51 360 13 1155 1165 10
235 215 293 13 55 65 10
905 215 434 9 203 213 10
171 111 392 18 1179 1189 10
474 243 408 15 1444 1454 10
733 40 304 16 1155 1165 10
860 142 360 20 1542 1552 10
698 0 356 13 1096 1106 10
946 176 470 14 557 567 10
545 207 487 4 699 709 10
566 13 465 31 784 794 10
199 126 391 19 283 293 10
138 136 265 12 114 124 10
762 171 303 18 1599 1609 10
150 210 379 12 719 729 10
547 161 275 21 1357 1367 10
249 167 488 17 260 270 10
853 172 314 9 555 565 10
50 132 477 25 337 347 10
16 52 412 22 1416 1426 10
718 172 292 17 102 112 10
395 185 431 15 397 407 10
224 78 406 15 970 980 10
746 130 247 17 120 130 10
918 164 332 19 1290 1300 10
670 149 458 13 1174 1184 10
685 33 268 18 706 716 10
956 80 357 1 540 550 10
413 250 441 5 766 776 10
808 77 465 11 275 285 10
384 224 320 36 1294 1304 10
459 259 301 25 109 119 10
460 189 402 10 546 556 10
203 182 480 31 375 385 10
496 72 477 46 288 298 10
888 153 362 7 1171 1181 10
726 214 245 8 36 46 10
977 49 437 7 437 447 10
817 246 407 12 322 332 10
42 166 345 14 1140 1150 10
981 175 422 24 1456 1466 10
569 240 362 23 1424 1434 10
838 36 301 21 219 229 10
585 71 282 29 652 662 10
909 174 397 32 1255 1265 10
504 63 420 19 530 540 10
878 133 455 25 818 828 10
426 69 266 12 768 778 10
571 0 422 8 831 841 10
324 93 490 2 389 399 10
408 174 376 8 1429 1439 10
206 170 347 15 446 456 10
681 59 388 20 673 683 10
423 146 313 22 1205 1215 10
597 102 422 23 236 246 10
688 114 460 14 1096 1106 10
375 68 450 18 643 653 10
208 124 448 6 379 389 10
234 135 400 20 309 319 10
992 195 386 13 146 156 10
