rc2_10_4

VEHICLE
NUMBER  CAPACITY
250   1000

CUSTOMER
CUST NO. XCOORD. YCOORD. DEMAND READY TIME DUE DATE SERVICE TIME

0  250  250   0   0  7284   0
934 408 318 15 0 7102 10
560 440 244 10 0 7084 10
405 364 173 30 0 7137 10
493 447 184 27 0 7067 10
226 482 184 14 0 7033 10
472 395 295 20 0 7123 10
794 436 295 11 0 7083 10
146 395 332 10 0 7108 10
854 390 249 21 0 7134 10
390 452 172 9 0 7058 10
298 417 217 30 0 7104 10
207 426 231 24 0 7097 10
91 432 199 7 0 7085 10
801 409 255 23 0 7115 10
960 393 301 30 0 7123 10
360 376 190 30 0 7135 10
210 391 293 20 0 7127 10
299 500 228 8 0 7024 10
74 358 183 20 0 7147 10
68 378 199 10 0 7137 10
693 441 273 20 0 7082 10
971 440 247 20 0 7084 10
883 360 184 10 0 7146 10
216 402 284 30 0 7119 10
826 366 334 5 0 7131 10
66 400 288 30 0 7120 10
351 476 174 30 0 7036 10
537 398 325 30 0 7109 10
891 418 218 20 0 7103 10
843 487 320 21 0 7027 10
775 475 267 7 0 7049 10
135 374 190 20 0 7137 10
874 423 217 20 0 7098 10
958 421 218 10 0 7101 10
597 368 311 14 0 7142 10
285 344 203 14 0 7169 10
692 445 237 10 0 7079 10
592 452 206 31 0 7068 10
573 441 244 10 0 7083 10
159 386 154 31 0 7108 10
114 356 256 19 0 7168 10
677 385 239 21 0 7139 10
522 425 215 10 0 7096 10
548 435 267 20 0 7089 10
764 450 265 10 0 7074 10
24 371 332 14 0 7128 10
341 410 285 20 0 7111 10
481 385 295 20 0 7132 10
755 399 301 30 0 7117 10
170 488 173 20 0 7024 10
201 390 325 30 0 7116 10
756 484 171 10 0 7028 10
215 436 237 20 0 7088 10
515 444 242 10 0 7080 10
89 415 223 20 0 7107 10
629 413 217 20 0 7108 10
375 436 264 20 0 7088 10
588 359 182 20 0 7146 10
713 442 247 10 0 7082 10
52 375 191 30 0 7136 10
600 497 266 25 0 7027 10
227 451 305 13 0 7066 10
315 394 333 20 0 7108 10
492 443 272 10 0 7080 10
247 455 168 21 0 7054 10
494 366 288 29 0 7152 10
890 461 182 13 0 7053 10
316 355 180 30 0 7148 10
718 478 300 12 0 7041 10
416 390 294 20 0 7128 10
520 499 316 18 0 7017 10
777 435 268 10 0 7089 10
928 490 286 29 0 7032 10
690 442 243 10 0 7082 10
672 435 180 37 0 7077 10
541 359 246 18 0 7165 10
323 418 221 10 0 7104 10
85 355 174 33 0 7145 10
514 361 181 20 0 7144 10
556 359 287 24 0 7159 10
951 389 156 27 0 7107 10
519 401 164 13 0 7101 10
518 388 334 20 0 7113 10
36 440 292 24 0 7080 10
567 405 276 20 0 7117 10
648 498 171 12 0 7014 10
711 352 241 5 0 7172 10
192 350 199 21 0 7162 10
738 360 284 19 0 7159 10
329 408 279 20 0 7114 10
722 371 315 18 0 7137 10
603 401 281 20 0 7120 10
954 371 200 10 0 7144 10
894 389 300 10 0 7127 10
143 371 193 20 0 7141 10
184 492 335 10 0 7018 10
471 423 221 9 0 7099 10
631 394 322 12 0 7114 10
956 428 202 24 0 7090 10
644 365 274 14 0 7157 10
300 412 214 10 0 7109 10
273 355 177 20 0 7147 10
181 385 285 13 0 7135 10
491 453 318 30 0 7060 10
768 420 213 10 0 7101 10
379 399 175 13 0 7108 10
338 360 294 9 0 7156 10
683 434 245 10 0 7090 10
301 442 289 25 0 7079 10
691 402 281 20 0 7119 10
155 439 266 10 0 7085 10
992 340 291 22 0 7176 10
495 440 284 25 0 7081 10
428 443 246 20 0 7081 10
517 359 179 20 0 7144 10
678 386 245 16 0 7138 10
38 391 202 14 0 7126 10
973 388 325 10 0 7117 10
863 381 328 12 0 7122 10
363 374 232 33 0 7149 10
303 440 241 10 0 7084 10
544 406 285 20 0 7115 10
352 400 286 10 0 7120 10
599 479 169 20 0 7032 10
486 495 227 20 0 7028 10
918 489 274 31 0 7034 10
685 389 334 20 0 7112 10
604 441 177 23 0 7070 10
989 343 276 15 0 7178 10
430 374 306 4 0 7138 10
26 441 265 40 0 7083 10
927 352 176 20 0 7148 10
105 395 331 20 0 7108 10
