c1_10_10

VEHICLE
NUMBER   CAPACITY
250     200

CUSTOMER
CUST NO. XCOORD.  YCOORD.  DEMAND  READY TIME DUE DATE  SERVICE TIME

0   250    250     0     0    1824     0
753 458 130 20 918 1432 90
587 488 96 10 655 1226 90
913 470 139 10 514 885 90
957 485 95 10 281 825 90
94 481 122 30 327 933 90
507 464 134 20 844 1310 90
891 469 132 10 707 1071 90
164 474 96 30 271 646 90
982 470 125 20 253 809 90
111 479 127 20 259 660 90
323 476 94 20 274 695 90
892 465 136 30 689 1282 90
806 489 87 20 289 780 90
877 478 118 20 825 1353 90
942 478 121 40 578 1050 90
419 481 96 20 334 769 90
710 493 91 30 382 759 90
539 472 132 10 626 966 90
692 466 142 10 247 781 90
961 492 95 30 603 1089 90
622 478 102 10 558 921 90
843 479 121 10 401 1045 90
885 477 122 10 705 1105 90
144 463 140 10 239 708 90
373 465 142 10 240 739 90
787 485 86 20 286 841 90
450 476 102 20 654 1008 90
242 477 97 10 273 825 90
609 477 120 10 732 1262 90
831 492 94 10 461 1049 90
133 467 141 10 408 803 90
551 481 124 10 321 755 90
58 489 101 20 858 1214 90
179 478 99 10 348 944 90
318 494 94 10 459 867 90
290 467 114 10 1016 1366 90
707 472 129 10 252 849 90
