c1_10_10

VEHICLE
NUMBER   CAPACITY
250     200

CUSTOMER
CUST NO. XCOORD.  YCOORD.  DEMAND  READY TIME DUE DATE  SERVICE TIME

0   250    250     0     0    1824     0
283 436 241 20 1068 1537 90
157 442 247 10 390 923 90
863 441 273 20 615 1260 90
117 444 271 10 392 929 90
250 439 266 10 189 478 90
657 443 272 10 585 1105 90
289 466 287 10 219 772 90
101 441 244 10 719 1145 90
29 440 247 20 503 993 90
152 444 242 10 270 671 90
768 445 273 20 510 995 90
254 445 237 10 195 758 90
221 434 245 10 1119 1550 90
826 435 267 20 1034 1401 90
392 442 243 10 712 1336 90
487 460 288 10 213 626 90
629 441 265 40 191 734 90
453 440 241 10 835 1398 90
435 436 264 20 186 693 90
650 459 295 20 1027 1455 90
85 470 290 10 611 1120 90
554 468 295 10 710 1212 90
330 439 268 10 749 1316 90
508 443 237 20 193 638 90
572 465 287 10 426 748 90
112 443 246 20 254 876 90
233 466 295 20 831 1274 90
336 436 237 20 186 550 90
829 450 265 10 215 727 90
248 435 268 10 851 1403 90
860 439 243 20 979 1439 90
899 467 285 20 219 666 90
255 461 284 10 213 653 90
757 440 244 10 613 1070 90
950 466 291 10 406 956 90
423 468 291 30 435 1111 90
881 460 293 30 857 1441 90
523 444 269 20 345 793 90
