c1_10_10

VEHICLE
NUMBER   CAPACITY
250     200

CUSTOMER
CUST NO. XCOORD.  YCOORD.  DEMAND  READY TIME DUE DATE  SERVICE TIME

0   250    250     0     0    1824     0
303 172 488 10 250 763 90
816 144 439 30 490 1042 90
345 186 472 20 311 885 90
652 101 384 30 200 563 90
537 147 435 20 295 865 90
317 100 387 10 279 668 90
401 109 463 30 776 1202 90
936 186 464 10 434 958 90
124 146 439 10 413 936 90
974 112 465 10 419 1009 90
422 111 464 10 551 1060 90
160 134 428 20 692 1235 90
103 115 465 10 253 674 90
258 101 386 20 201 773 90
535 175 487 20 248 746 90
958 97 385 30 310 825 90
978 178 491 10 302 945 90
331 112 467 10 339 723 90
851 179 492 10 441 989 90
412 138 438 20 643 1081 90
739 188 462 40 468 1111 90
671 174 494 10 305 751 90
81 141 431 30 211 709 90
553 116 466 20 254 941 90
505 94 383 10 472 851 90
425 184 464 10 223 688 90
149 182 463 30 223 762 90
409 189 464 10 590 1173 90
606 102 391 20 899 1360 90
332 181 469 20 253 752 90
516 97 387 10 637 1055 90
431 100 394 10 778 1294 90
944 111 463 20 694 1099 90
358 196 462 10 771 1186 90
341 95 391 10 671 1211 90
823 101 385 20 201 802 90
142 95 384 30 572 933 90
106 141 428 20 208 667 90
158 140 431 30 211 802 90
972 111 467 20 408 836 90
579 110 459 30 748 1417 90
226 173 490 20 252 644 90
134 187 491 20 449 1176 90
789 117 467 10 254 794 90
208 186 461 20 220 656 90
538 111 459 20 970 1378 90
385 145 434 20 269 707 90
