c2_10_6

VEHICLE
NUMBER  CAPACITY
250   700

CUSTOMER
CUST NO. XCOORD. YCOORD. DEMAND READY TIME DUE DATE SERVICE TIME

0  250  250   0   0  3914   0
715 386 28 20 2308 2865 90
617 312 74 20 2610 3049 90
849 392 31 20 2741 3199 90
770 383 41 20 2541 2990 90
443 395 30 20 2687 3066 90
704 319 77 30 2455 2820 90
404 389 33 20 2830 3296 90
319 378 46 30 2896 3445 90
297 397 40 40 2303 2838 90
370 370 55 10 2691 3241 90
409 363 55 10 2909 3216 90
381 391 23 10 2470 3086 90
759 366 57 20 2924 3388 90
302 363 62 20 3048 3605 90
454 310 81 30 2688 3165 90
899 308 82 30 2764 3274 90
779 316 80 30 2469 2994 90
477 374 55 30 2537 3206 90
621 390 42 20 2437 2900 90
490 367 59 10 3039 3459 90
706 384 24 10 2461 2901 90
