rc2_10_6

VEHICLE
NUMBER  CAPACITY
250   1000

CUSTOMER
CUST NO. XCOORD. YCOORD. DEMAND READY TIME DUE DATE SERVICE TIME

0  250  250   0   0  7284   0
934 408 318 15 2512 2752 10
722 371 315 18 4603 4843 10
494 366 288 29 2675 2915 10
738 360 284 19 2606 2846 10
631 394 322 12 4039 4279 10
338 360 294 9 5611 5851 10
863 381 328 12 2809 3049 10
758 380 350 15 3406 3646 10
597 368 311 14 3644 3884 10
202 346 354 8 3210 3450 10
430 374 306 4 3916 4156 10
237 331 356 13 2787 3027 10
222 370 262 15 4338 4578 10
181 385 285 13 3412 3652 10
398 348 348 23 3679 3919 10
