r1_10_3

VEHICLE
NUMBER  CAPACITY
250   200

CUSTOMER
CUST NO. XCOORD. YCOORD. DEMAND READY TIME DUE DATE SERVICE TIME

0  250  250   0   0  1925   0
21 343 276 15 0 1819 10
712 318 280 21 0 1841 10
530 359 246 18 0 1806 10
694 325 311 22 0 1819 10
612 371 315 18 0 1778 10
319 374 260 27 0 1791 10
881 297 304 4 0 1844 10
223 342 319 36 0 1800 10
957 394 310 10 0 1759 10
728 368 311 14 0 1783 10
916 351 233 21 0 1813 10
407 295 283 26 0 1860 10
967 359 287 24 0 1800 10
278 297 283 28 0 1858 10
485 360 294 9 0 1797 10
142 322 290 23 0 1833 10
741 360 284 19 0 1800 10
