rc1_10_8

VEHICLE
NUMBER  CAPACITY
250   200

CUSTOMER
CUST NO. XCOORD. YCOORD. DEMAND READY TIME DUE DATE SERVICE TIME

0  250  250   0   0  1821   0
344 238 210 30 90 207 10
695 234 202 10 54 135 10
346 200 178 20 87 210 10
929 247 219 17 31 172 10
605 231 203 20 50 146 10
864 213 185 21 74 161 10
124 210 185 20 76 210 10
754 201 188 10 79 251 10
961 204 187 30 116 264 10
206 224 203 20 53 127 10
391 263 153 12 380 474 10
314 208 184 20 78 178 10
234 219 215 32 46 135 10
944 195 185 20 85 191 10
607 231 204 20 96 235 10
808 202 186 20 113 220 10
578 236 126 23 124 301 10
272 236 213 20 39 188 10
706 224 192 10 63 157 10
763 231 195 20 77 172 10
501 226 191 20 73 143 10
859 237 213 10 86 237 10
166 186 135 24 687 778 10
584 173 182 25 102 267 10
453 238 204 20 71 169 10
476 176 199 28 89 217 10
753 199 187 20 90 194 10
261 238 203 10 69 148 10
959 206 186 10 135 270 10
386 233 204 20 49 181 10
500 204 185 20 130 226 10
293 225 196 10 59 175 10
5 230 197 40 91 183 10
686 241 205 30 45 233 10
248 224 191 20 64 197 10
660 233 207 10 46 177 10
760 228 199 10 96 203 10
388 177 156 25 119 250 10
