r1_10_4

VEHICLE
NUMBER   CAPACITY
250     200

CUSTOMER
CUST NO. XCOORD.  YCOORD.  DEMAND  READY TIME DUE DATE  SERVICE TIME

0   250    250     0     0    1925     0
587 392 1 11 615 625 10
668 404 59 13 0 1670 10
193 429 59 9 0 1654 10
600 432 2 20 0 1608 10
652 394 47 5 0 1667 10
684 441 7 20 0 1606 10
317 388 44 22 0 1668 10
270 397 57 17 0 1673 10
936 365 28 9 278 288 10
314 390 34 7 1070 1080 10
709 400 71 17 0 1682 10
892 426 38 23 0 1640 10
271 372 39 10 0 1672 10
91 363 34 19 282 292 10
546 332 5 14 1043 1053 10
221 383 17 15 0 1647 10
76 407 35 11 0 1649 10
149 398 49 21 0 1666 10
49 438 5 18 0 1607 10
624 351 5 12 506 516 10
660 385 17 40 0 1646 10
311 436 25 19 1292 1302 10
601 396 83 15 0 1694 10
774 385 58 24 0 1681 10
564 343 34 7 0 1680 10
434 389 43 21 0 1666 10
154 488 3 3 0 1572 10
620 382 9 30 0 1641 10
417 442 5 16 0 1604 10
952 437 19 15 0 1618 10
