r1_10_4

VEHICLE
NUMBER   CAPACITY
250     200

CUSTOMER
CUST NO. XCOORD.  YCOORD.  DEMAND  READY TIME DUE DATE  SERVICE TIME

0   250    250     0     0    1925     0
467 432 66 30 0 1657 10
376 420 80 24 0 1675 10
989 441 60 21 1469 1479 10
735 482 141 14 1021 1031 10
268 481 84 17 0 1631 10
115 476 61 36 0 1621 10
558 436 123 40 0 1690 10
974 480 119 7 0 1651 10
535 482 104 19 0 1641 10
953 495 83 32 0 1619 10
978 440 77 14 0 1659 10
477 415 118 19 0 1704 10
592 437 98 16 0 1675 10
818 452 110 14 0 1670 10
36 492 34 5 0 1591 10
711 438 127 2 0 1691 10
37 412 100 1 0 1695 10
359 471 94 30 0 1645 10
46 480 136 22 0 1659 10
561 456 113 17 1237 1247 10
720 437 90 12 0 1669 10
351 413 127 28 0 1711 10
809 466 96 22 1393 1403 10
598 480 131 5 0 1657 10
17 485 104 21 804 814 10
55 459 53 20 0 1628 10
241 441 100 31 0 1673 10
20 472 57 17 0 1621 10
131 415 95 15 0 1689 10
64 451 62 5 0 1640 10
975 488 96 22 0 1632 10
187 450 45 24 0 1629 10
414 497 18 10 0 1577 10
83 470 138 16 0 1669 10
232 429 67 16 742 752 10
326 493 111 26 0 1636 10
793 418 75 11 0 1673 10
605 460 117 14 530 540 10
378 497 54 14 988 998 10
