r1_10_4

VEHICLE
NUMBER   CAPACITY
250     200

CUSTOMER
CUST NO. XCOORD.  YCOORD.  DEMAND  READY TIME DUE DATE  SERVICE TIME

0   250    250     0     0    1925     0
578 411 396 23 0 1698 10
849 398 329 17 0 1748 10
128 447 383 17 0 1678 10
828 434 359 13 0 1702 10
696 382 360 26 188 198 10
5 377 385 6 0 1730 10
995 410 399 25 244 254 10
672 405 349 15 532 542 10
40 406 408 15 0 1693 10
722 420 383 27 0 1700 10
355 398 341 33 0 1742 10
19 387 394 8 0 1717 10
862 381 328 12 0 1763 10
123 413 391 8 0 1700 10
848 387 349 9 0 1746 10
903 441 374 10 0 1688 10
475 421 387 15 0 1696 10
133 374 346 27 0 1759 10
912 448 397 33 0 1669 10
44 370 382 11 894 904 10
996 413 345 20 0 1727 10
310 366 390 23 0 1734 10
899 376 385 12 184 194 10
998 380 350 15 0 1751 10
705 396 417 13 0 1694 10
814 429 389 18 434 444 10
649 411 379 25 0 1709 10
180 414 378 23 505 515 10
950 418 399 20 0 1691 10
523 421 386 29 834 844 10
