r1_10_4

VEHICLE
NUMBER   CAPACITY
250     200

CUSTOMER
CUST NO. XCOORD.  YCOORD.  DEMAND  READY TIME DUE DATE  SERVICE TIME

0   250    250     0     0    1925     0
429 212 47 20 811 821 10
303 250 57 26 0 1722 10
227 224 3 10 700 710 10
444 261 138 1 0 1803 10
339 288 70 24 0 1732 10
10 251 63 14 997 1007 10
805 253 74 20 0 1739 10
260 236 126 23 0 1791 10
962 276 84 20 0 1747 10
499 238 123 24 0 1788 10
447 215 79 5 0 1741 10
847 281 96 1 0 1758 10
842 225 121 18 0 1784 10
761 242 106 28 0 1771 10
780 235 33 30 0 1698 10
81 201 66 14 0 1725 10
914 253 118 19 0 1783 10
176 264 135 1 0 1800 10
674 231 29 14 1236 1246 10
691 235 13 27 0 1678 10
309 196 56 15 0 1714 10
456 240 34 28 0 1699 10
98 218 12 3 0 1675 10
643 224 56 13 0 1720 10
366 244 13 24 0 1678 10
513 235 108 12 0 1773 10
256 257 133 19 0 1798 10
41 245 42 24 0 1707 10
137 210 29 13 0 1691 10
815 202 28 22 0 1688 10
165 271 128 12 0 1792 10
821 262 97 17 957 967 10
194 200 27 22 0 1687 10
482 273 70 36 629 639 10
917 268 113 21 0 1777 10
675 253 50 27 0 1715 10
295 282 10 30 0 1673 10
362 257 57 18 0 1722 10
599 210 81 2 0 1742 10
519 209 68 27 0 1729 10
38 233 87 18 0 1752 10
784 265 0 10 0 1665 10
318 269 112 19 1273 1283 10
245 282 1 18 0 1664 10
126 232 101 24 0 1765 10
273 292 32 14 239 249 10
396 262 92 25 0 1757 10
329 239 15 2 0 1680 10
226 241 38 16 0 1703 10
