r1_10_4

VEHICLE
NUMBER   CAPACITY
250     200

CUSTOMER
CUST NO. XCOORD.  YCOORD.  DEMAND  READY TIME DUE DATE  SERVICE TIME

0   250    250     0     0    1925     0
549 175 352 12 0 1789 10
641 202 391 30 0 1767 10
690 154 374 36 0 1759 10
923 138 406 8 1226 1236 10
349 122 422 3 0 1701 10
333 161 416 25 0 1727 10
880 115 395 11 825 835 10
66 142 372 18 0 1753 10
340 177 404 17 0 1745 10
251 136 430 14 0 1702 10
476 141 426 23 541 551 10
282 174 347 3 0 1792 10
479 162 388 11 1136 1146 10
321 178 420 18 1081 1091 10
308 154 392 9 0 1744 10
18 144 331 13 0 1782 10
390 107 374 8 924 934 10
373 149 341 6 414 424 10
708 137 377 23 169 179 10
738 139 438 24 0 1697 10
365 146 376 8 244 254 10
171 111 392 18 0 1717 10
860 142 360 20 0 1761 10
199 126 391 19 0 1728 10
460 189 402 10 0 1752 10
888 153 362 7 0 1767 10
42 166 345 14 0 1789 10
981 175 422 24 0 1728 10
909 174 397 32 1255 1265 10
408 174 376 8 0 1768 10
206 170 347 15 0 1790 10
234 135 400 20 0 1726 10
992 195 386 13 146 156 10
