r1_10_4

VEHICLE
NUMBER   CAPACITY
250     200

CUSTOMER
CUST NO. XCOORD.  YCOORD.  DEMAND  READY TIME DUE DATE  SERVICE TIME

0   250    250     0     0    1925     0
455 213 283 14 0 1866 10
148 161 276 8 143 153 10
753 225 269 30 0 1884 10
15 164 320 12 0 1805 10
932 187 263 35 64 74 10
461 215 282 21 0 1868 10
697 235 288 18 0 1875 10
253 246 314 36 1455 1465 10
35 250 328 24 0 1837 10
328 235 316 2 666 676 10
299 221 291 9 0 1865 10
122 181 260 23 0 1846 10
687 228 260 12 0 1891 10
721 214 274 24 0 1872 10
630 222 331 10 0 1830 10
844 221 269 14 0 1881 10
664 162 301 16 1623 1633 10
117 201 278 13 0 1859 10
489 195 273 22 59 69 10
770 180 283 23 0 1838 10
213 211 248 26 39 49 10
898 218 271 16 0 1877 10
586 157 269 31 0 1821 10
527 244 277 18 0 1888 10
866 240 240 35 0 1901 10
239 230 320 8 1202 1212 10
26 210 276 5 0 1868 10
371 179 318 2 0 1817 10
411 179 286 8 0 1836 10
804 133 273 20 0 1796 10
704 247 306 33 0 1859 10
264 167 291 27 0 1823 10
775 228 287 21 43 53 10
182 216 341 19 0 1818 10
820 134 276 15 0 1797 10
893 226 316 21 70 80 10
651 169 305 21 172 182 10
607 217 333 26 0 1826 10
915 159 299 12 0 1812 10
873 214 311 14 70 80 10
517 162 306 22 0 1811 10
478 240 255 33 0 1904 10
532 190 267 36 0 1853 10
501 229 322 11 0 1840 10
302 178 302 19 0 1827 10
235 215 293 13 0 1860 10
138 136 265 12 0 1801 10
762 171 303 18 0 1820 10
547 161 275 21 0 1823 10
853 172 314 9 0 1815 10
718 172 292 17 0 1827 10
918 164 332 19 0 1797 10
384 224 320 36 1294 1304 10
459 259 301 25 0 1864 10
726 214 245 8 0 1879 10
423 146 313 22 0 1794 10
