c1_10_10

VEHICLE
NUMBER  CAPACITY
250   200

CUSTOMER
CUST NO. XCOORD. YCOORD. DEMAND READY TIME DUE DATE SERVICE TIME

0  250  250   0   0  1824   0
87 337 251 10 87 705 90
702 319 260 20 207 849 90
224 315 260 10 65 479 90
69 337 256 20 87 658 90
573 320 280 10 99 420 90
796 343 254 20 126 602 90
495 344 262 20 353 753 90
947 316 284 20 311 768 90
337 318 280 20 110 593 90
365 337 241 20 161 576 90
638 321 277 10 75 516 90
694 342 254 10 92 511 90
585 339 244 30 89 685 90
590 316 258 20 90 596 90
836 335 255 20 85 494 90
155 312 264 20 63 504 90
924 311 266 10 63 465 90
997 332 249 30 82 612 90
613 320 283 30 213 678 90
312 317 261 20 194 678 90
72 321 280 30 77 522 90
521 334 240 30 220 889 90
120 335 243 20 181 741 90
951 341 257 20 234 681 90
