rc2_10_3

VEHICLE
NUMBER   CAPACITY
250     1000

CUSTOMER
CUST NO. XCOORD.  YCOORD.  DEMAND  READY TIME DUE DATE  SERVICE TIME

0   250    250     0     0    7284     0
493 447 184 27 0 7067 10
604 441 177 23 0 7070 10
471 423 221 9 0 7099 10
889 420 224 10 1716 1836 10
891 418 218 20 0 7103 10
672 435 180 37 898 1018 10
958 421 218 10 0 7101 10
300 412 214 10 604 724 10
677 385 239 21 3142 3262 10
412 397 153 29 0 7098 10
678 386 245 16 1916 2036 10
323 418 221 10 0 7104 10
89 415 223 20 1219 1339 10
877 405 187 34 5002 5122 10
768 420 213 10 814 934 10
91 432 199 7 0 7085 10
854 390 249 21 0 7134 10
778 409 155 19 0 7089 10
629 413 217 20 0 7108 10
731 417 218 10 1112 1232 10
191 429 169 8 3611 3731 10
379 399 175 13 0 7108 10
233 423 214 20 867 987 10
298 417 217 30 754 874 10
519 401 164 13 0 7101 10
38 391 202 14 0 7126 10
956 428 202 24 0 7090 10
874 423 217 20 967 1087 10
725 415 216 10 705 825 10
522 425 215 10 916 1036 10
