rc2_10_3

VEHICLE
NUMBER   CAPACITY
250     1000

CUSTOMER
CUST NO. XCOORD.  YCOORD.  DEMAND  READY TIME DUE DATE  SERVICE TIME

0   250    250     0     0    7284     0
292 154 374 36 0 7118 10
697 167 445 7 0 7063 10
785 162 388 11 4504 4624 10
920 166 440 12 0 7067 10
507 189 402 10 0 7111 10
837 141 428 20 775 895 10
283 111 392 18 0 7076 10
220 145 434 20 932 1052 10
246 175 352 12 6660 6780 10
258 149 341 6 0 7139 10
770 84 377 10 3705 3825 10
503 185 434 9 0 7079 10
419 146 439 10 0 7059 10
539 140 431 30 0 7063 10
608 122 422 3 5827 5947 10
387 142 360 20 6128 6248 10
308 135 400 20 0 7085 10
666 141 426 23 0 7067 10
144 142 372 18 0 7112 10
996 147 435 20 0 7063 10
551 107 374 8 0 7085 10
357 133 455 25 0 7038 10
434 149 458 13 4655 4775 10
642 95 382 19 0 7071 10
255 115 395 11 3261 3381 10
867 141 431 30 872 992 10
168 175 422 24 5786 5906 10
383 146 376 8 0 7111 10
746 134 428 20 1232 1352 10
839 144 439 30 1085 1205 10
626 170 347 15 0 7149 10
466 138 438 20 1149 1269 10
984 154 392 9 0 7103 10
