rc2_10_3

VEHICLE
NUMBER   CAPACITY
250     1000

CUSTOMER
CUST NO. XCOORD.  YCOORD.  DEMAND  READY TIME DUE DATE  SERVICE TIME

0   250    250     0     0    7284     0
668 112 433 29 940 1060 10
465 111 467 20 0 7017 10
12 60 454 10 0 6996 10
913 130 494 6 0 7003 10
229 110 459 30 0 7023 10
348 48 437 4 3215 3335 10
197 111 459 20 0 7023 10
128 103 464 22 5092 5212 10
276 90 477 18 0 6997 10
835 102 422 23 0 7048 10
689 59 457 30 0 6993 10
328 111 463 20 1286 1406 10
335 50 438 20 0 7000 10
157 62 453 10 1179 1299 10
703 59 459 20 1245 1365 10
664 51 447 10 1178 1298 10
752 109 463 30 1334 1454 10
140 84 453 19 4892 5012 10
847 115 465 10 1049 1169 10
739 53 466 9 1340 1460 10
825 132 479 11 0 7017 10
586 53 440 10 1292 1412 10
619 64 437 11 3673 3793 10
340 58 391 16 3529 3649 10
628 117 467 10 958 1078 10
61 105 474 27 1883 2003 10
309 58 458 10 1291 1411 10
359 59 388 20 2651 2771 10
46 69 414 6 0 7030 10
925 66 448 10 1021 1141 10
366 63 444 20 0 7005 10
980 49 437 7 1710 1830 10
987 67 452 30 1078 1198 10
25 116 466 20 1004 1124 10
147 93 413 17 0 7048 10
782 58 449 30 1451 1571 10
815 132 477 25 1309 1429 10
609 65 453 30 0 7000 10
917 112 467 10 0 7017 10
946 76 462 18 3824 3944 10
833 77 465 11 1044 1164 10
705 55 449 20 1054 1174 10
102 54 445 10 1232 1352 10
585 111 464 10 1242 1362 10
417 67 451 5 0 7003 10
740 112 465 10 1197 1317 10
