rc2_10_3

VEHICLE
NUMBER   CAPACITY
250     1000

CUSTOMER
CUST NO. XCOORD.  YCOORD.  DEMAND  READY TIME DUE DATE  SERVICE TIME

0   250    250     0     0    7284     0
193 60 231 32 0 7084 10
879 53 204 8 4220 4340 10
919 61 214 4 1367 1487 10
80 34 169 11 1938 2058 10
832 46 163 8 0 7053 10
988 34 239 16 876 996 10
995 18 225 8 0 7041 10
47 41 232 16 821 941 10
497 72 227 25 0 7095 10
313 30 155 9 0 7035 10
510 21 146 21 1947 2067 10
462 43 135 31 0 7038 10
970 13 214 21 0 7035 10
614 39 162 18 2261 2381 10
177 7 194 29 0 7025 10
786 47 208 30 0 7067 10
127 0 188 26 0 7017 10
566 68 160 21 0 7071 10
694 31 175 24 986 1106 10
688 57 183 15 0 7070 10
