r2_10_2

VEHICLE
NUMBER  CAPACITY
250   1000

CUSTOMER
CUST NO. XCOORD. YCOORD. DEMAND READY TIME DUE DATE SERVICE TIME

0  250  250   0   0  7697   0
982 370 493 22 0 7416 10
772 366 288 29 0 7565 10
434 470 417 11 0 7411 10
837 475 352 33 0 7440 10
573 489 457 13 0 7371 10
707 348 348 23 0 7549 10
812 447 272 12 0 7489 10
958 463 406 23 0 7423 10
755 489 437 29 0 7384 10
226 377 432 20 0 7466 10
843 268 458 24 0 7479 10
5 370 382 11 0 7509 10
201 374 346 27 0 7531 10
520 297 283 28 0 7630 10
567 331 356 13 0 7554 10
287 360 294 9 0 7569 10
112 371 332 14 0 7541 10
700 396 417 13 0 7466 10
195 405 454 11 0 7431 10
902 352 487 27 0 7429 10
199 322 406 17 0 7516 10
211 498 457 15 0 7364 10
58 322 290 23 0 7605 10
519 374 260 27 0 7563 10
122 448 397 33 0 7441 10
420 440 284 25 0 7494 10
680 421 387 15 0 7468 10
917 357 290 24 0 7573 10
162 468 360 16 0 7443 10
604 428 302 27 0 7502 10
439 448 495 40 0 7372 10
936 345 431 12 0 7483 10
864 421 386 29 0 7469 10
882 313 493 20 0 7436 10
468 328 458 17 0 7465 10
808 387 394 8 0 7489 10
927 405 349 15 0 7504 10
849 279 355 9 0 7579 10
135 318 497 21 0 7431 10
658 366 260 23 0 7571 10
250 299 353 34 0 7573 10
550 423 315 12 0 7503 10
664 368 311 14 0 7555 10
766 312 453 6 0 7475 10
852 359 287 24 0 7572 10
677 387 349 9 0 7518 10
893 490 276 33 0 7446 10
730 418 269 3 0 7518 10
479 381 328 12 0 7535 10
156 448 414 23 0 7430 10
