rc1_10_10

VEHICLE
NUMBER   CAPACITY
250     200

CUSTOMER
CUST NO. XCOORD.  YCOORD.  DEMAND  READY TIME DUE DATE  SERVICE TIME

0   250    250     0     0    1821     0
587 69 336 20 200 350 10
319 80 251 14 244 394 10
193 60 231 32 966 1116 10
993 3 292 20 250 400 10
945 92 236 20 198 348 10
879 53 204 8 995 1145 10
930 86 268 10 164 314 10
919 61 214 4 282 432 10
80 34 169 11 424 574 10
742 93 235 10 186 336 10
424 91 268 10 185 335 10
805 88 287 30 203 353 10
988 34 239 16 216 366 10
696 52 303 25 381 531 10
369 40 304 16 1085 1235 10
684 90 232 10 161 311 10
75 30 302 10 226 376 10
613 90 274 20 161 311 10
163 64 294 12 1041 1191 10
995 18 225 8 631 781 10
47 41 232 16 209 359 10
305 111 178 18 156 306 10
497 72 227 25 504 654 10
307 25 307 10 232 382 10
937 35 304 30 221 371 10
728 0 297 10 254 404 10
286 91 235 10 209 359 10
433 33 278 18 1427 1577 10
509 146 313 22 1135 1285 10
822 67 335 20 201 351 10
160 38 301 20 236 386 10
923 80 286 10 173 323 10
830 67 334 20 201 351 10
43 111 192 11 1139 1289 10
130 44 344 12 1019 1169 10
40 80 290 10 174 324 10
575 1 293 10 252 402 10
535 8 300 10 296 446 10
907 19 273 25 957 1107 10
139 29 336 22 272 422 10
60 71 333 10 197 347 10
842 5 281 16 1312 1462 10
30 83 300 26 440 590 10
355 95 234 10 155 305 10
45 88 286 10 192 342 10
818 133 273 20 119 269 10
152 62 326 20 226 376 10
857 24 259 19 310 460 10
623 51 286 14 1399 1549 10
19 7 300 30 285 435 10
970 13 214 21 1294 1444 10
505 71 282 29 582 732 10
615 35 306 20 222 372 10
425 103 177 28 566 716 10
221 33 286 11 1442 1592 10
251 118 314 26 278 428 10
14 102 264 10 148 298 10
902 16 287 12 236 386 10
243 0 293 30 253 403 10
979 131 246 17 772 922 10
469 35 303 20 221 371 10
449 85 288 20 169 319 10
304 100 266 20 150 300 10
18 92 233 10 164 314 10
536 105 181 19 1471 1621 10
811 7 292 10 246 396 10
513 44 311 27 347 497 10
421 6 292 10 247 397 10
367 89 290 20 165 315 10
627 92 230 20 159 309 10
382 6 296 10 260 410 10
97 5 297 10 271 421 10
772 89 185 16 540 690 10
737 95 277 20 214 364 10
77 96 270 20 155 305 10
601 66 336 10 203 353 10
100 2 295 30 252 402 10
334 73 328 20 193 343 10
562 120 261 5 733 883 10
177 7 194 29 891 1041 10
786 47 208 30 207 357 10
295 0 356 13 1026 1176 10
381 63 336 20 206 356 10
635 89 272 10 162 312 10
900 92 232 10 159 309 10
845 90 296 20 166 316 10
882 56 268 28 1004 1154 10
583 104 349 20 949 1099 10
64 92 259 4 339 489 10
645 30 301 10 225 375 10
887 91 231 30 160 310 10
127 0 188 26 872 1022 10
414 87 285 30 181 331 10
823 92 270 20 197 347 10
50 86 199 23 218 368 10
694 31 175 24 231 381 10
116 94 235 20 156 306 10
395 95 235 10 155 305 10
511 37 281 17 433 583 10
203 91 266 10 173 323 10
496 13 314 14 245 395 10
869 69 334 30 199 349 10
817 130 247 17 120 270 10
569 32 319 21 341 491 10
618 79 291 10 175 325 10
791 96 346 26 181 331 10
86 97 288 22 1224 1374 10
408 92 234 10 175 325 10
803 90 285 40 216 366 10
766 12 358 7 1164 1314 10
134 89 270 10 162 312 10
688 57 183 15 1040 1190 10
