r2_10_2

VEHICLE
NUMBER   CAPACITY
250     1000

CUSTOMER
CUST NO. XCOORD.  YCOORD.  DEMAND  READY TIME DUE DATE  SERVICE TIME

0   250    250     0     0    7697     0
578 347 459 25 1931 2024 10
759 355 485 10 5887 6066 10
197 373 421 21 939 1080 10
276 371 423 10 810 878 10
468 328 458 17 0 7465 10
260 332 382 2 4037 4167 10
163 332 459 35 1479 1591 10
24 371 488 10 2285 2497 10
936 345 431 12 0 7483 10
641 381 457 28 1895 1991 10
560 371 427 23 3811 3974 10
172 360 488 19 1252 1393 10
481 334 403 26 620 776 10
213 352 481 15 5136 5261 10
982 370 493 22 0 7416 10
301 340 416 36 1293 1396 10
195 405 454 11 0 7431 10
66 366 390 23 5266 5400 10
271 334 481 32 1323 1440 10
999 373 418 6 5034 5161 10
419 379 486 22 2679 2815 10
615 368 452 16 2673 2806 10
902 352 487 27 0 7429 10
359 397 477 13 4853 4993 10
46 348 476 19 4762 4932 10
391 351 481 10 1284 1410 10
18 398 476 25 1676 1789 10
713 392 491 10 4542 4641 10
352 406 460 2 2868 3006 10
517 329 456 19 1008 1104 10
532 354 416 10 2719 2836 10
358 404 439 3 964 1067 10
551 395 474 26 1545 1670 10
882 313 493 20 0 7436 10
38 328 491 21 2702 2845 10
199 322 406 17 0 7516 10
954 336 493 20 5960 6103 10
135 318 497 21 0 7431 10
714 342 481 18 5769 5871 10
226 377 432 20 0 7466 10
766 312 453 6 0 7475 10
