r2_10_2

VEHICLE
NUMBER   CAPACITY
250     1000

CUSTOMER
CUST NO. XCOORD.  YCOORD.  DEMAND  READY TIME DUE DATE  SERVICE TIME

0   250    250     0     0    7697     0
716 299 285 3 4991 5160 10
993 287 256 18 61 239 10
652 337 232 2 6266 6418 10
870 308 199 14 5986 6201 10
220 298 264 36 147 253 10
289 325 210 15 3717 3870 10
898 265 240 9 21 123 10
739 289 220 19 145 248 10
520 297 283 28 0 7630 10
921 291 251 20 129 200 10
442 311 203 15 2892 3008 10
576 306 229 10 0 7628 10
503 247 219 17 0 7656 10
19 307 249 10 0 7630 10
710 240 240 35 6820 6897 10
6 273 255 18 0 7664 10
350 233 230 20 0 7661 10
704 306 235 25 172 291 10
624 301 239 31 169 248 10
582 320 211 16 0 7607 10
145 293 174 31 279 420 10
850 266 221 9 80 185 10
580 272 234 26 6353 6489 10
9 295 283 26 3538 3728 10
390 285 247 13 0 7652 10
603 303 186 10 0 7604 10
679 291 213 23 5018 5163 10
191 251 238 27 12 119 10
27 261 201 15 6060 6172 10
230 314 205 22 6086 6249 10
50 295 247 12 5212 5335 10
116 280 245 21 85 158 10
839 286 244 31 5150 5242 10
888 248 214 19 5955 5999 10
803 293 228 19 133 253 10
950 274 261 20 6817 6959 10
881 351 233 21 5692 5811 10
