r2_10_2

VEHICLE
NUMBER   CAPACITY
250     1000

CUSTOMER
CUST NO. XCOORD.  YCOORD.  DEMAND  READY TIME DUE DATE  SERVICE TIME

0   250    250     0     0    7697     0
156 448 414 23 0 7430 10
968 410 399 25 983 1007 10
945 466 362 15 4595 4744 10
388 450 416 25 2281 2453 10
836 414 378 23 1961 2117 10
837 475 352 33 0 7440 10
864 421 386 29 0 7469 10
380 411 379 25 4781 4886 10
760 441 374 10 873 1034 10
988 413 391 8 876 981 10
5 370 382 11 0 7509 10
335 377 385 6 3486 3564 10
121 470 405 17 3694 3832 10
122 448 397 33 0 7441 10
958 463 406 23 0 7423 10
680 421 387 15 0 7468 10
483 411 396 23 3667 3814 10
162 468 360 16 0 7443 10
897 406 408 15 5799 5971 10
700 396 417 13 0 7466 10
621 448 404 15 2407 2505 10
61 453 360 13 858 990 10
263 471 368 19 1718 1827 10
940 468 352 9 3031 3235 10
109 465 367 14 4087 4248 10
351 382 360 26 696 849 10
99 420 383 27 3932 4044 10
614 495 355 3 4981 5084 10
873 413 345 20 4872 4993 10
564 376 385 12 640 837 10
840 429 389 18 1700 1812 10
434 470 417 11 0 7411 10
927 405 349 15 0 7504 10
682 434 359 13 5585 5673 10
904 418 399 20 1739 1882 10
33 447 383 17 889 1013 10
808 387 394 8 0 7489 10
972 479 387 13 1620 1680 10
688 491 369 28 2891 3065 10
