r2_10_2

VEHICLE
NUMBER   CAPACITY
250     1000

CUSTOMER
CUST NO. XCOORD.  YCOORD.  DEMAND  READY TIME DUE DATE  SERVICE TIME

0   250    250     0     0    7697     0
461 91 27 14 4699 4874 10
960 135 30 12 0 7439 10
613 89 65 16 2863 3019 10
104 98 2 14 2361 2493 10
906 66 31 25 0 7401 10
891 60 29 32 0 7396 10
305 87 3 13 5728 5856 10
497 142 30 32 0 7442 10
663 125 61 26 2460 2554 10
570 120 37 28 0 7438 10
117 108 37 23 2192 2323 10
258 144 35 26 0 7448 10
634 60 5 18 4166 4304 10
480 132 32 18 0 7440 10
970 109 56 27 905 1013 10
505 102 6 3 5820 5968 10
939 87 51 35 0 7430 10
777 71 12 2 1177 1286 10
796 64 5 14 4493 4658 10
591 125 65 17 3170 3257 10
470 147 30 26 4424 4565 10
601 120 17 30 0 7421 10
706 95 64 4 3083 3164 10
841 92 76 4 4598 4634 10
17 94 40 24 4278 4387 10
901 142 14 18 3349 3452 10
485 52 18 28 3438 3537 10
169 92 18 8 4466 4648 10
460 67 24 10 4083 4184 10
981 104 28 8 0 7422 10
504 98 29 14 4209 4284 10
326 138 28 23 4362 4530 10
789 100 66 15 5543 5775 10
