r2_10_2

VEHICLE
NUMBER   CAPACITY
250     1000

CUSTOMER
CUST NO. XCOORD.  YCOORD.  DEMAND  READY TIME DUE DATE  SERVICE TIME

0   250    250     0     0    7697     0
913 257 133 19 3418 3600 10
141 232 101 24 1405 1483 10
216 292 136 28 3126 3239 10
193 236 126 23 400 598 10
348 267 162 6 0 7598 10
376 225 121 18 0 7556 10
828 292 104 26 1227 1324 10
299 269 112 19 5041 5180 10
32 261 138 1 0 7575 10
723 253 74 20 5375 5546 10
402 267 174 34 6470 6596 10
546 273 70 36 2458 2617 10
3 290 145 5 5130 5242 10
692 273 149 14 5987 6154 10
427 281 96 1 4532 4594 10
608 238 123 24 0 7560 10
446 233 87 18 966 1174 10
987 253 118 19 2191 2307 10
521 210 113 28 2778 2864 10
137 241 180 13 6789 6887 10
525 235 108 12 4307 4449 10
712 242 106 28 0 7543 10
165 248 176 32 5579 5753 10
475 295 89 23 0 7520 10
100 264 180 33 6720 6845 10
738 263 153 12 1628 1791 10
190 245 176 20 4943 5055 10
922 195 111 15 3991 4114 10
113 231 167 15 246 435 10
127 297 131 25 4640 4803 10
526 210 133 15 2767 2862 10
83 276 84 20 0 7519 10
718 271 128 12 1378 1507 10
224 262 97 17 3785 3912 10
670 215 129 17 4479 4589 10
423 268 113 21 2734 2823 10
605 264 135 1 3525 3630 10
523 262 92 25 2507 2657 10
