c1_10_3

VEHICLE
NUMBER   CAPACITY
250     200

CUSTOMER
CUST NO. XCOORD.  YCOORD.  DEMAND  READY TIME DUE DATE  SERVICE TIME

0   250    250     0     0    1824     0
455 266 405 20 680 745 90
451 386 405 20 0 1528 90
578 388 408 10 0 1525 90
993 475 480 30 837 911 90
132 419 422 20 0 1493 90
549 390 415 20 0 1518 90
785 422 409 10 234 290 90
849 388 418 10 217 283 90
267 421 415 30 297 364 90
252 267 400 10 779 836 90
969 277 403 10 395 464 90
837 419 418 10 394 454 90
864 477 478 20 0 1413 90
960 455 365 20 235 306 90
962 405 450 20 311 376 90
268 319 468 10 289 353 90
684 457 374 10 0 1493 90
797 478 464 10 0 1422 90
104 422 420 20 0 1493 90
24 417 417 10 954 1020 90
115 404 447 20 250 280 90
558 392 424 10 926 1007 90
568 413 417 10 1135 1207 90
363 474 461 30 307 379 90
118 325 466 40 0 1506 90
28 374 489 20 0 1465 90
43 470 473 10 1221 1270 90
574 322 468 20 0 1505 90
210 323 471 30 0 1502 90
575 483 458 10 656 708 90
67 393 410 20 913 982 90
636 384 491 20 897 948 90
213 272 403 30 494 555 90
743 408 452 10 490 564 90
60 476 483 10 0 1410 90
810 459 368 10 299 361 90
959 462 367 20 481 545 90
897 326 466 30 753 817 90
480 459 374 20 848 917 90
45 478 461 10 0 1424 90
527 382 498 10 0 1454 90
354 392 426 10 666 722 90
914 270 400 10 151 213 90
397 419 459 20 785 838 90
19 480 455 10 1123 1179 90
584 471 484 10 0 1413 90
973 378 493 30 426 487 90
251 269 402 20 587 648 90
7 393 408 30 0 1521 90
621 272 402 10 0 1581 90
6 322 465 10 226 291 90
555 391 426 10 0 1509 90
476 390 423 10 0 1512 90
427 396 410 10 829 880 90
925 416 420 20 0 1497 90
747 380 489 20 0 1462 90
939 405 455 40 0 1477 90
494 398 428 10 0 1503 90
980 319 470 10 0 1504 90
304 460 374 20 753 831 90
147 387 488 20 0 1460 90
202 328 466 30 0 1505 90
809 477 483 20 745 817 90
788 389 428 20 0 1509 90
346 390 408 30 0 1523 90
217 416 417 20 1057 1099 90
123 399 450 20 0 1485 90
188 380 498 10 523 582 90
775 376 494 30 334 396 90
580 459 372 20 0 1492 90
440 408 453 10 0 1477 90
528 391 429 20 0 1507 90
280 473 475 10 0 1418 90
482 468 475 10 313 373 90
841 461 369 10 0 1492 90
512 412 453 10 0 1475 90
295 483 457 20 735 811 90
302 487 450 10 929 993 90
362 270 401 20 217 268 90
485 267 394 10 0 1589 90
625 470 475 30 381 429 90
187 481 456 40 1028 1091 90
833 453 367 20 0 1500 90
526 413 421 10 768 828 90
223 411 421 20 862 917 90
552 386 414 10 1109 1162 90
547 328 458 10 0 1512 90
245 381 495 20 705 769 90
685 391 413 10 0 1519 90
342 391 425 20 842 909 90
443 391 407 10 0 1523 90
68 480 460 20 549 627 90
86 268 400 20 0 1583 90
790 475 477 20 1028 1091 90
620 460 367 20 0 1494 90
56 451 367 20 1134 1195 90
793 381 494 10 801 855 90
180 485 454 10 0 1423 90
206 394 407 20 733 789 90
486 406 450 20 405 464 90
990 472 481 20 477 527 90
605 389 404 10 0 1527 90
