r2_10_4

VEHICLE
NUMBER  CAPACITY
250   1000

CUSTOMER
CUST NO. XCOORD. YCOORD. DEMAND READY TIME DUE DATE SERVICE TIME

0  250  250   0   0  7697   0
394 33 152 17 5278 5403 10
737 18 24 32 2551 2596 10
59 159 226 16 314 439 10
795 171 188 30 2481 2604 10
204 173 182 25 383 438 10
16 3 23 11 1550 1702 10
108 34 239 16 896 975 10
339 206 97 33 1785 1920 10
711 140 137 32 2276 2401 10
77 176 200 17 2266 2394 10
113 231 167 15 246 435 10
407 32 94 14 3707 3854 10
565 231 29 14 4896 5035 10
360 44 140 11 3464 3602 10
899 130 186 16 513 656 10
859 30 155 9 5129 5235 10
490 191 215 17 211 338 10
545 30 97 23 4851 4951 10
613 89 65 16 2863 3019 10
470 147 30 26 4424 4565 10
182 41 120 22 2791 2897 10
504 98 29 14 4209 4284 10
173 156 65 22 4143 4275 10
947 206 172 29 3131 3293 10
463 82 183 17 4444 4490 10
302 13 214 21 5428 5520 10
824 178 72 23 3035 3139 10
866 9 233 31 1227 1343 10
498 68 240 11 3176 3300 10
507 172 24 17 5814 5924 10
326 138 28 23 4362 4530 10
967 30 7 23 4734 4895 10
8 117 178 28 4484 4574 10
943 206 174 14 3201 3318 10
190 245 176 20 4943 5055 10
909 65 82 13 2966 3071 10
104 98 2 14 2361 2493 10
527 25 53 23 4088 4193 10
239 103 177 28 2494 2637 10
466 32 191 5 2344 2465 10
609 187 61 19 2155 2325 10
944 209 212 18 6142 6200 10
588 62 236 29 2238 2345 10
446 233 87 18 966 1174 10
325 198 85 28 1032 1189 10
114 179 75 13 2982 3057 10
986 180 162 9 653 855 10
663 125 61 26 2460 2554 10
706 95 64 4 3083 3164 10
143 64 135 11 3495 3571 10
309 173 65 12 1768 1940 10
368 134 211 35 458 626 10
