r1_10_7

VEHICLE
NUMBER   CAPACITY
250     200

CUSTOMER
CUST NO. XCOORD.  YCOORD.  DEMAND  READY TIME DUE DATE  SERVICE TIME

0   250    250     0     0    1925     0
196 487 320 21 858 888 10
716 495 355 3 1243 1273 10
736 489 274 31 534 564 10
906 499 316 18 0 1658 10
198 490 276 33 0 1674 10
570 433 319 11 0 1720 10
509 440 284 25 852 882 10
43 440 294 16 960 990 10
250 442 289 25 0 1720 10
734 475 267 7 780 810 10
72 424 288 13 1057 1087 10
301 418 269 3 0 1746 10
678 463 253 23 0 1702 10
810 402 277 5 0 1761 10
343 440 292 24 940 970 10
872 451 305 13 208 238 10
555 423 315 12 0 1731 10
939 478 300 12 0 1682 10
370 489 338 17 1397 1427 10
347 486 324 15 0 1668 10
304 475 352 33 0 1668 10
536 460 328 13 0 1691 10
732 447 272 12 384 414 10
188 453 318 30 0 1701 10
554 457 280 17 1000 1030 10
590 415 253 21 367 397 10
125 447 267 19 980 1010 10
438 497 296 14 613 643 10
764 490 286 29 0 1673 10
512 472 248 11 0 1693 10
922 497 266 25 748 778 10
861 492 326 19 1204 1234 10
186 428 302 27 1016 1046 10
887 418 251 21 0 1747 10
215 492 335 10 0 1659 10
883 409 255 23 0 1756 10
714 436 295 11 0 1724 10
