r1_10_7

VEHICLE
NUMBER   CAPACITY
250     200

CUSTOMER
CUST NO. XCOORD.  YCOORD.  DEMAND  READY TIME DUE DATE  SERVICE TIME

0   250    250     0     0    1925     0
444 261 138 1 0 1803 10
800 206 172 29 788 818 10
632 226 175 23 1694 1724 10
53 231 167 15 0 1830 10
819 213 185 21 74 104 10
281 206 174 14 0 1828 10
172 267 162 6 1449 1479 10
101 267 174 34 1618 1648 10
634 223 178 20 1136 1166 10
320 291 213 23 1258 1288 10
866 240 240 35 1700 1730 10
176 264 135 1 0 1800 10
61 261 201 15 1514 1544 10
14 266 221 9 0 1882 10
541 272 234 26 1590 1620 10
854 233 230 20 26 56 10
796 209 212 18 0 1860 10
256 257 133 19 0 1798 10
516 217 207 26 0 1861 10
82 245 176 20 0 1841 10
247 247 219 17 0 1884 10
165 271 128 12 0 1792 10
173 248 176 32 0 1841 10
706 289 220 19 0 1866 10
845 264 180 33 1681 1711 10
610 248 214 19 0 1879 10
625 197 202 29 1204 1234 10
927 219 215 32 0 1869 10
729 199 203 20 1457 1487 10
110 251 238 27 0 1903 10
971 263 153 12 0 1818 10
106 241 180 13 1695 1725 10
667 210 219 7 50 80 10
214 212 186 11 1722 1752 10
68 219 210 14 50 80 10
51 203 211 20 0 1854 10
486 265 240 9 18 48 10
277 273 149 14 0 1812 10
