r1_10_7

VEHICLE
NUMBER   CAPACITY
250     200

CUSTOMER
CUST NO. XCOORD.  YCOORD.  DEMAND  READY TIME DUE DATE  SERVICE TIME

0   250    250     0     0    1925     0
293 163 472 9 653 683 10
80 132 479 11 257 287 10
837 173 474 14 0 1679 10
327 150 484 16 0 1661 10
369 177 486 20 0 1668 10
875 164 473 26 296 326 10
484 185 434 9 0 1720 10
663 181 441 25 542 572 10
178 148 462 10 727 757 10
436 179 497 1 1411 1441 10
57 130 494 6 0 1644 10
567 230 487 20 1130 1160 10
462 166 440 12 0 1708 10
619 195 464 20 0 1695 10
353 211 446 15 0 1716 10
425 245 461 8 649 679 10
539 167 445 7 0 1704 10
432 225 488 28 0 1676 10
779 208 488 22 0 1674 10
850 239 486 3 0 1679 10
352 222 499 7 845 875 10
470 196 489 23 1030 1060 10
238 208 445 22 0 1716 10
439 152 476 45 523 553 10
738 139 438 24 0 1697 10
926 199 438 3 0 1721 10
840 195 450 16 0 1708 10
261 259 498 33 1075 1105 10
905 215 434 9 0 1728 10
946 176 470 14 547 577 10
545 207 487 4 0 1675 10
249 167 488 17 252 282 10
50 132 477 25 327 357 10
757 255 487 19 0 1678 10
395 185 431 15 0 1723 10
670 149 458 13 0 1684 10
203 182 480 31 0 1676 10
878 133 455 25 808 838 10
