rc2_10_10

VEHICLE
NUMBER  CAPACITY
250   1000

CUSTOMER
CUST NO. XCOORD. YCOORD. DEMAND READY TIME DUE DATE SERVICE TIME

0  250  250   0   0  7284   0
657 207 400 20 522 1122 10
354 270 400 10 305 905 10
311 211 386 20 266 866 10
679 208 396 20 466 1066 10
549 245 408 10 575 1175 10
107 249 407 10 455 1055 10
82 277 403 10 459 1059 10
281 213 399 18 696 1296 10
217 287 397 12 2017 2617 10
370 262 369 15 277 877 10
330 263 418 25 874 1474 10
440 220 392 20 791 1391 10
238 210 398 10 577 1177 10
2 214 394 10 682 1282 10
436 272 403 30 519 1119 10
442 250 441 5 2783 3383 10
734 210 379 12 2595 3195 10
906 250 411 30 512 1112 10
271 299 353 34 156 756 10
362 266 405 20 628 1228 10
974 270 401 20 349 949 10
17 203 390 40 395 995 10
534 267 400 10 689 1289 10
37 268 400 20 733 1333 10
487 241 403 10 641 1241 10
347 216 341 19 2376 2976 10
878 269 402 20 571 1171 10
855 210 391 30 326 926 10
448 215 395 20 728 1328 10
148 267 394 10 797 1397 10
850 286 356 30 148 748 10
876 213 397 10 629 1229 10
581 225 369 38 186 786 10
240 248 404 30 358 958 10
507 189 402 10 1904 2504 10
327 250 405 20 406 1006 10
225 246 398 40 292 892 10
853 243 399 10 699 1299 10
886 250 328 24 755 1355 10
862 244 368 25 1416 2016 10
10 226 423 15 548 1148 10
932 272 402 10 398 998 10
