rc1_10_4

VEHICLE
NUMBER   CAPACITY
250     200

CUSTOMER
CUST NO. XCOORD.  YCOORD.  DEMAND  READY TIME DUE DATE  SERVICE TIME

0   250    250     0     0    1821     0
816 24 65 10 0 1519 10
559 21 70 15 0 1520 10
339 58 39 12 1163 1193 10
418 24 68 20 0 1521 10
394 64 5 14 0 1504 10
687 18 24 32 0 1488 10
422 18 63 10 339 369 10
174 71 12 2 0 1514 10
574 57 43 15 0 1528 10
488 30 72 10 0 1529 10
851 15 69 10 296 326 10
921 56 75 24 1438 1468 10
640 20 73 10 0 1521 10
914 23 67 30 0 1520 10
942 52 18 28 0 1506 10
343 21 64 20 0 1516 10
717 6 53 8 0 1498 10
935 66 31 25 1048 1078 10
99 38 15 3 0 1495 10
506 60 5 18 0 1501 10
73 26 67 15 1317 1347 10
79 60 29 32 0 1520 10
572 21 68 20 0 1519 10
266 25 65 10 0 1520 10
438 1 101 8 0 1521 10
241 65 62 15 0 1548 10
204 17 65 20 0 1514 10
943 16 68 20 0 1515 10
410 30 7 23 0 1484 10
881 15 68 10 0 1514 10
