r1_10_3

VEHICLE
NUMBER  CAPACITY
250   200

CUSTOMER
CUST NO. XCOORD. YCOORD. DEMAND READY TIME DUE DATE SERVICE TIME

0  250  250   0   0  1925   0
616 153 235 10 98 108 10
63 146 188 6 1245 1255 10
394 159 226 16 94 104 10
781 140 137 32 580 590 10
985 111 192 11 1209 1219 10
723 120 261 5 803 813 10
254 176 200 17 578 588 10
638 94 192 1 1090 1100 10
829 103 177 28 636 646 10
755 110 251 23 508 518 10
361 130 186 16 141 151 10
449 171 188 30 631 641 10
792 131 246 17 842 852 10
212 134 211 35 130 140 10
289 153 244 5 118 128 10
323 134 194 19 1662 1672 10
515 132 151 22 154 164 10
963 130 140 17 204 214 10
758 133 202 33 471 481 10
140 111 178 18 156 166 10
313 173 182 25 102 112 10
673 191 215 17 68 78 10
