r1_10_2

VEHICLE
NUMBER  CAPACITY
250   200

CUSTOMER
CUST NO. XCOORD. YCOORD. DEMAND READY TIME DUE DATE SERVICE TIME

0  250  250   0   0  1925   0
34 406 460 2 729 739 10
523 421 386 29 834 844 10
287 463 406 23 867 877 10
437 377 432 20 841 851 10
972 328 458 17 778 788 10
146 425 448 9 804 814 10
130 489 437 29 717 727 10
342 493 493 20 866 876 10
578 411 396 23 930 940 10
405 470 417 11 747 757 10
998 380 350 15 876 886 10
490 422 498 5 702 712 10
760 368 452 16 680 690 10
5 377 385 6 876 886 10
217 440 436 18 902 912 10
420 471 427 8 826 836 10
722 420 383 27 992 1002 10
475 421 387 15 811 821 10
912 448 397 33 876 886 10
749 379 486 22 682 692 10
191 433 447 20 804 814 10
526 322 406 17 839 849 10
44 370 382 11 894 904 10
381 332 382 2 1020 1030 10
913 352 487 27 912 922 10
228 436 467 12 746 756 10
