rc2_10_2

VEHICLE
NUMBER  CAPACITY
250   1000

CUSTOMER
CUST NO. XCOORD. YCOORD. DEMAND READY TIME DUE DATE SERVICE TIME

0  250  250   0   0  7284   0
597 368 311 14 3704 3824 10
918 489 274 31 2135 2255 10
85 355 174 33 2861 2981 10
775 475 267 7 3118 3238 10
24 371 332 14 2118 2238 10
600 497 266 25 2990 3110 10
863 381 328 12 2869 2989 10
36 440 292 24 3760 3880 10
184 492 335 10 3313 3433 10
992 340 291 22 1882 2002 10
794 436 295 11 2113 2233 10
520 499 316 18 2487 2607 10
677 385 239 21 3142 3262 10
655 333 293 27 2468 2588 10
678 386 245 16 1916 2036 10
