rc2_10_2

VEHICLE
NUMBER  CAPACITY
250   1000

CUSTOMER
CUST NO. XCOORD. YCOORD. DEMAND READY TIME DUE DATE SERVICE TIME

0  250  250   0   0  7284   0
602 376 195 10 724 844 10
300 412 214 10 604 724 10
931 398 329 17 611 731 10
285 344 203 14 669 789 10
725 415 216 10 705 825 10
755 399 301 30 777 897 10
316 355 180 30 549 669 10
105 395 331 20 866 986 10
522 425 215 10 916 1036 10
826 366 334 5 1641 1761 10
416 390 294 20 949 1069 10
771 320 280 10 340 460 10
375 436 264 20 686 806 10
426 367 178 20 721 841 10
216 402 284 30 658 778 10
63 388 331 20 580 700 10
889 420 224 10 1716 1836 10
891 418 218 20 1068 1188 10
360 376 190 30 621 741 10
573 441 244 10 1108 1228 10
123 439 243 20 1254 1374 10
644 365 274 14 410 530 10
315 394 333 20 777 897 10
68 378 199 10 829 949 10
954 371 200 10 897 1017 10
806 379 196 20 776 896 10
363 374 232 33 441 561 10
162 371 192 30 519 639 10
26 441 265 40 789 909 10
472 395 295 20 845 965 10
298 417 217 30 754 874 10
52 375 191 30 667 787 10
114 356 256 19 365 485 10
483 445 273 20 1031 1151 10
691 402 281 20 1000 1120 10
273 355 177 20 497 617 10
548 435 267 20 1291 1411 10
201 390 325 30 1005 1125 10
188 439 268 10 1191 1311 10
210 391 293 20 903 1023 10
428 443 246 20 919 1039 10
690 442 243 10 1154 1274 10
542 321 277 10 244 364 10
227 451 305 13 774 894 10
683 434 245 10 1367 1487 10
603 401 281 20 1044 1164 10
89 415 223 20 1219 1339 10
909 387 297 10 561 681 10
401 443 237 20 754 874 10
81 407 280 10 834 954 10
629 413 217 20 656 776 10
768 420 213 10 814 934 10
731 417 218 10 1112 1232 10
133 460 328 13 876 996 10
567 405 276 20 937 1057 10
481 385 295 20 509 629 10
405 364 173 30 721 841 10
973 388 325 10 1053 1173 10
402 316 286 30 547 667 10
777 435 268 10 1247 1367 10
233 423 214 20 867 987 10
532 390 301 10 661 781 10
135 374 190 20 573 693 10
350 357 181 20 598 718 10
960 393 301 30 713 833 10
515 444 242 10 862 982 10
11 313 282 20 654 774 10
301 442 289 25 764 884 10
537 398 325 30 933 1053 10
874 423 217 20 967 1087 10
516 444 271 10 982 1102 10
38 391 202 14 536 656 10
792 321 280 30 296 416 10
894 389 300 10 615 735 10
74 358 183 20 935 1055 10
927 352 176 20 444 564 10
545 391 334 20 724 844 10
393 320 283 30 442 562 10
303 440 241 10 1205 1325 10
764 450 265 10 865 985 10
707 444 269 20 934 1054 10
471 423 221 9 1033 1153 10
260 436 241 20 1309 1429 10
87 316 284 20 499 619 10
155 439 266 10 741 861 10
