rc2_10_8

VEHICLE
NUMBER   CAPACITY
250     1000

CUSTOMER
CUST NO. XCOORD.  YCOORD.  DEMAND  READY TIME DUE DATE  SERVICE TIME

0   250    250     0     0    7284     0
587 69 336 20 804 1061 10
993 3 292 20 857 1307 10
696 52 303 25 1396 2254 10
369 40 304 16 4308 4970 10
75 30 302 10 937 1315 10
163 64 294 12 4221 4708 10
307 25 307 10 790 1326 10
937 35 304 30 843 1016 10
728 0 297 10 996 1467 10
433 33 278 18 5803 6215 10
822 67 335 20 727 1328 10
160 38 301 20 915 1569 10
830 67 334 20 673 1293 10
130 44 344 12 4170 4586 10
575 1 293 10 874 1388 10
535 8 300 10 1236 1730 10
907 19 273 25 3714 4539 10
139 29 336 22 1182 1590 10
60 71 333 10 597 1074 10
842 5 281 16 5408 5684 10
152 62 326 20 988 1422 10
857 24 259 19 1123 1957 10
623 51 286 14 5760 6032 10
19 7 300 30 1173 1705 10
615 35 306 20 777 1179 10
221 33 286 11 5966 6522 10
902 16 287 12 988 1299 10
243 0 293 30 955 1395 10
469 35 303 20 580 1191 10
811 7 292 10 709 1263 10
513 44 311 27 1496 1884 10
421 6 292 10 869 1191 10
382 6 296 10 1057 1621 10
97 5 297 10 1112 1658 10
601 66 336 10 897 1249 10
100 2 295 30 919 1647 10
334 73 328 20 603 944 10
120 7 382 27 2798 3485 10
295 0 356 13 4375 4434 10
381 63 336 20 854 1397 10
645 30 301 10 945 1395 10
511 37 281 17 1745 2320 10
496 13 314 14 967 1103 10
869 69 334 30 543 1225 10
569 32 319 21 1251 2073 10
766 12 358 7 4789 5126 10
