rc2_10_8

VEHICLE
NUMBER   CAPACITY
250     1000

CUSTOMER
CUST NO. XCOORD.  YCOORD.  DEMAND  READY TIME DUE DATE  SERVICE TIME

0   250    250     0     0    7284     0
303 440 241 10 967 1563 10
471 423 221 9 947 1240 10
260 436 241 20 1050 1688 10
492 443 272 10 903 1378 10
683 434 245 10 1355 1498 10
401 443 237 20 635 992 10
889 420 224 10 1519 2032 10
891 418 218 20 881 1376 10
573 441 244 10 938 1399 10
299 500 228 8 3010 3364 10
690 442 243 10 840 1589 10
447 458 213 22 4468 4678 10
560 440 244 10 804 1445 10
693 441 273 20 1014 1364 10
958 421 218 10 784 1368 10
300 412 214 10 461 867 10
483 445 273 20 941 1242 10
677 385 239 21 2878 3527 10
678 386 245 16 1724 2228 10
592 452 206 31 1697 2360 10
323 418 221 10 1001 1449 10
89 415 223 20 1139 1419 10
768 420 213 10 770 979 10
91 432 199 7 2474 2755 10
26 441 265 40 591 1107 10
692 445 237 10 734 990 10
854 390 249 21 2232 2541 10
777 435 268 10 1102 1512 10
515 444 242 10 706 1138 10
629 413 217 20 480 952 10
713 442 247 10 695 1354 10
516 444 271 10 926 1158 10
548 435 267 20 961 1741 10
650 418 251 21 4515 5180 10
428 443 246 20 792 1165 10
495 440 284 25 3278 3655 10
123 439 243 20 1032 1596 10
188 439 268 10 972 1530 10
775 475 267 7 2936 3420 10
731 417 218 10 977 1367 10
764 450 265 10 663 1187 10
136 463 253 23 4024 4472 10
233 423 214 20 702 1152 10
298 417 217 30 452 1176 10
215 436 237 20 492 1000 10
207 426 231 24 4034 4313 10
956 428 202 24 3481 3869 10
971 440 247 20 696 1449 10
707 444 269 20 768 1220 10
801 409 255 23 6056 6243 10
155 439 266 10 483 1119 10
874 423 217 20 719 1335 10
725 415 216 10 526 1004 10
486 495 227 20 1138 1733 10
375 436 264 20 230 1262 10
522 425 215 10 738 1214 10
