c1_10_7

VEHICLE
NUMBER  CAPACITY
250   200

CUSTOMER
CUST NO. XCOORD. YCOORD. DEMAND READY TIME DUE DATE SERVICE TIME

0  250  250   0   0  1824   0
27 87 285 30 646 826 90
260 243 399 10 720 900 90
592 213 397 10 622 802 90
851 179 492 10 625 805 90
946 134 285 20 1046 1226 90
185 64 426 10 1102 1282 90
376 220 319 30 914 1094 90
75 57 432 10 913 1093 90
911 38 301 20 701 881 90
817 224 314 10 1010 1190 90
216 58 458 10 648 828 90
140 206 261 10 987 1167 90
688 66 336 10 658 838 90
812 16 460 20 1056 1236 90
628 218 318 20 822 1002 90
105 75 347 10 751 931 90
541 86 268 10 622 802 90
358 196 462 10 889 1069 90
538 111 459 20 1084 1264 90
18 73 346 10 659 839 90
89 72 344 20 567 747 90
142 95 384 30 662 842 90
153 90 285 40 921 1101 90
97 74 350 10 845 1025 90
974 112 465 10 624 804 90
905 134 288 20 861 1041 90
866 12 463 20 686 866 90
522 92 270 20 902 1082 90
225 136 288 10 953 1133 90
46 128 291 10 583 763 90
699 200 265 10 797 977 90
409 189 464 10 791 971 90
375 16 497 20 991 1171 90
176 63 444 20 1025 1205 90
614 17 459 10 1147 1327 90
378 55 431 20 633 813 90
464 214 394 10 716 896 90
744 30 301 10 603 783 90
720 0 297 10 618 798 90
413 13 459 20 592 772 90
16 20 488 10 697 877 90
134 187 491 20 723 903 90
275 52 432 20 726 906 90
516 97 387 10 756 936 90
530 192 265 10 609 789 90
731 8 497 40 893 1073 90
490 21 488 10 606 786 90
59 200 261 10 891 1071 90
690 18 462 20 963 1143 90
269 50 438 20 662 842 90
124 146 439 10 584 764 90
62 8 300 10 1081 1261 90
431 100 394 10 946 1126 90
857 169 340 10 681 861 90
178 60 454 10 832 1012 90
701 25 499 10 1090 1270 90
391 220 392 20 903 1083 90
189 88 286 10 737 917 90
265 6 296 10 805 985 90
436 24 492 10 1187 1367 90
865 56 434 20 820 1000 90
505 94 383 10 571 751 90
944 111 463 20 807 987 90
422 111 464 10 716 896 90
518 62 326 20 851 1031 90
579 110 459 30 993 1173 90
474 67 335 20 567 747 90
887 16 463 20 780 960 90
936 186 464 10 606 786 90
237 58 449 30 928 1108 90
126 2 295 30 711 891 90
816 144 439 30 676 856 90
412 138 438 20 772 952 90
444 198 264 20 705 885 90
666 84 346 20 1036 1216 90
680 88 287 30 828 1008 90
606 102 391 20 1040 1220 90
256 167 339 10 589 769 90
794 218 321 20 638 818 90
2 5 297 10 896 1076 90
689 132 291 10 677 857 90
752 53 440 10 568 748 90
669 20 489 10 788 968 90
471 241 403 10 625 805 90
845 17 458 10 1238 1418 90
349 59 457 30 739 919 90
53 7 300 30 990 1170 90
510 169 336 30 775 955 90
971 217 319 10 730 910 90
160 134 428 20 873 1053 90
138 132 290 10 768 948 90
739 188 462 40 699 879 90
387 26 490 10 1226 1406 90
919 77 350 10 938 1118 90
315 63 336 20 751 931 90
811 95 277 20 999 1179 90
281 215 395 20 807 987 90
886 91 266 10 718 898 90
713 60 428 20 1008 1188 90
408 16 462 10 871 1051 90
401 109 463 30 899 1079 90
174 91 268 10 810 990 90
341 95 391 10 851 1031 90
