rc1_10_10

VEHICLE
NUMBER   CAPACITY
250     200

CUSTOMER
CUST NO. XCOORD.  YCOORD.  DEMAND  READY TIME DUE DATE  SERVICE TIME

0   250    250     0     0    1821     0
31 136 52 10 233 383 10
632 125 61 26 552 702 10
663 178 72 23 697 847 10
457 120 17 30 266 416 10
543 168 59 6 306 456 10
212 132 30 20 266 416 10
333 142 14 18 775 925 10
743 125 32 30 251 401 10
898 109 56 27 239 389 10
700 165 59 27 883 1033 10
621 129 27 10 253 403 10
947 124 56 20 231 381 10
109 151 81 28 1466 1616 10
411 120 37 28 715 865 10
479 133 53 20 229 379 10
885 130 57 40 227 377 10
653 132 55 10 227 377 10
916 126 30 10 252 402 10
125 150 68 23 363 513 10
373 144 35 26 239 389 10
450 179 75 13 680 830 10
190 187 73 18 232 382 10
44 131 56 10 227 377 10
563 125 29 30 253 403 10
827 125 39 20 245 395 10
530 122 35 10 250 400 10
733 132 57 20 226 376 10
310 133 26 10 252 402 10
187 157 38 3 988 1138 10
415 132 32 18 724 874 10
423 149 98 4 1105 1255 10
