rc1_10_10

VEHICLE
NUMBER   CAPACITY
250     200

CUSTOMER
CUST NO. XCOORD.  YCOORD.  DEMAND  READY TIME DUE DATE  SERVICE TIME

0   250    250     0     0    1821     0
529 384 149 18 1137 1287 10
360 376 190 30 139 289 10
602 376 195 10 137 287 10
159 386 154 31 1041 1191 10
52 375 191 30 138 288 10
363 374 232 33 125 275 10
588 359 182 20 149 299 10
412 397 153 29 822 972 10
951 389 156 27 656 806 10
162 371 192 30 134 284 10
806 379 196 20 139 289 10
877 405 187 34 1191 1341 10
143 371 193 20 133 283 10
350 357 181 20 127 277 10
778 409 155 19 185 335 10
85 355 174 33 655 805 10
405 364 173 30 137 287 10
74 358 183 20 174 324 10
514 361 181 20 137 287 10
285 344 203 14 107 257 10
379 399 175 13 687 837 10
517 359 179 20 130 280 10
478 365 190 22 1417 1567 10
519 401 164 13 561 711 10
38 391 202 14 148 298 10
927 352 176 20 126 276 10
954 371 200 10 164 314 10
192 350 199 21 1141 1291 10
883 360 184 10 161 311 10
135 374 190 20 137 287 10
273 355 177 20 127 277 10
595 347 192 18 1428 1578 10
68 378 199 10 147 297 10
426 367 178 20 137 287 10
316 355 180 30 126 276 10
