rc1_10_10

VEHICLE
NUMBER   CAPACITY
250     200

CUSTOMER
CUST NO. XCOORD.  YCOORD.  DEMAND  READY TIME DUE DATE  SERVICE TIME

0   250    250     0     0    1821     0
319 80 251 14 244 394 10
193 60 231 32 966 1116 10
945 92 236 20 198 348 10
879 53 204 8 995 1145 10
919 61 214 4 282 432 10
80 34 169 11 424 574 10
742 93 235 10 186 336 10
832 46 163 8 866 1016 10
988 34 239 16 216 366 10
684 90 232 10 161 311 10
995 18 225 8 631 781 10
47 41 232 16 209 359 10
497 72 227 25 504 654 10
313 30 155 9 1220 1370 10
286 91 235 10 209 359 10
355 95 234 10 155 305 10
970 13 214 21 1294 1444 10
18 92 233 10 164 314 10
627 92 230 20 159 309 10
772 89 185 16 540 690 10
614 39 162 18 505 655 10
177 7 194 29 891 1041 10
786 47 208 30 207 357 10
900 92 232 10 159 309 10
64 92 259 4 339 489 10
887 91 231 30 160 310 10
127 0 188 26 872 1022 10
566 68 160 21 1076 1226 10
50 86 199 23 218 368 10
694 31 175 24 231 381 10
116 94 235 20 156 306 10
395 95 235 10 155 305 10
408 92 234 10 175 325 10
688 57 183 15 1040 1190 10
