rc1_10_10

VEHICLE
NUMBER   CAPACITY
250     200

CUSTOMER
CUST NO. XCOORD.  YCOORD.  DEMAND  READY TIME DUE DATE  SERVICE TIME

0   250    250     0     0    1821     0
156 79 80 19 1322 1472 10
356 128 113 22 303 453 10
800 93 96 20 219 369 10
759 140 108 29 1011 1161 10
306 91 101 10 238 388 10
28 80 117 24 764 914 10
312 94 97 20 218 368 10
895 92 76 4 1079 1229 10
964 100 66 15 1340 1490 10
372 89 65 16 660 810 10
254 75 118 21 349 499 10
137 97 93 20 219 369 10
788 87 96 30 224 374 10
525 88 95 20 224 374 10
145 66 88 2 770 920 10
596 95 92 20 221 371 10
241 65 62 15 916 1066 10
526 95 64 4 706 856 10
342 96 97 20 217 367 10
