r2_10_6

VEHICLE
NUMBER  CAPACITY
250   1000

CUSTOMER
CUST NO. XCOORD. YCOORD. DEMAND READY TIME DUE DATE SERVICE TIME

0  250  250   0   0  7697   0
425 429 67 16 2869 3109 10
2 325 56 13 3126 3366 10
81 398 49 21 3107 3347 10
298 372 39 10 2834 3074 10
91 392 95 16 3005 3245 10
923 383 17 15 3702 3942 10
40 365 74 24 3334 3574 10
574 341 72 9 3159 3399 10
26 440 77 14 3592 3832 10
800 392 1 11 2361 2601 10
55 317 45 8 2573 2813 10
612 341 59 27 3099 3339 10
528 339 113 14 2982 3222 10
188 385 17 40 3175 3415 10
676 492 34 5 3182 3422 10
64 393 98 13 2950 3190 10
531 343 34 7 2839 3079 10
742 485 104 21 3118 3358 10
443 480 119 7 2454 2694 10
