rc1_10_5

VEHICLE
NUMBER  CAPACITY
250   200

CUSTOMER
CUST NO. XCOORD. YCOORD. DEMAND READY TIME DUE DATE SERVICE TIME

0  250  250   0   0  1821   0
283 111 392 18 1144 1225 10
357 133 455 25 759 887 10
770 84 377 10 915 968 10
622 196 489 23 994 1097 10
551 107 374 8 908 951 10
113 195 464 20 1519 1591 10
168 175 422 24 1426 1496 10
608 122 422 3 1435 1509 10
182 179 497 1 1385 1467 10
434 149 458 13 1151 1207 10
292 154 374 36 898 1005 10
785 162 388 11 1092 1191 10
128 103 464 22 1242 1334 10
255 115 395 11 808 852 10
387 142 360 20 1519 1574 10
697 167 445 7 1399 1455 10
913 130 494 6 757 791 10
