c2_10_5

VEHICLE
NUMBER  CAPACITY
250   700

CUSTOMER
CUST NO. XCOORD. YCOORD. DEMAND READY TIME DUE DATE SERVICE TIME

0  250  250   0   0  3914   0
118 220 384 10 2603 2923 90
261 184 340 10 2688 3008 90
80 216 380 20 2220 2540 90
596 187 362 20 1706 2026 90
115 222 381 20 2509 2829 90
341 189 339 50 2783 3103 90
310 214 382 30 2411 2731 90
948 189 338 10 2874 3194 90
816 183 340 10 2597 2917 90
114 169 360 20 2092 2412 90
31 220 394 10 2703 3023 90
919 176 358 10 1995 2315 90
335 229 396 30 2802 3122 90
797 188 356 20 1802 2122 90
628 184 354 30 1896 2216 90
99 220 379 10 2314 2634 90
47 229 364 10 2432 2752 90
