c2_10_5

VEHICLE
NUMBER  CAPACITY
250   700

CUSTOMER
CUST NO. XCOORD. YCOORD. DEMAND READY TIME DUE DATE SERVICE TIME

0  250  250   0   0  3914   0
878 222 357 30 1437 1757 90
170 191 352 20 117 437 90
236 204 371 30 669 989 90
890 208 371 20 575 895 90
680 220 362 20 1251 1571 90
511 207 337 20 725 1045 90
940 186 372 20 1605 1925 90
111 191 397 20 183 503 90
282 222 356 20 1528 1848 90
428 213 363 30 1154 1474 90
590 202 386 20 289 609 90
28 205 343 20 822 1142 90
296 189 368 20 132 452 90
783 200 342 10 917 1237 90
292 221 374 30 1050 1370 90
23 209 358 30 1397 1717 90
900 216 374 30 955 1275 90
867 206 379 10 387 707 90
513 206 377 20 479 799 90
126 220 359 30 1344 1664 90
964 196 348 10 1014 1334 90
542 214 372 10 863 1183 90
974 197 351 20 1197 1517 90
794 210 359 10 1488 1808 90
769 194 353 20 1291 1611 90
836 197 350 30 1106 1426 90
559 203 369 10 761 1081 90
