c1_10_6

VEHICLE
NUMBER   CAPACITY
250     200

CUSTOMER
CUST NO. XCOORD.  YCOORD.  DEMAND  READY TIME DUE DATE  SERVICE TIME

0   250    250     0     0    1824     0
452 22 38 20 895 1013 90
773 107 112 30 688 827 90
429 132 30 20 897 905 90
465 6 114 10 792 873 90
196 8 116 20 826 1025 90
95 20 73 10 290 440 90
322 94 97 20 253 365 90
461 111 110 20 480 659 90
559 88 95 20 535 835 90
80 24 65 10 839 1042 90
209 38 72 30 362 553 90
502 0 120 30 374 550 90
805 72 96 20 1211 1288 90
500 13 51 10 1143 1425 90
360 37 51 10 534 788 90
416 68 99 10 954 1171 90
121 26 42 20 417 557 90
47 111 113 10 600 725 90
313 67 108 10 285 359 90
122 113 106 20 198 391 90
509 4 114 10 692 788 90
641 48 78 20 922 1110 90
630 21 64 20 827 867 90
672 49 76 20 821 1027 90
822 105 27 10 597 684 90
966 24 41 10 497 660 90
830 102 27 20 780 869 90
907 136 52 10 705 870 90
172 87 96 30 702 852 90
481 67 109 20 363 463 90
301 44 47 20 289 453 90
678 109 108 10 339 615 90
842 105 22 30 270 537 90
662 8 120 10 1192 1209 90
557 15 68 10 383 572 90
895 66 98 20 885 1055 90
338 64 99 10 862 895 90
709 43 71 40 436 669 90
372 48 72 30 622 858 90
462 97 93 20 448 543 90
616 68 108 10 230 351 90
320 40 52 40 485 651 90
271 17 65 20 581 742 90
674 7 118 20 906 1129 90
834 15 69 10 296 601 90
872 102 29 30 866 967 90
749 133 26 10 768 845 90
871 8 118 20 1031 1185 90
777 41 47 20 335 429 90
894 49 75 20 742 925 90
347 19 43 20 1083 1378 90
536 26 45 30 303 335 90
448 22 40 30 986 1106 90
367 22 41 10 1067 1208 90
284 70 100 10 1023 1286 90
351 125 39 20 245 251 90
852 132 55 10 531 674 90
627 93 96 20 382 419 90
382 124 56 20 231 437 90
428 133 53 20 616 773 90
264 23 67 30 1001 1248 90
247 22 33 10 693 846 90
352 61 147 40 309 488 90
74 64 108 10 480 533 90
903 107 35 30 904 1124 90
795 64 101 20 620 771 90
596 129 27 10 674 752 90
820 7 123 30 327 402 90
603 108 116 30 864 1021 90
475 126 30 10 459 594 90
708 132 57 20 257 581 90
257 26 43 10 314 478 90
675 107 26 10 468 629 90
190 111 23 10 266 479 90
876 67 105 10 447 753 90
532 44 79 10 267 322 90
564 39 50 30 362 590 90
381 16 68 20 413 724 90
635 26 36 10 623 725 90
750 21 68 20 1129 1303 90
235 125 29 30 528 708 90
763 37 55 10 685 826 90
642 24 68 20 1260 1358 90
236 25 65 10 936 1126 90
991 46 74 20 525 769 90
927 4 116 10 571 726 90
310 30 72 10 1281 1452 90
113 22 37 10 793 934 90
682 125 32 30 311 558 90
698 95 92 20 505 670 90
114 65 100 10 676 897 90
127 122 35 10 250 629 90
389 109 114 10 784 915 90
784 130 57 40 277 377 90
83 20 48 10 1273 1379 90
215 18 63 10 696 813 90
415 96 97 20 217 390 90
50 108 26 10 387 528 90
705 108 105 20 287 301 90
33 39 76 10 273 482 90
222 2 116 20 489 623 90
459 104 28 20 623 841 90
460 131 56 10 430 592 90
569 91 101 10 860 887 90
878 73 101 20 1210 1479 90
406 9 124 20 271 282 90
234 71 103 20 1267 1503 90
316 109 107 20 298 475 90
