c1_10_6

VEHICLE
NUMBER   CAPACITY
250     200

CUSTOMER
CUST NO. XCOORD.  YCOORD.  DEMAND  READY TIME DUE DATE  SERVICE TIME

0   250    250     0     0    1824     0
148 121 157 10 172 327 90
227 90 232 10 629 785 90
161 91 235 10 1050 1278 90
493 119 223 10 697 1062 90
600 61 156 30 411 584 90
604 112 217 20 405 420 90
742 112 219 20 394 616 90
828 92 234 10 854 925 90
920 91 231 30 611 620 90
424 148 206 20 358 607 90
593 113 156 10 562 677 90
870 65 153 30 549 635 90
8 89 216 10 466 591 90
418 117 152 20 820 973 90
394 131 226 20 121 382 90
159 118 153 30 925 1051 90
703 116 225 20 716 856 90
728 152 207 20 758 943 90
65 152 206 10 889 995 90
291 120 159 10 253 430 90
433 93 235 10 966 996 90
819 95 235 10 155 276 90
695 92 223 10 901 1090 90
246 95 234 10 261 416 90
560 116 151 20 683 927 90
543 121 218 20 154 293 90
40 129 223 20 180 434 90
953 116 152 20 591 837 90
119 124 219 20 506 679 90
723 92 230 20 487 560 90
57 118 157 20 398 470 90
567 92 236 20 989 1157 90
880 114 225 30 618 770 90
441 128 225 10 178 252 90
66 99 218 30 154 473 90
999 94 235 20 156 375 90
781 116 221 30 510 688 90
902 121 219 20 132 143 90
109 148 211 20 119 280 90
282 123 222 30 306 500 90
129 93 213 30 378 489 90
778 96 213 30 222 458 90
374 123 155 10 1118 1235 90
308 195 185 20 315 420 90
862 96 244 10 1333 1378 90
513 121 151 20 1059 1105 90
23 131 220 30 710 849 90
850 92 233 10 711 886 90
77 143 207 30 202 390 90
390 72 148 20 249 346 90
821 91 217 10 671 758 90
90 149 203 10 524 626 90
679 115 218 10 202 438 90
562 123 159 20 156 354 90
786 66 156 10 600 771 90
71 90 237 20 1190 1322 90
274 71 153 20 749 813 90
524 132 223 30 828 918 90
491 87 217 10 568 673 90
610 126 220 20 602 767 90
298 122 216 10 368 630 90
131 116 156 10 519 533 90
530 192 265 10 656 743 90
519 151 207 10 680 840 90
186 154 207 20 907 1162 90
545 98 215 20 155 363 90
297 95 224 20 1044 1133 90
150 92 216 10 737 874 90
473 152 210 20 105 321 90
943 92 232 10 332 531 90
395 150 204 20 517 817 90
383 95 218 20 893 907 90
869 71 156 10 735 1013 90
977 74 146 30 204 265 90
417 146 205 10 275 504 90
