c1_10_6

VEHICLE
NUMBER   CAPACITY
250     200

CUSTOMER
CUST NO. XCOORD.  YCOORD.  DEMAND  READY TIME DUE DATE  SERVICE TIME

0   250    250     0     0    1824     0
2 5 297 10 871 1101 90
356 71 333 10 197 456 90
945 132 294 20 439 536 90
919 77 350 10 961 1094 90
689 132 291 10 686 847 90
652 101 384 30 200 463 90
736 35 304 30 221 520 90
380 80 342 10 193 309 90
153 90 285 40 886 1136 90
317 100 387 10 398 549 90
407 3 292 20 299 562 90
225 136 288 10 947 1139 90
906 89 270 10 536 702 90
34 35 306 20 328 481 90
4 78 346 30 286 473 90
53 7 300 30 1049 1111 90
937 7 292 10 246 437 90
174 91 268 10 833 966 90
967 67 334 20 461 671 90
258 101 386 20 353 411 90
518 62 326 20 788 1094 90
934 0 293 30 583 645 90
958 97 385 30 464 670 90
680 88 287 30 860 977 90
986 85 288 20 328 386 90
813 100 266 20 150 380 90
533 137 290 10 149 272 90
586 89 272 10 428 625 90
89 72 344 20 559 754 90
818 79 291 10 487 601 90
744 30 301 10 632 753 90
505 94 383 10 541 781 90
472 69 334 30 302 460 90
61 30 302 10 534 669 90
46 128 291 10 614 732 90
541 86 268 10 663 762 90
62 8 300 10 1074 1268 90
411 90 296 20 166 214 90
393 69 336 20 383 563 90
181 6 292 10 247 496 90
18 73 346 10 643 856 90
577 139 291 10 118 287 90
811 95 277 20 1036 1142 90
720 0 297 10 615 801 90
516 97 387 10 736 957 90
97 74 350 10 848 1022 90
886 91 266 10 673 943 90
666 84 346 20 1066 1186 90
9 76 345 30 425 701 90
938 80 290 10 305 600 90
911 38 301 20 730 851 90
463 90 274 20 329 540 90
285 73 328 20 193 280 90
27 87 285 30 660 812 90
17 77 347 20 410 531 90
189 88 286 10 784 871 90
912 25 307 10 403 606 90
44 77 344 10 248 325 90
563 89 290 20 165 419 90
922 35 303 20 221 239 90
840 96 270 20 253 422 90
315 63 336 20 768 915 90
20 129 292 10 539 623 90
905 134 288 20 894 1007 90
474 67 335 20 604 709 90
910 80 286 10 563 714 90
946 134 285 20 1063 1210 90
138 132 290 10 753 962 90
823 101 385 20 251 331 90
249 135 293 30 322 467 90
116 102 264 10 148 195 90
142 95 384 30 642 863 90
102 1 293 10 393 652 90
126 2 295 30 726 875 90
105 75 347 10 704 978 90
265 6 296 10 748 1041 90
329 136 290 20 260 343 90
688 66 336 10 545 951 90
522 92 270 20 972 1011 90
