c1_10_6

VEHICLE
NUMBER   CAPACITY
250     200

CUSTOMER
CUST NO. XCOORD.  YCOORD.  DEMAND  READY TIME DUE DATE  SERVICE TIME

0   250    250     0     0    1824     0
753 458 130 20 1116 1233 90
587 488 96 10 845 1036 90
668 344 62 10 1179 1304 90
467 356 21 20 368 498 90
913 470 139 10 687 712 90
205 406 87 10 886 1049 90
292 408 84 10 749 810 90
319 343 49 10 574 786 90
932 441 65 10 355 538 90
957 485 95 10 281 424 90
229 361 14 10 709 715 90
716 389 11 20 656 820 90
802 462 14 20 846 1099 90
94 481 122 30 540 720 90
529 398 97 10 243 364 90
128 346 60 10 979 1134 90
835 489 17 10 724 865 90
665 379 82 10 716 995 90
989 399 104 10 736 993 90
507 464 134 20 1032 1123 90
832 440 63 20 813 1007 90
437 406 94 10 276 530 90
175 459 145 40 233 318 90
696 404 83 30 782 965 90
35 435 68 10 259 434 90
151 370 83 20 298 478 90
792 339 60 20 247 365 90
889 435 20 20 920 993 90
875 384 16 20 754 1098 90
270 440 61 30 984 1020 90
163 377 76 20 567 770 90
891 469 132 10 819 960 90
361 491 25 10 881 1087 90
858 491 20 20 856 921 90
447 483 27 20 1218 1412 90
164 474 96 30 271 437 90
693 389 17 10 979 1062 90
931 368 85 30 202 425 90
139 435 11 40 302 482 90
730 361 17 20 737 872 90
531 438 26 10 373 577 90
982 470 125 20 253 313 90
300 406 99 20 336 469 90
483 438 31 10 288 599 90
333 358 18 10 479 573 90
722 458 16 20 313 384 90
677 399 102 20 638 727 90
195 431 28 20 698 809 90
659 363 22 20 892 1097 90
631 356 23 20 305 376 90
111 479 127 20 415 474 90
323 476 94 20 274 613 90
825 439 67 10 263 455 90
921 398 103 30 769 777 90
700 435 16 10 767 958 90
780 391 99 20 206 334 90
892 465 136 30 966 1004 90
769 432 27 10 817 872 90
806 489 87 20 436 514 90
877 478 118 20 1018 1161 90
942 478 121 40 713 914 90
419 481 96 20 465 639 90
340 366 93 20 874 1050 90
146 435 62 30 1143 1231 90
710 493 91 30 485 655 90
26 379 80 20 704 823 90
539 472 132 10 723 869 90
691 347 62 10 1077 1219 90
432 483 22 10 379 639 90
88 366 20 10 716 1086 90
288 483 14 10 684 713 90
14 437 12 20 494 675 90
994 485 27 10 1223 1299 90
639 358 16 30 512 724 90
692 466 142 10 416 612 90
37 409 88 20 583 788 90
550 459 17 20 928 1204 90
76 356 24 20 249 317 90
608 488 26 30 1119 1216 90
754 437 15 30 586 954 90
961 492 95 30 713 980 90
479 406 96 20 225 396 90
370 446 63 20 626 821 90
430 464 13 20 862 898 90
955 440 7 20 483 495 90
622 478 102 10 712 766 90
843 479 121 10 635 810 90
137 370 82 40 351 608 90
525 428 25 20 1182 1244 90
885 477 122 10 849 962 90
93 397 18 10 506 587 90
582 407 98 10 218 320 90
145 343 47 20 677 866 90
470 397 20 20 338 572 90
182 398 20 20 273 457 90
165 346 57 20 800 1126 90
144 463 140 10 239 451 90
373 465 142 10 380 467 90
787 485 86 20 286 510 90
601 393 20 20 1025 1386 90
514 403 93 10 1114 1198 90
450 476 102 20 778 885 90
242 477 97 10 440 476 90
100 460 2 20 586 789 90
727 481 20 20 427 777 90
54 433 31 10 285 442 90
334 459 10 10 418 762 90
609 477 120 10 935 1060 90
607 434 26 10 538 600 90
173 367 83 30 255 336 90
917 399 106 20 904 1010 90
706 386 13 10 745 918 90
379 428 24 10 1095 1150 90
177 433 27 20 622 699 90
831 492 94 10 636 875 90
868 446 65 20 508 574 90
133 467 141 10 496 715 90
386 335 57 30 210 541 90
259 342 54 20 433 737 90
901 341 58 10 334 463 90
551 481 124 10 493 584 90
827 443 64 30 767 866 90
724 432 24 20 927 1130 90
171 437 61 10 1024 1165 90
965 404 103 20 459 535 90
204 409 90 20 569 617 90
645 439 15 20 633 724 90
414 461 8 20 668 900 90
232 394 23 20 1240 1358 90
762 391 18 10 1014 1211 90
58 489 101 20 922 1149 90
998 375 80 10 508 640 90
853 485 24 20 326 514 90
110 362 22 20 975 1195 90
179 478 99 10 561 732 90
718 459 14 20 391 419 90
318 494 94 10 478 848 90
746 407 88 10 966 1153 90
154 446 64 10 629 635 90
135 433 25 20 898 975 90
290 467 114 10 1135 1247 90
839 489 27 10 947 1206 90
384 481 26 30 321 586 90
203 393 12 10 629 660 90
719 411 95 30 410 585 90
42 357 26 20 1059 1304 90
909 340 54 10 396 589 90
791 429 27 20 1235 1376 90
707 472 129 10 327 369 90
326 460 13 20 371 623 90
803 347 54 10 776 964 90
108 398 23 10 270 521 90
874 343 62 10 1276 1388 90
184 433 15 20 297 391 90
740 400 103 10 441 741 90
