rc2_10_5

VEHICLE
NUMBER  CAPACITY
250   1000

CUSTOMER
CUST NO. XCOORD. YCOORD. DEMAND READY TIME DUE DATE SERVICE TIME

0  250  250   0   0  7284   0
847 115 465 10 991 1227 10
76 176 470 14 2087 2406 10
255 115 395 11 3254 3387 10
585 111 464 10 1066 1539 10
419 146 439 10 939 1254 10
740 112 465 10 1144 1369 10
308 135 400 20 1217 1291 10
539 140 431 30 604 1172 10
25 116 466 20 895 1233 10
666 141 426 23 1993 2378 10
917 112 467 10 1040 1287 10
996 147 435 20 943 1138 10
220 145 434 20 852 1131 10
825 132 479 11 731 1329 10
860 182 480 31 1450 1589 10
280 150 484 16 2350 2772 10
668 112 433 29 879 1122 10
815 132 477 25 1363 1375 10
357 133 455 25 3111 3472 10
138 163 472 9 2615 2733 10
746 134 428 20 1141 1444 10
465 111 467 20 1148 1268 10
466 138 438 20 1092 1326 10
867 141 431 30 785 1079 10
628 117 467 10 967 1069 10
229 110 459 30 1312 1589 10
276 90 477 18 852 1370 10
837 141 428 20 632 1038 10
920 166 440 12 761 900 10
752 109 463 30 1298 1491 10
839 144 439 30 1065 1224 10
61 105 474 27 1918 1968 10
328 111 463 20 1342 1351 10
197 111 459 20 1237 1753 10
913 130 494 6 2901 3289 10
