r1_10_9

VEHICLE
NUMBER  CAPACITY
250   200

CUSTOMER
CUST NO. XCOORD. YCOORD. DEMAND READY TIME DUE DATE SERVICE TIME

0  250  250   0   0  1925   0
328 235 316 2 642 699 10
373 149 341 6 377 461 10
853 172 314 9 535 585 10
18 144 331 13 915 977 10
630 222 331 10 518 592 10
800 206 172 29 781 825 10
607 217 333 26 398 454 10
185 178 150 33 621 673 10
792 131 246 17 828 866 10
302 178 302 19 858 945 10
770 180 283 23 734 784 10
788 148 208 22 527 556 10
449 171 188 30 585 687 10
386 149 214 7 452 542 10
290 153 192 13 860 902 10
758 133 202 33 448 503 10
281 206 174 14 765 864 10
254 176 200 17 544 621 10
