r1_10_2

VEHICLE
NUMBER   CAPACITY
250     200

CUSTOMER
CUST NO. XCOORD.  YCOORD.  DEMAND  READY TIME DUE DATE  SERVICE TIME

0   250    250     0     0    1925     0
455 213 283 14 0 1866 10
148 161 276 8 143 153 10
753 225 269 30 0 1884 10
15 164 320 12 1105 1115 10
932 187 263 35 64 74 10
461 215 282 21 1450 1460 10
549 175 352 12 0 1789 10
697 235 288 18 40 50 10
253 246 314 36 1455 1465 10
35 250 328 24 259 269 10
328 235 316 2 666 676 10
299 221 291 9 56 66 10
687 228 260 12 1616 1626 10
721 214 274 24 0 1872 10
630 222 331 10 550 560 10
844 221 269 14 1275 1285 10
664 162 301 16 1623 1633 10
117 201 278 13 56 66 10
489 195 273 22 59 69 10
770 180 283 23 754 764 10
898 218 271 16 1584 1594 10
527 244 277 18 1311 1321 10
239 230 320 8 1202 1212 10
26 210 276 5 47 57 10
371 179 318 2 1131 1141 10
834 217 357 23 1430 1440 10
411 179 286 8 351 361 10
282 174 347 3 1025 1035 10
704 247 306 33 56 66 10
264 167 291 27 1644 1654 10
775 228 287 21 43 53 10
182 216 341 19 664 674 10
893 226 316 21 70 80 10
651 169 305 21 172 182 10
607 217 333 26 421 431 10
915 159 299 12 1026 1036 10
873 214 311 14 70 80 10
517 162 306 22 129 139 10
532 190 267 36 0 1853 10
501 229 322 11 0 1840 10
302 178 302 19 897 907 10
235 215 293 13 55 65 10
762 171 303 18 0 1820 10
547 161 275 21 0 1823 10
853 172 314 9 555 565 10
718 172 292 17 0 1827 10
918 164 332 19 1290 1300 10
384 224 320 36 1294 1304 10
459 259 301 25 109 119 10
42 166 345 14 1140 1150 10
206 170 347 15 0 1790 10
423 146 313 22 0 1794 10
