rc1_10_10

VEHICLE
NUMBER   CAPACITY
250     200

CUSTOMER
CUST NO. XCOORD.  YCOORD.  DEMAND  READY TIME DUE DATE  SERVICE TIME

0   250    250     0     0    1821     0
156 79 80 19 1322 1472 10
816 24 65 10 305 455 10
800 93 96 20 219 369 10
294 94 40 24 1008 1158 10
559 21 70 15 711 861 10
339 58 39 12 1103 1253 10
151 87 3 13 1366 1516 10
418 24 68 20 354 504 10
394 64 5 14 1069 1219 10
687 18 24 32 568 718 10
306 91 101 10 238 388 10
422 18 63 10 297 447 10
174 71 12 2 297 447 10
28 80 117 24 764 914 10
574 57 43 15 963 1113 10
488 30 72 10 372 522 10
312 94 97 20 218 368 10
851 15 69 10 296 446 10
895 92 76 4 1079 1229 10
921 56 75 24 1378 1528 10
372 89 65 16 660 810 10
462 43 135 31 236 386 10
640 20 73 10 290 440 10
914 23 67 30 329 479 10
942 52 18 28 797 947 10
343 21 64 20 295 445 10
254 75 118 21 349 499 10
717 6 53 8 527 677 10
748 44 115 24 246 396 10
935 66 31 25 988 1138 10
137 97 93 20 219 369 10
788 87 96 30 224 374 10
525 88 95 20 224 374 10
99 38 15 3 1031 1181 10
506 60 5 18 984 1134 10
73 26 67 15 1257 1407 10
79 60 29 32 1303 1453 10
145 66 88 2 770 920 10
572 21 68 20 341 491 10
596 95 92 20 221 371 10
266 25 65 10 316 466 10
438 1 101 8 1197 1347 10
92 92 18 8 1064 1214 10
241 65 62 15 916 1066 10
204 17 65 20 297 447 10
526 95 64 4 706 856 10
943 16 68 20 296 446 10
342 96 97 20 217 367 10
410 30 7 23 1129 1279 10
881 15 68 10 297 447 10
