r2_10_1

VEHICLE
NUMBER  CAPACITY
250   1000

CUSTOMER
CUST NO. XCOORD. YCOORD. DEMAND READY TIME DUE DATE SERVICE TIME

0  250  250   0   0  7697   0
666 75 118 21 1629 1763 10
991 86 199 23 1114 1228 10
236 24 71 11 1394 1494 10
293 72 227 25 2258 2373 10
706 95 64 4 3083 3164 10
909 65 82 13 2966 3071 10
12 48 162 15 825 1033 10
51 6 53 8 2355 2460 10
84 128 113 22 1424 1597 10
80 177 156 25 639 818 10
611 89 185 16 2401 2517 10
628 68 53 16 2941 3088 10
446 233 87 18 966 1174 10
437 174 122 14 2376 2491 10
257 60 246 25 704 816 10
960 135 30 12 1883 2032 10
182 41 120 22 2791 2897 10
473 168 59 6 1482 1566 10
613 89 65 16 2863 3019 10
711 140 137 32 2276 2401 10
619 224 3 10 2774 2869 10
709 61 214 4 1309 1545 10
309 173 65 12 1768 1940 10
142 28 180 34 1551 1653 10
258 144 35 26 891 1027 10
778 74 215 10 871 1080 10
786 215 79 5 860 1048 10
748 10 237 19 2463 2588 10
697 9 101 16 2678 2771 10
433 66 163 6 1566 1718 10
275 178 150 33 2548 2625 10
609 187 61 19 2155 2325 10
375 48 150 15 2642 2718 10
701 158 24 18 2419 2590 10
16 3 23 11 1550 1702 10
43 87 213 18 2483 2642 10
345 14 232 18 1187 1374 10
826 132 151 22 516 716 10
784 150 68 23 1710 1793 10
104 98 2 14 2361 2493 10
239 103 177 28 2494 2637 10
225 83 169 21 3115 3218 10
925 114 102 21 2058 2121 10
120 38 190 23 1138 1261 10
795 171 188 30 2481 2604 10
62 34 169 11 1948 2048 10
295 130 140 17 783 889 10
777 71 12 2 1177 1286 10
831 235 13 27 1412 1578 10
30 39 162 18 2269 2373 10
970 109 56 27 905 1013 10
146 218 12 3 2204 2268 10
939 87 51 35 2052 2181 10
608 238 123 24 3144 3225 10
499 193 138 30 2639 2768 10
536 111 178 18 593 659 10
905 196 56 15 2398 2597 10
966 21 146 21 1941 2073 10
696 21 70 15 3065 3224 10
306 133 202 33 1827 1978 10
644 105 140 27 678 779 10
180 105 137 32 1799 1940 10
953 86 189 21 906 1028 10
204 173 182 25 383 438 10
765 44 115 24 944 1027 10
22 143 158 12 562 659 10
986 180 162 9 653 855 10
932 7 82 25 1643 1770 10
601 120 17 30 1117 1235 10
640 43 210 20 805 881 10
325 198 85 28 1032 1189 10
866 9 233 31 1227 1343 10
674 31 175 24 1021 1071 10
41 168 109 10 810 944 10
114 179 75 13 2982 3057 10
328 200 27 22 2109 2209 10
193 236 126 23 400 598 10
141 232 101 24 1405 1483 10
526 210 133 15 2767 2862 10
376 225 121 18 2924 3063 10
588 62 236 29 2238 2345 10
253 239 15 2 2416 2534 10
654 41 232 16 846 917 10
133 103 123 8 1966 2072 10
117 108 37 23 2192 2323 10
754 47 208 30 924 1007 10
368 134 211 35 458 626 10
672 187 73 18 1154 1303 10
899 130 186 16 513 656 10
648 210 81 2 1566 1746 10
824 178 72 23 3035 3139 10
385 148 208 22 2095 2237 10
985 241 38 16 2127 2246 10
238 100 85 14 1422 1506 10
310 245 42 24 2203 2295 10
558 16 68 11 1105 1267 10
339 206 97 33 1785 1920 10
915 43 135 31 882 1013 10
934 158 179 37 373 557 10
174 18 225 8 2757 2893 10
781 186 135 24 2849 3012 10
987 253 118 19 2191 2307 10
570 120 37 28 3087 3236 10
737 18 24 32 2551 2596 10
521 210 113 28 2778 2864 10
455 250 57 26 2995 3110 10
663 125 61 26 2460 2554 10
108 34 239 16 896 975 10
491 253 50 27 921 1005 10
466 32 191 5 2344 2465 10
851 142 80 12 1980 2076 10
