c1_10_8

VEHICLE
NUMBER  CAPACITY
250   200

CUSTOMER
CUST NO. XCOORD. YCOORD. DEMAND READY TIME DUE DATE SERVICE TIME

0  250  250   0   0  1824   0
387 26 490 10 1159 1406 90
579 110 459 30 973 1192 90
237 58 449 30 917 1119 90
349 59 457 30 706 952 90
865 56 434 20 797 1023 90
812 16 460 20 1001 1290 90
690 18 462 20 936 1170 90
669 20 489 10 757 999 90
713 60 428 20 976 1220 90
422 111 464 10 672 940 90
731 8 497 40 834 1132 90
275 52 432 20 689 942 90
845 17 458 10 1110 1422 90
944 111 463 20 797 997 90
408 16 462 10 843 1079 90
436 24 492 10 1197 1356 90
887 16 463 20 776 964 90
185 64 426 10 1058 1326 90
375 16 497 20 979 1183 90
701 25 499 10 1048 1312 90
176 63 444 20 1014 1216 90
614 17 459 10 1112 1363 90
401 109 463 30 861 1117 90
178 60 454 10 829 1016 90
538 111 459 20 1066 1282 90
75 57 432 10 889 1116 90
