rc2_10_8

VEHICLE
NUMBER   CAPACITY
250     1000

CUSTOMER
CUST NO. XCOORD.  YCOORD.  DEMAND  READY TIME DUE DATE  SERVICE TIME

0   250    250     0     0    7284     0
156 79 80 19 5480 5697 10
319 80 251 14 1044 1504 10
193 60 231 32 4015 4313 10
356 128 113 22 1174 1847 10
993 3 292 20 857 1307 10
816 24 65 10 1175 1867 10
800 93 96 20 600 1324 10
294 94 40 24 4086 4578 10
559 21 70 15 2975 3314 10
945 92 236 20 799 1382 10
879 53 204 8 3938 4622 10
930 86 268 10 809 1049 10
339 58 39 12 4449 4975 10
919 61 214 4 1162 1691 10
80 34 169 11 1860 2136 10
742 93 235 10 825 1265 10
424 91 268 10 742 1335 10
832 46 163 8 3528 4000 10
805 88 287 30 1049 1178 10
988 34 239 16 684 1188 10
696 52 303 25 1396 2254 10
151 87 3 13 5524 6061 10
418 24 68 20 1352 2084 10
369 40 304 16 4308 4970 10
684 90 232 10 617 1196 10
75 30 302 10 937 1315 10
613 90 274 20 455 1099 10
163 64 294 12 4221 4708 10
995 18 225 8 2595 3056 10
47 41 232 16 583 1180 10
394 64 5 14 4346 4805 10
305 111 178 18 420 832 10
497 72 227 25 1964 2666 10
307 25 307 10 790 1326 10
313 30 155 9 4919 5444 10
937 35 304 30 843 1016 10
687 18 24 32 2085 3062 10
728 0 297 10 996 1467 10
286 91 235 10 846 1427 10
306 91 101 10 1177 1328 10
422 18 63 10 1380 1452 10
174 71 12 2 930 1533 10
433 33 278 18 5803 6215 10
160 38 301 20 915 1569 10
923 80 286 10 706 1205 10
28 80 117 24 2984 3730 10
43 111 192 11 4637 5079 10
574 57 43 15 3941 4367 10
488 30 72 10 1386 2187 10
40 80 290 10 632 1067 10
575 1 293 10 874 1388 10
535 8 300 10 1236 1730 10
907 19 273 25 3714 4539 10
312 94 97 20 794 1039 10
510 21 146 21 1837 2178 10
851 15 69 10 855 1598 10
898 109 56 27 670 1249 10
842 5 281 16 5408 5684 10
30 83 300 26 1807 2311 10
895 92 76 4 4375 4857 10
355 95 234 10 533 893 10
964 100 66 15 5435 5883 10
921 56 75 24 5732 5890 10
372 89 65 16 2686 3196 10
462 43 135 31 572 1322 10
45 88 286 10 910 1230 10
818 133 273 20 276 677 10
857 24 259 19 1123 1957 10
623 51 286 14 5760 6032 10
640 20 73 10 924 1397 10
914 23 67 30 1308 1925 10
942 52 18 28 3071 3904 10
19 7 300 30 1173 1705 10
970 13 214 21 5296 5652 10
343 21 64 20 1205 1733 10
254 75 118 21 1481 1912 10
505 71 282 29 2298 2955 10
615 35 306 20 777 1179 10
425 103 177 28 2298 2833 10
221 33 286 11 5966 6522 10
7 133 202 33 1767 2038 10
14 102 264 10 330 859 10
555 102 6 3 5621 6166 10
902 16 287 12 988 1299 10
243 0 293 30 955 1395 10
979 131 246 17 3092 3685 10
717 6 53 8 2191 2624 10
748 44 115 24 773 1198 10
469 35 303 20 580 1191 10
449 85 288 20 542 1034 10
304 100 266 20 250 1041 10
935 66 31 25 4094 4413 10
18 92 233 10 644 1267 10
536 105 181 19 5849 6520 10
811 7 292 10 709 1263 10
513 44 311 27 1496 1884 10
421 6 292 10 869 1191 10
367 89 290 20 435 1026 10
955 153 235 10 98 747 10
627 92 230 20 368 1261 10
137 97 93 20 692 1351 10
788 87 96 30 951 1424 10
382 6 296 10 1057 1621 10
97 5 297 10 1112 1658 10
525 88 95 20 878 1405 10
99 38 15 3 4294 4554 10
506 60 5 18 3874 4595 10
772 89 185 16 2194 2724 10
73 26 67 15 5057 5598 10
737 95 277 20 966 1350 10
79 60 29 32 5183 5838 10
145 66 88 2 3139 3619 10
77 96 270 20 341 1077 10
508 134 211 35 352 731 10
572 21 68 20 1558 1773 10
596 95 92 20 874 1268 10
266 25 65 10 1260 1870 10
438 1 101 8 4830 5348 10
799 146 188 6 4547 5452 10
100 2 295 30 919 1647 10
614 39 162 18 1950 2692 10
562 120 261 5 2896 3571 10
92 92 18 8 4351 4762 10
177 7 194 29 3550 4180 10
786 47 208 30 687 1244 10
27 130 140 17 606 1066 10
189 149 214 7 1619 2357 10
635 89 272 10 621 1032 10
302 157 269 31 6047 6683 10
900 92 232 10 532 1001 10
241 65 62 15 3805 4127 10
845 90 296 20 405 927 10
882 56 268 28 4183 4449 10
64 92 259 4 1296 2019 10
204 17 65 20 1152 1583 10
645 30 301 10 945 1395 10
887 91 231 30 609 1113 10
127 0 188 26 3722 3854 10
566 68 160 21 4342 4864 10
199 148 208 22 1880 2452 10
526 95 64 4 2829 3418 10
414 87 285 30 811 1237 10
823 92 270 20 937 1238 10
50 86 199 23 924 1419 10
943 16 68 20 981 1648 10
694 31 175 24 815 1278 10
116 94 235 20 549 784 10
395 95 235 10 475 770 10
511 37 281 17 1745 2320 10
203 91 266 10 762 1219 10
496 13 314 14 967 1103 10
342 96 97 20 649 1087 10
817 130 247 17 273 687 10
410 30 7 23 4709 4919 10
569 32 319 21 1251 2073 10
618 79 291 10 697 1094 10
86 97 288 22 4962 5430 10
408 92 234 10 762 1237 10
803 90 285 40 999 1330 10
134 89 270 10 585 1164 10
688 57 183 15 4276 4647 10
881 15 68 10 1123 1418 10
