c2_10_3

VEHICLE
NUMBER  CAPACITY
250   700

CUSTOMER
CUST NO. XCOORD. YCOORD. DEMAND READY TIME DUE DATE SERVICE TIME

0  250  250   0   0  3914   0
261 184 340 10 2768 2928 90
80 216 380 20 2300 2460 90
755 198 334 20 2203 2363 90
237 173 328 10 2481 2641 90
341 189 339 50 2863 3023 90
15 252 347 10 2911 3071 90
962 233 346 20 2711 2871 90
731 241 391 30 2985 3145 90
312 232 378 20 2194 2354 90
676 260 330 40 3203 3363 90
202 216 316 20 2319 2479 90
948 189 338 10 2954 3114 90
775 244 371 20 2310 2470 90
245 255 371 40 2209 2369 90
157 251 376 10 3186 3346 90
31 220 394 10 2783 2943 90
671 206 295 10 2809 2969 90
118 220 384 10 2683 2843 90
239 200 327 30 3150 3310 90
600 254 335 10 3013 3173 90
577 253 382 10 3090 3250 90
919 176 358 10 2075 2235 90
256 153 295 20 3382 3542 90
114 169 360 20 2172 2332 90
959 207 289 20 2997 3157 90
751 170 338 20 2284 2444 90
335 229 396 30 2882 3042 90
668 206 313 20 2091 2251 90
958 241 362 10 2410 2570 90
764 250 367 20 2113 2273 90
807 234 350 10 2617 2777 90
