c2_10_10

VEHICLE
NUMBER  CAPACITY
250   700

CUSTOMER
CUST NO. XCOORD. YCOORD. DEMAND READY TIME DUE DATE SERVICE TIME

0  250  250   0   0  3914   0
115 222 381 20 2229 3109 90
851 300 443 10 1636 2516 90
300 180 335 20 2221 3101 90
919 176 358 10 1715 2595 90
209 135 460 10 1425 2305 90
47 229 364 10 2152 3032 90
775 244 371 20 1950 2830 90
114 169 360 20 1812 2692 90
15 252 347 10 2551 3431 90
208 337 453 30 2625 3505 90
312 232 378 20 1834 2714 90
31 220 394 10 2423 3303 90
326 293 454 20 2251 3131 90
146 241 375 10 1638 2518 90
998 298 456 30 1972 2852 90
973 206 312 40 1640 2520 90
120 349 476 10 2123 3003 90
149 257 336 10 2746 3626 90
887 345 468 10 2317 3197 90
969 314 436 10 1741 2621 90
574 151 436 10 2026 2906 90
200 294 455 30 2066 2946 90
332 206 326 30 2857 3737 90
374 258 350 20 1462 2342 90
127 147 435 10 1751 2631 90
840 351 480 30 1350 2230 90
489 347 479 10 2029 2909 90
653 302 470 20 1867 2747 90
35 216 307 20 2156 3036 90
222 168 433 20 2744 3624 90
865 204 291 20 2543 3423 90
780 155 447 20 2312 3192 90
676 260 330 40 2843 3723 90
371 149 434 30 1843 2723 90
239 200 327 30 2790 3670 90
884 216 300 30 2253 3133 90
847 292 456 20 2158 3038 90
596 187 362 20 1426 2306 90
261 184 340 10 2408 3288 90
671 206 295 10 2449 3329 90
80 216 380 20 1940 2820 90
959 207 289 20 2637 3517 90
584 234 383 10 1739 2619 90
585 199 327 10 2699 3579 90
386 166 434 40 2605 3485 90
42 292 445 10 1356 2236 90
182 242 350 10 2451 3331 90
348 239 373 10 1545 2425 90
549 346 487 10 1448 2328 90
20 259 355 20 1557 2437 90
157 251 376 10 2818 3698 90
731 241 391 30 2625 3505 90
834 289 452 20 2438 3318 90
264 357 445 20 2722 3602 90
904 149 444 20 2215 3095 90
61 236 361 30 1353 2233 90
782 297 442 20 1452 2332 90
764 250 367 20 1753 2633 90
765 157 436 20 2413 3293 90
781 211 308 30 1543 2423 90
979 247 447 10 2747 3627 90
403 261 350 10 1369 2249 90
341 189 339 50 2503 3383 90
353 340 449 10 2720 3600 90
755 198 334 20 1843 2723 90
711 151 442 20 2122 3002 90
245 255 371 40 1849 2729 90
628 184 354 30 1616 2496 90
361 332 486 20 1552 2432 90
202 216 316 20 1959 2839 90
845 233 441 20 2753 3633 90
118 220 384 10 2323 3203 90
728 222 317 30 2055 2935 90
797 188 356 20 1522 2402 90
816 183 340 10 2317 3197 90
354 275 448 10 2542 3422 90
962 233 346 20 2351 3231 90
519 239 369 30 1451 2331 90
388 156 421 30 2749 3629 90
521 254 357 20 1652 2532 90
807 234 350 10 2257 3137 90
43 329 471 30 2423 3303 90
614 299 442 10 1544 2424 90
456 344 478 20 1936 2816 90
577 253 382 10 2730 3610 90
672 329 459 10 2525 3405 90
335 229 396 30 2522 3402 90
958 241 362 10 2050 2930 90
648 209 307 10 1451 2331 90
99 220 379 10 2034 2914 90
888 150 435 20 1935 2815 90
687 267 436 30 2647 3527 90
882 218 298 30 2346 3226 90
301 327 483 20 1738 2618 90
310 214 382 30 2131 3011 90
692 291 450 10 2345 3225 90
558 336 479 20 1838 2718 90
600 254 335 10 2653 3533 90
194 201 307 10 1353 2233 90
177 172 435 30 2701 3581 90
433 160 431 30 2742 3622 90
366 348 466 20 2223 3103 90
175 331 486 10 1643 2523 90
668 206 313 20 1731 2611 90
299 156 434 10 2505 3385 90
948 189 338 10 2594 3474 90
