rc1_10_9

VEHICLE
NUMBER  CAPACITY
250   200

CUSTOMER
CUST NO. XCOORD. YCOORD. DEMAND READY TIME DUE DATE SERVICE TIME

0  250  250   0   0  1821   0
338 360 294 9 1373 1493 10
711 352 241 5 747 867 10
296 297 283 28 1304 1424 10
527 306 229 10 1275 1395 10
237 331 356 13 667 787 10
597 368 311 14 881 1001 10
541 359 246 18 1378 1498 10
269 307 249 10 1332 1452 10
284 330 281 14 1285 1405 10
738 360 284 19 622 742 10
722 371 315 18 1121 1241 10
202 346 354 8 772 892 10
222 370 262 15 1054 1174 10
384 295 247 12 1258 1378 10
494 366 288 29 639 759 10
224 330 308 24 1125 1245 10
178 322 290 23 1434 1554 10
834 284 319 17 772 892 10
863 381 328 12 672 792 10
214 286 244 31 1239 1359 10
430 374 306 4 949 1069 10
67 299 285 3 1209 1329 10
398 348 348 23 890 1010 10
