c2_10_9

VEHICLE
NUMBER   CAPACITY
250     700

CUSTOMER
CUST NO. XCOORD.  YCOORD.  DEMAND  READY TIME DUE DATE  SERVICE TIME

0   250    250     0     0    3914     0
455 341 37 20 231 1483 90
773 244 94 20 1767 1983 90
465 345 15 20 1276 1849 90
12 225 125 20 127 697 90
205 383 18 20 1618 1828 90
216 223 90 30 2382 3351 90
319 378 46 30 2322 3584 90
932 294 64 10 191 1579 90
957 425 99 20 231 935 90
451 336 7 10 1573 1755 90
578 247 89 20 1862 2328 90
404 389 33 20 2157 3567 90
294 390 9 30 1113 1573 90
490 367 59 10 1945 3601 90
759 366 57 20 2957 3355 90
454 310 81 30 2692 3161 90
785 438 60 30 2095 2424 90
849 392 31 20 2515 3425 90
345 420 95 30 230 706 90
920 229 78 20 1765 3388 90
989 415 73 20 1339 1811 90
468 449 140 20 264 1356 90
837 243 88 20 1509 2112 90
471 446 139 20 312 1123 90
327 231 97 20 2487 3448 90
864 385 28 10 1609 3123 90
380 232 85 10 1993 2784 90
437 259 90 30 491 943 90
988 426 85 10 263 1152 90
8 216 117 10 311 707 90
268 236 95 30 1666 2728 90
5 435 77 20 1065 1100 90
369 416 48 10 1545 2376 90
416 362 17 10 1536 2391 90
499 347 40 30 231 1334 90
663 232 87 30 932 2236 90
936 211 97 20 526 1258 90
124 343 27 20 1008 1545 90
283 243 108 20 2818 3463 90
457 406 37 40 264 1378 90
924 238 83 20 1082 2165 90
52 368 17 20 1905 2297 90
771 247 82 30 1368 2448 90
641 212 96 10 476 1492 90
715 386 28 20 1573 3564 90
588 432 105 10 3469 3590 90
863 393 2 30 424 1693 90
1 212 101 30 2528 2955 90
164 352 38 10 235 1588 90
752 245 109 20 2964 3374 90
488 235 81 20 987 2072 90
210 260 104 20 146 1186 90
518 408 20 30 279 1422 90
575 263 91 20 159 805 90
693 387 21 10 1197 2058 90
770 383 41 20 2116 3415 90
72 414 62 10 1392 2140 90
172 228 124 20 127 408 90
953 429 80 20 659 1132 90
531 312 64 20 274 1049 90
331 382 17 20 1336 2293 90
140 219 89 20 2368 3177 90
510 390 17 30 1406 1659 90
534 351 75 10 2079 2389 90
678 356 28 20 354 1807 90
898 323 60 10 827 1872 90
32 436 54 20 1547 2595 90
477 374 55 30 2453 3290 90
355 447 88 20 2828 3258 90
592 430 86 20 2217 3476 90
107 420 20 30 286 1620 90
323 356 77 20 2189 2469 90
219 261 84 10 731 897 90
761 226 86 10 2291 3059 90
700 366 16 20 1823 2292 90
576 401 15 20 363 1168 90
818 475 136 20 739 1479 90
999 208 101 10 154 1436 90
91 236 96 20 1423 1945 90
343 241 77 30 904 1706 90
254 329 48 10 1432 1839 90
201 351 33 20 386 1216 90
546 344 46 30 1277 2203 90
143 301 67 40 399 721 90
63 301 53 20 925 1172 90
621 390 42 20 2126 3210 90
309 255 120 10 130 1078 90
392 443 70 20 2121 2968 90
88 290 75 20 179 998 90
555 210 98 10 256 1345 90
427 329 56 20 1095 1980 90
749 334 47 20 219 1207 90
871 448 94 20 2970 3498 90
211 337 63 30 1827 2424 90
701 348 16 30 1497 2223 90
779 316 80 30 2254 3209 90
894 346 13 20 1245 2288 90
370 370 55 10 2911 3021 90
409 363 55 10 2968 3157 90
147 428 64 20 910 1651 90
515 375 31 20 1466 3064 90
704 319 77 30 2601 2675 90
935 405 24 10 274 904 90
13 448 103 30 2474 3578 90
453 210 94 20 831 1323 90
720 211 107 10 163 1059 90
284 224 93 20 2095 2447 90
351 325 75 30 2004 2896 90
843 253 81 10 529 1682 90
516 426 80 20 244 1637 90
732 256 117 20 2825 3669 90
435 335 64 10 1316 2751 90
788 236 92 10 2034 2546 90
699 447 102 10 2590 3578 90
650 405 47 10 255 1038 90
712 223 114 20 138 1246 90
885 438 72 10 765 1592 90
247 216 93 10 2191 2914 90
815 417 56 20 1172 2553 90
772 457 142 20 233 1632 90
188 204 90 20 429 1918 90
77 332 55 30 211 1699 90
244 373 22 10 1931 2853 90
165 395 1 30 628 1305 90
908 468 135 10 695 1328 90
266 231 81 30 1975 2990 90
438 265 77 20 830 994 90
450 425 85 10 240 1237 90
598 405 5 20 608 1123 90
774 441 63 20 1632 3076 90
727 396 4 10 1055 1251 90
738 317 62 20 255 1260 90
617 312 74 20 2355 3304 90
607 393 13 20 745 2130 90
846 311 47 10 712 1589 90
917 221 87 20 1182 1784 90
562 247 88 30 1411 2596 90
706 384 24 10 2011 3351 90
70 353 32 10 657 1313 90
240 241 98 20 2842 3293 90
831 215 91 30 1699 3042 90
190 446 86 10 2690 3569 90
876 341 26 10 880 1857 90
287 221 102 20 2914 2963 90
926 218 98 30 1435 2729 90
295 335 52 20 1218 2465 90
381 391 23 10 2200 3356 90
912 397 27 20 1861 3075 90
274 230 95 20 1618 2340 90
365 335 54 30 1505 2361 90
661 440 81 20 2277 3212 90
1000 342 52 10 218 613 90
44 326 57 20 983 1904 90
11 365 18 20 1588 2999 90
302 363 62 20 2384 3605 90
922 293 67 20 187 1432 90
233 432 80 40 454 1523 90
896 315 57 20 863 1639 90
259 378 25 10 1822 3155 90
131 450 72 10 1990 3293 90
530 425 87 20 239 971 90
861 308 55 30 382 1520 90
910 361 15 20 1810 2587 90
965 216 92 20 1884 3039 90
204 238 57 30 1148 1684 90
545 226 120 30 132 1157 90
899 308 82 30 2605 3433 90
297 397 40 40 2099 3042 90
223 394 10 40 481 2016 90
58 259 76 10 513 1502 90
655 381 20 20 1433 2382 90
415 259 88 20 296 955 90
547 238 84 10 1481 1947 90
853 427 64 30 1154 1589 90
757 425 118 10 219 342 90
395 322 78 20 2054 3034 90
814 213 76 20 996 1763 90
883 432 87 10 2402 3475 90
224 308 60 20 198 1651 90
918 347 23 30 1108 1252 90
685 347 21 20 956 1977 90
808 215 108 20 2068 3612 90
203 261 96 40 154 1370 90
496 374 17 10 1532 2479 90
869 245 96 20 1321 2245 90
726 420 78 20 1053 1903 90
838 250 72 20 967 1444 90
909 351 31 20 584 1202 90
265 212 71 20 882 1686 90
443 395 30 20 2579 3174 90
406 265 94 10 156 610 90
408 293 81 10 174 930 90
803 230 105 10 2692 3384 90
984 224 96 40 1980 2376 90
681 437 61 20 1523 2814 90
952 366 34 10 1649 2683 90
789 414 66 30 1368 1976 90
688 216 96 10 2400 2892 90
990 440 70 10 1525 3378 90
