c1_10_8

VEHICLE
NUMBER  CAPACITY
250   200

CUSTOMER
CUST NO. XCOORD. YCOORD. DEMAND READY TIME DUE DATE SERVICE TIME

0  250  250   0   0  1824   0
232 394 23 20 1184 1414 90
290 467 114 10 1093 1288 90
839 489 27 10 1001 1152 90
514 403 93 10 1050 1261 90
447 483 27 20 1113 1412 90
525 428 25 20 1106 1321 90
608 488 26 30 1056 1280 90
507 464 134 20 946 1209 90
171 437 61 10 954 1235 90
994 485 27 10 1137 1385 90
550 459 17 20 929 1203 90
877 478 118 20 984 1194 90
746 407 88 10 943 1176 90
601 393 20 20 1059 1352 90
791 429 27 20 1179 1431 90
146 435 62 30 1086 1289 90
753 458 130 20 1059 1290 90
762 391 18 10 993 1233 90
379 428 24 10 998 1247 90
