c2_10_7

VEHICLE
NUMBER  CAPACITY
250   700

CUSTOMER
CUST NO. XCOORD. YCOORD. DEMAND READY TIME DUE DATE SERVICE TIME

0  250  250   0   0  3914   0
121 63 159 20 1051 1126 90
963 78 141 30 364 600 90
550 95 160 10 179 419 90
985 59 128 20 1390 1762 90
992 57 132 10 1240 1543 90
275 57 131 10 1165 1800 90
914 77 133 10 388 1189 90
17 67 153 20 653 1330 90
605 71 139 30 338 1437 90
721 43 125 30 1387 1979 90
484 53 139 30 1093 1494 90
422 83 151 10 194 1265 90
281 94 130 10 651 712 90
480 59 159 10 789 1577 90
449 96 152 20 182 789 90
313 80 141 30 356 792 90
