rc2_10_3

VEHICLE
NUMBER  CAPACITY
250   1000

CUSTOMER
CUST NO. XCOORD. YCOORD. DEMAND READY TIME DUE DATE SERVICE TIME

0  250  250   0   0  7284   0
211 411 421 20 1260 1380 10
598 479 387 13 1590 1710 10
179 410 399 25 935 1055 10
702 421 415 30 941 1061 10
55 417 417 10 1328 1448 10
332 420 383 27 3928 4048 10
459 370 382 11 3535 3655 10
724 413 391 8 868 988 10
512 416 417 20 1372 1492 10
936 425 448 9 3178 3298 10
897 418 399 20 1751 1871 10
194 448 404 15 2396 2516 10
840 470 417 11 2947 3067 10
498 377 385 6 3465 3585 10
250 434 359 13 5569 5689 10
828 419 422 20 1105 1225 10
