c1_10_7

VEHICLE
NUMBER  CAPACITY
250   200

CUSTOMER
CUST NO. XCOORD. YCOORD. DEMAND READY TIME DUE DATE SERVICE TIME

0  250  250   0   0  1824   0
733 421 218 10 819 999 90
396 423 217 20 727 907 90
392 442 243 10 934 1114 90
751 313 282 20 728 908 90
554 468 295 10 871 1051 90
657 443 272 10 755 935 90
673 390 325 30 816 996 90
770 439 305 30 677 857 90
41 371 200 10 789 969 90
85 470 290 10 775 955 90
29 440 247 20 658 838 90
239 423 294 10 736 916 90
21 337 257 20 744 924 90
598 405 276 20 719 899 90
687 391 293 20 711 891 90
873 315 265 10 718 898 90
576 312 267 10 812 992 90
735 388 325 10 908 1088 90
220 421 294 10 828 1008 90
325 398 325 30 718 898 90
55 420 295 20 920 1100 90
273 402 281 20 815 995 90
330 439 268 10 943 1123 90
263 360 184 10 786 966 90
207 358 183 20 879 1059 90
276 378 199 10 692 872 90
768 445 273 20 663 843 90
676 312 270 30 905 1085 90
646 359 182 20 694 874 90
617 390 294 20 802 982 90
583 335 256 10 836 1016 90
717 401 281 20 906 1086 90
863 441 273 20 847 1027 90
15 418 218 20 912 1092 90
101 441 244 10 842 1022 90
233 466 295 20 963 1143 90
423 468 291 30 683 863 90
757 440 244 10 751 931 90
