r1_10_6

VEHICLE
NUMBER  CAPACITY
250   200

CUSTOMER
CUST NO. XCOORD. YCOORD. DEMAND READY TIME DUE DATE SERVICE TIME

0  250  250   0   0  1925   0
67 440 201 29 893 923 10
322 389 255 15 785 815 10
100 492 188 33 715 745 10
713 333 293 27 617 647 10
676 441 177 23 1001 1031 10
60 352 241 5 792 822 10
728 368 311 14 926 956 10
833 401 314 25 976 1006 10
119 426 231 24 1028 1058 10
787 363 225 35 856 886 10
771 394 322 12 1025 1055 10
509 440 284 25 852 882 10
202 343 205 26 767 797 10
745 415 207 18 900 930 10
611 385 239 21 786 816 10
678 463 253 23 1047 1077 10
93 366 288 29 684 714 10
756 461 182 13 629 659 10
827 386 225 13 919 949 10
565 374 306 4 994 1024 10
524 399 175 13 747 777 10
104 370 262 15 1099 1129 10
204 385 285 13 868 898 10
621 325 210 15 933 963 10
399 481 207 34 856 886 10
734 475 267 7 780 810 10
510 417 212 12 910 940 10
826 439 222 22 980 1010 10
812 450 194 27 625 655 10
554 457 280 17 1000 1030 10
343 440 292 24 940 970 10
869 428 202 24 904 934 10
438 497 296 14 613 643 10
4 439 237 11 939 969 10
125 447 267 19 980 1010 10
186 428 302 27 1016 1046 10
72 424 288 13 1057 1087 10
43 440 294 16 960 990 10
196 487 320 21 858 888 10
355 398 341 33 939 969 10
922 497 266 25 748 778 10
