r1_10_6

VEHICLE
NUMBER  CAPACITY
250   200

CUSTOMER
CUST NO. XCOORD. YCOORD. DEMAND READY TIME DUE DATE SERVICE TIME

0  250  250   0   0  1925   0
986 357 290 24 114 144 10
223 342 319 36 115 145 10
188 453 318 30 374 404 10
116 386 245 16 479 509 10
988 495 199 25 337 367 10
540 340 291 22 470 500 10
928 365 274 14 117 147 10
536 460 328 13 224 254 10
198 490 276 33 241 271 10
991 452 206 31 492 522 10
924 420 224 10 429 459 10
872 451 305 13 208 238 10
89 356 256 19 106 136 10
736 489 274 31 534 564 10
622 366 334 5 410 440 10
575 447 184 27 424 454 10
849 398 329 17 167 197 10
54 423 221 9 258 288 10
679 435 180 37 225 255 10
250 442 289 25 195 225 10
463 374 232 33 125 155 10
127 371 332 14 530 560 10
590 415 253 21 367 397 10
372 344 203 14 167 197 10
714 436 295 11 528 558 10
70 390 249 21 582 612 10
725 484 224 7 300 330 10
21 343 276 15 96 126 10
209 398 210 31 153 183 10
732 447 272 12 384 414 10
