r2_10_2

VEHICLE
NUMBER  CAPACITY
250   1000

CUSTOMER
CUST NO. XCOORD. YCOORD. DEMAND READY TIME DUE DATE SERVICE TIME

0  250  250   0   0  7697   0
563 13 314 14 985 1086 10
640 43 210 20 0 7477 10
395 68 303 22 904 987 10
390 285 247 13 0 7652 10
671 179 318 2 0 7589 10
191 251 238 27 12 119 10
232 0 188 26 0 7430 10
414 146 188 6 0 7566 10
490 191 215 17 211 338 10
345 14 232 18 1187 1374 10
492 71 282 29 2583 2670 10
588 62 236 29 2238 2345 10
44 45 166 22 0 7466 10
120 38 190 23 1138 1261 10
611 89 185 16 2401 2517 10
668 80 251 14 1215 1334 10
709 61 214 4 1309 1545 10
736 55 318 13 1250 1365 10
59 159 226 16 314 439 10
43 87 213 18 0 7520 10
417 83 300 26 1987 2131 10
62 34 169 11 1948 2048 10
741 159 299 12 0 7584 10
782 176 199 28 0 7598 10
343 5 281 16 0 7441 10
807 228 287 21 97 248 10
805 213 185 21 0 7613 10
107 153 192 13 0 7574 10
368 134 211 35 458 626 10
548 221 291 9 184 305 10
752 222 331 10 2158 2279 10
698 71 304 19 2745 2888 10
30 39 162 18 2269 2373 10
482 83 290 14 2421 2560 10
56 40 278 10 0 7476 10
983 136 265 12 390 530 10
187 180 283 23 2963 3107 10
748 10 237 19 0 7447 10
170 250 328 24 0 7609 10
973 167 291 27 0 7595 10
307 235 316 2 2616 2751 10
283 149 214 7 0 7580 10
674 31 175 24 0 7456 10
754 47 208 30 924 1007 10
313 267 290 15 111 236 10
42 111 192 11 0 7537 10
76 153 244 5 460 523 10
951 219 215 32 116 259 10
811 44 311 27 1631 1749 10
387 16 287 12 0 7451 10
7 36 301 21 811 949 10
36 187 263 35 0 7623 10
953 86 189 21 906 1028 10
553 199 203 20 0 7618 10
606 223 178 20 0 7611 10
116 280 245 21 85 158 10
284 169 305 21 0 7590 10
626 69 266 12 2997 3190 10
835 37 281 17 1940 2125 10
239 103 177 28 2494 2637 10
142 28 180 34 1551 1653 10
992 91 326 4 0 7511 10
866 9 233 31 1227 1343 10
306 133 202 33 1827 1978 10
318 35 263 27 0 7472 10
77 176 200 17 2266 2394 10
113 231 167 15 246 435 10
277 5 224 19 0 7441 10
381 219 210 14 152 252 10
802 211 248 26 69 243 10
816 144 220 35 0 7577 10
72 215 293 13 128 315 10
433 66 163 6 1566 1718 10
778 74 215 10 0 7508 10
292 19 273 25 0 7455 10
996 32 319 21 1621 1703 10
235 162 306 22 494 580 10
257 60 246 25 704 816 10
806 172 292 17 370 485 10
583 214 311 14 225 341 10
556 100 266 5 0 7537 10
629 33 268 18 2751 2936 10
547 214 245 8 0 7651 10
984 247 306 33 182 266 10
397 134 276 15 0 7569 10
947 206 172 29 3131 3293 10
350 233 230 20 0 7661 10
471 131 246 17 3348 3429 10
649 87 311 7 0 7513 10
49 24 259 19 1490 1591 10
71 59 276 11 0 7495 10
39 161 276 8 476 711 10
364 226 316 21 234 328 10
899 130 186 16 513 656 10
986 180 162 9 653 855 10
317 120 261 5 3154 3312 10
108 34 239 16 896 975 10
946 201 278 13 170 282 10
139 235 288 18 83 244 10
654 41 232 16 0 7478 10
174 18 225 8 2757 2893 10
993 287 256 18 61 239 10
818 210 219 7 0 7637 10
503 247 219 17 0 7656 10
6 273 255 18 0 7664 10
323 217 333 26 0 7598 10
421 175 239 23 256 351 10
37 130 247 17 423 538 10
850 266 221 9 80 185 10
943 206 174 14 3201 3318 10
476 118 314 26 1315 1505 10
225 83 169 21 3115 3218 10
12 48 162 15 825 1033 10
293 72 227 25 2258 2373 10
702 164 320 12 0 7577 10
869 46 248 9 3237 3394 10
140 94 192 1 0 7521 10
466 32 191 5 2344 2465 10
689 33 286 11 0 7468 10
662 181 260 23 0 7618 10
131 172 314 9 0 7587 10
910 48 293 22 1120 1208 10
898 265 240 9 21 123 10
160 92 259 4 1585 1731 10
705 66 314 26 723 835 10
89 166 247 1 291 382 10
498 68 240 11 3176 3300 10
279 153 235 10 324 462 10
911 105 181 19 0 7527 10
20 179 286 8 1380 1469 10
931 2 264 40 2617 2739 10
938 77 172 23 0 7498 10
867 110 251 23 2007 2095 10
857 68 160 21 0 7484 10
536 111 178 18 593 659 10
991 86 199 23 1114 1228 10
934 158 179 37 373 557 10
795 171 188 30 2481 2604 10
740 84 255 13 1096 1280 10
602 1 252 5 1103 1218 10
349 195 273 22 156 320 10
469 133 273 20 419 535 10
316 210 276 5 138 243 10
204 173 182 25 383 438 10
385 148 208 22 0 7577 10
880 259 301 25 383 528 10
610 52 303 25 1750 1899 10
