c1_10_10

VEHICLE
NUMBER   CAPACITY
250     200

CUSTOMER
CUST NO. XCOORD.  YCOORD.  DEMAND  READY TIME DUE DATE  SERVICE TIME

0   250    250     0     0    1824     0
668 344 62 10 978 1505 90
12 270 49 30 746 1149 90
467 356 21 20 252 798 90
319 343 49 10 381 978 90
229 361 14 10 392 1032 90
697 290 46 20 636 1093 90
128 346 60 10 742 1371 90
632 267 44 20 451 891 90
369 287 43 10 356 808 90
792 339 60 20 209 685 90
730 361 17 20 577 1032 90
212 278 46 20 205 664 90
333 358 18 10 297 755 90
859 279 42 40 210 744 90
659 363 22 20 707 1282 90
631 356 23 20 250 712 90
63 275 45 20 206 824 90
691 347 62 10 977 1319 90
88 366 20 10 671 1131 90
639 358 16 30 397 839 90
76 356 24 20 249 694 90
366 269 46 20 553 974 90
421 285 44 10 258 722 90
145 343 47 20 526 1017 90
165 346 57 20 700 1226 90
929 268 52 10 876 1205 90
386 335 57 30 210 606 90
261 288 44 20 435 912 90
259 342 54 20 357 813 90
901 341 58 10 212 656 90
38 273 55 20 196 664 90
633 277 50 10 201 540 90
192 269 48 20 709 1003 90
110 362 22 20 937 1233 90
814 288 53 40 720 1203 90
42 357 26 20 936 1428 90
838 292 41 10 594 943 90
262 274 48 10 203 745 90
618 275 42 30 413 732 90
909 340 54 10 241 745 90
324 283 47 10 261 531 90
803 347 54 10 579 1161 90
874 343 62 10 873 1525 90
