c1_10_10

VEHICLE
NUMBER   CAPACITY
250     200

CUSTOMER
CUST NO. XCOORD.  YCOORD.  DEMAND  READY TIME DUE DATE  SERVICE TIME

0   250    250     0     0    1824     0
490 21 488 10 343 1049 90
690 18 462 20 837 1268 90
664 18 484 10 329 865 90
489 21 487 10 329 910 90
436 24 492 10 1053 1403 90
866 12 463 20 519 1033 90
970 15 457 20 313 832 90
711 12 451 20 311 705 90
49 21 485 30 348 679 90
701 25 499 10 911 1399 90
387 26 490 10 832 1406 90
79 22 483 30 325 703 90
731 8 497 40 701 1265 90
403 13 455 10 313 921 90
614 17 459 10 1006 1421 90
845 17 458 10 1024 1422 90
729 14 459 20 341 840 90
887 16 463 20 649 1090 90
16 20 488 10 627 948 90
413 13 459 20 407 957 90
669 20 489 10 630 1127 90
812 16 460 20 908 1383 90
408 16 462 10 721 1200 90
375 16 497 20 863 1298 90
