c1_10_10

VEHICLE
NUMBER   CAPACITY
250     200

CUSTOMER
CUST NO. XCOORD.  YCOORD.  DEMAND  READY TIME DUE DATE  SERVICE TIME

0   250    250     0     0    1824     0
268 319 468 10 228 728 90
118 325 466 40 483 905 90
28 374 489 20 269 799 90
574 322 468 20 403 798 90
210 323 471 30 234 780 90
636 384 491 20 676 1170 90
897 326 466 30 515 1054 90
527 382 498 10 433 855 90
973 378 493 30 274 759 90
6 322 465 10 226 743 90
747 380 489 20 928 1300 90
980 319 470 10 230 784 90
147 387 488 20 848 1186 90
202 328 466 30 560 1193 90
188 380 498 10 336 768 90
775 376 494 30 274 552 90
547 328 458 10 666 1284 90
245 381 495 20 466 1009 90
793 381 494 10 633 1024 90
