c1_10_10

VEHICLE
NUMBER   CAPACITY
250     200

CUSTOMER
CUST NO. XCOORD.  YCOORD.  DEMAND  READY TIME DUE DATE  SERVICE TIME

0   250    250     0     0    1824     0
452 22 38 20 721 1187 90
465 6 114 10 649 1016 90
196 8 116 20 673 1177 90
95 20 73 10 290 865 90
80 24 65 10 674 1206 90
209 38 72 30 276 722 90
502 0 120 30 281 862 90
500 13 51 10 921 1425 90
360 37 51 10 400 922 90
121 26 42 20 305 764 90
509 4 114 10 459 1021 90
641 48 78 20 763 1270 90
630 21 64 20 590 1104 90
672 49 76 20 674 1175 90
966 24 41 10 383 775 90
301 44 47 20 289 862 90
662 8 120 10 946 1455 90
557 15 68 10 297 823 90
709 43 71 40 294 812 90
372 48 72 30 423 1056 90
320 40 52 40 363 773 90
271 17 65 20 432 891 90
674 7 118 20 775 1259 90
834 15 69 10 296 586 90
871 8 118 20 844 1373 90
777 41 47 20 291 795 90
894 49 75 20 707 959 90
347 19 43 20 943 1424 90
536 26 45 30 303 704 90
448 22 40 30 813 1280 90
367 22 41 10 873 1401 90
264 23 67 30 986 1263 90
247 22 33 10 559 979 90
820 7 123 30 274 734 90
257 26 43 10 305 753 90
532 44 79 10 267 916 90
564 39 50 30 290 739 90
381 16 68 20 296 977 90
635 26 36 10 386 962 90
750 21 68 20 1020 1412 90
763 37 55 10 530 981 90
642 24 68 20 930 1444 90
236 25 65 10 799 1263 90
991 46 74 20 428 866 90
927 4 116 10 412 885 90
310 30 72 10 1023 1452 90
113 22 37 10 566 1161 90
83 20 48 10 942 1428 90
215 18 63 10 529 980 90
33 39 76 10 273 734 90
222 2 116 20 391 722 90
406 9 124 20 271 696 90
