r1_10_5

VEHICLE
NUMBER  CAPACITY
250   200

CUSTOMER
CUST NO. XCOORD. YCOORD. DEMAND READY TIME DUE DATE SERVICE TIME

0  250  250   0   0  1925   0
437 377 432 20 831 861 10
907 318 497 21 854 884 10
451 274 442 17 1066 1096 10
523 421 386 29 824 854 10
346 283 454 14 1265 1295 10
381 332 382 2 1010 1040 10
118 421 499 23 1345 1375 10
237 294 421 26 1575 1605 10
261 259 498 33 1075 1105 10
913 352 487 27 902 932 10
7 342 481 18 1440 1470 10
40 406 408 15 1456 1486 10
287 463 406 23 857 887 10
475 421 387 15 801 831 10
531 498 457 15 913 943 10
175 352 481 15 1285 1315 10
996 413 345 20 1218 1248 10
526 322 406 17 829 859 10
852 346 354 8 817 847 10
806 470 405 17 926 956 10
75 405 454 11 1303 1333 10
615 311 422 29 988 1018 10
466 313 493 20 1193 1223 10
445 268 351 7 1675 1705 10
750 452 484 26 1278 1308 10
5 377 385 6 866 896 10
998 380 350 15 866 896 10
310 366 390 23 1318 1348 10
730 485 428 22 1490 1520 10
578 411 396 23 920 950 10
469 397 477 13 1216 1246 10
146 425 448 9 794 824 10
682 373 418 6 1259 1289 10
480 413 493 26 1218 1248 10
217 440 436 18 892 922 10
342 493 493 20 856 886 10
626 270 337 20 1783 1813 10
772 348 348 23 935 965 10
272 278 450 29 1375 1405 10
420 471 427 8 816 846 10
671 257 391 22 1633 1663 10
912 448 397 33 866 896 10
705 396 417 13 810 840 10
6 449 428 25 1247 1277 10
19 387 394 8 1098 1128 10
522 274 403 17 887 917 10
421 460 424 11 1455 1485 10
594 448 414 23 1223 1253 10
233 498 456 27 1406 1436 10
662 336 493 20 1493 1523 10
850 239 486 3 1482 1512 10
391 355 485 10 1479 1509 10
44 370 382 11 884 914 10
649 411 379 25 1193 1223 10
789 466 362 15 1152 1182 10
85 348 476 19 1197 1227 10
828 434 359 13 1392 1422 10
951 392 491 10 1133 1163 10
450 284 457 17 1499 1529 10
266 487 446 9 1340 1370 10
355 398 341 33 939 969 10
174 413 476 34 1179 1209 10
12 260 472 33 1036 1066 10
722 420 383 27 982 1012 10
191 433 447 20 794 824 10
192 272 420 7 1386 1416 10
716 495 355 3 1243 1273 10
431 412 478 7 960 990 10
933 371 427 23 958 988 10
874 465 367 14 1027 1057 10
