r1_10_5

VEHICLE
NUMBER  CAPACITY
250   200

CUSTOMER
CUST NO. XCOORD. YCOORD. DEMAND READY TIME DUE DATE SERVICE TIME

0  250  250   0   0  1925   0
822 469 489 4 555 585 10
334 381 457 28 471 501 10
304 475 352 33 310 340 10
413 250 441 5 756 786 10
814 429 389 18 424 454 10
749 379 486 22 672 702 10
656 299 353 34 114 144 10
669 288 439 16 273 303 10
550 398 476 25 418 448 10
879 351 481 10 322 352 10
835 373 421 21 237 267 10
929 481 454 14 320 350 10
130 489 437 29 707 737 10
950 418 399 20 438 468 10
579 450 416 25 577 607 10
78 347 459 25 479 509 10
848 387 349 9 169 199 10
969 473 491 23 413 443 10
96 262 369 15 129 159 10
128 447 383 17 237 267 10
760 368 452 16 670 700 10
903 441 374 10 227 257 10
727 395 474 26 387 417 10
180 414 378 23 495 525 10
644 345 431 12 345 375 10
972 328 458 17 768 798 10
696 382 360 26 178 208 10
207 457 492 7 508 538 10
557 479 387 13 397 427 10
908 256 441 34 191 221 10
672 405 349 15 522 552 10
374 307 412 8 404 434 10
229 438 488 18 327 357 10
511 404 439 3 243 273 10
123 413 391 8 217 247 10
710 261 359 10 109 139 10
405 470 417 11 737 767 10
949 489 457 13 316 346 10
358 313 391 5 154 184 10
306 286 356 30 111 141 10
783 330 371 1 559 589 10
995 410 399 25 234 264 10
161 263 418 25 278 308 10
216 497 483 12 353 383 10
954 468 352 9 768 798 10
276 371 423 10 211 241 10
799 279 355 9 166 196 10
920 360 488 19 316 346 10
152 453 360 13 230 260 10
124 370 493 22 571 601 10
280 371 488 10 583 613 10
899 376 385 12 184 214 10
457 283 438 3 231 261 10
219 491 369 28 730 760 10
164 340 416 36 321 351 10
440 277 428 7 490 520 10
825 494 468 31 352 382 10
133 374 346 27 421 451 10
102 274 441 12 695 725 10
25 429 476 23 573 603 10
294 448 495 40 384 414 10
897 247 443 17 330 360 10
548 268 458 24 523 553 10
11 328 491 21 678 708 10
533 334 481 32 330 360 10
490 422 498 5 692 722 10
389 287 397 12 564 594 10
425 245 461 8 649 679 10
763 329 456 19 249 279 10
419 448 404 15 599 629 10
776 312 453 6 550 580 10
236 354 416 10 679 709 10
757 255 487 19 398 428 10
910 468 360 16 274 304 10
811 267 374 23 601 631 10
34 406 460 2 719 749 10
983 334 403 26 174 204 10
803 471 368 19 428 458 10
132 331 356 13 712 742 10
631 332 459 35 369 399 10
228 436 467 12 736 766 10
