r2_10_9

VEHICLE
NUMBER  CAPACITY
250   1000

CUSTOMER
CUST NO. XCOORD. YCOORD. DEMAND READY TIME DUE DATE SERVICE TIME

0  250  250   0   0  7697   0
323 217 333 26 1384 2025 10
251 273 300 30 55 481 10
946 201 278 13 198 253 10
880 259 301 25 195 716 10
350 233 230 20 26 422 10
36 187 263 35 64 470 10
548 221 291 9 58 430 10
662 181 260 23 69 503 10
583 214 311 14 70 549 10
547 214 245 8 36 754 10
807 228 287 21 43 471 10
984 247 306 33 56 778 10
313 267 290 15 43 458 10
802 211 248 26 39 414 10
752 222 331 10 1892 2545 10
72 215 293 13 55 792 10
349 195 273 22 62 414 10
316 210 276 5 82 300 10
170 250 328 24 843 1266 10
364 226 316 21 183 378 10
139 235 288 18 40 451 10
307 235 316 2 2538 2828 10
