r2_10_9

VEHICLE
NUMBER  CAPACITY
250   1000

CUSTOMER
CUST NO. XCOORD. YCOORD. DEMAND READY TIME DUE DATE SERVICE TIME

0  250  250   0   0  7697   0
393 137 377 23 364 995 10
983 136 265 12 357 563 10
235 162 306 22 338 735 10
476 118 314 26 1233 1587 10
284 169 305 21 645 769 10
187 180 283 23 2886 3183 10
132 170 347 15 1574 2032 10
131 172 314 9 2195 2289 10
20 179 286 8 1102 1747 10
678 142 372 18 455 848 10
244 149 341 6 1541 1811 10
124 146 376 8 743 1252 10
806 172 292 17 239 616 10
397 134 276 15 390 795 10
469 133 273 20 254 699 10
39 161 276 8 435 752 10
