rc1_10_5

VEHICLE
NUMBER  CAPACITY
250   200

CUSTOMER
CUST NO. XCOORD. YCOORD. DEMAND READY TIME DUE DATE SERVICE TIME

0  250  250   0   0  1821   0
89 415 223 20 279 361 10
426 367 178 20 155 235 10
731 417 218 10 284 303 10
599 479 169 20 288 360 10
405 364 173 30 166 225 10
683 434 245 10 341 372 10
875 477 179 20 237 320 10
588 359 182 20 197 252 10
375 436 264 20 186 257 10
764 450 265 10 200 267 10
123 439 243 20 302 355 10
573 441 244 10 274 311 10
401 443 237 20 196 211 10
323 418 221 10 277 335 10
52 375 191 30 164 200 10
707 444 269 20 197 300 10
68 378 199 10 205 239 10
363 374 232 33 125 166 10
522 425 215 10 183 305 10
517 359 179 20 142 213 10
629 413 217 20 166 244 10
690 442 243 10 284 324 10
143 371 193 20 133 157 10
245 484 174 10 254 305 10
316 355 180 30 138 167 10
672 435 180 37 229 250 10
806 379 196 20 177 241 10
74 358 183 20 213 284 10
954 371 200 10 210 268 10
548 435 267 20 305 371 10
428 443 246 20 215 274 10
883 360 184 10 207 265 10
215 436 237 20 186 218 10
560 440 244 10 238 325 10
756 484 171 10 281 335 10
971 440 247 20 220 317 10
515 444 242 10 194 268 10
298 417 217 30 186 222 10
602 376 195 10 160 231 10
351 476 174 30 308 370 10
958 421 218 10 244 295 10
300 412 214 10 165 198 10
233 423 214 20 182 281 10
713 442 247 10 223 289 10
888 479 176 20 240 285 10
155 439 266 10 189 232 10
483 445 273 20 234 312 10
778 409 155 19 185 207 10
162 371 192 30 134 162 10
188 439 268 10 287 339 10
591 484 177 20 245 322 10
777 435 268 10 309 345 10
486 495 227 20 339 378 10
26 441 265 40 191 269 10
38 391 202 14 148 187 10
514 361 181 20 169 256 10
492 443 272 10 227 343 10
874 423 217 20 227 287 10
725 415 216 10 168 235 10
360 376 190 30 139 211 10
927 352 176 20 126 182 10
516 444 271 10 239 283 10
891 418 218 20 250 314 10
692 445 237 10 199 232 10
273 355 177 20 127 150 10
135 374 190 20 137 216 10
350 357 181 20 127 212 10
285 344 203 14 141 223 10
693 441 273 20 281 313 10
303 440 241 10 269 363 10
768 420 213 10 173 279 10
471 423 221 9 263 284 10
260 436 241 20 324 360 10
170 488 173 20 264 324 10
