rc1_10_1

VEHICLE
NUMBER   CAPACITY
250     200

CUSTOMER
CUST NO. XCOORD.  YCOORD.  DEMAND  READY TIME DUE DATE  SERVICE TIME

0   250    250     0     0    1821     0
148 267 394 10 259 289 10
141 294 421 26 1575 1605 10
2 214 394 10 231 261 10
932 272 402 10 160 190 10
957 257 391 22 1633 1663 10
968 311 422 29 988 1018 10
549 245 408 10 204 234 10
10 226 423 15 197 227 10
507 189 402 10 536 566 10
327 250 405 20 162 192 10
741 313 391 5 154 184 10
225 246 398 40 148 178 10
906 250 411 30 188 218 10
974 270 401 20 152 182 10
281 213 399 18 234 264 10
734 210 379 12 709 739 10
657 207 400 20 191 221 10
218 272 420 7 1386 1416 10
534 267 400 10 232 262 10
107 249 407 10 174 204 10
436 272 403 30 190 220 10
761 245 461 8 649 679 10
442 250 441 5 756 786 10
354 270 400 10 151 181 10
271 299 353 34 114 144 10
710 283 438 3 231 261 10
37 268 400 20 243 273 10
487 241 403 10 220 250 10
581 225 369 38 121 151 10
370 262 369 15 129 159 10
13 239 486 3 1482 1512 10
862 244 368 25 414 444 10
448 215 395 20 242 272 10
78 243 408 15 1434 1464 10
82 277 403 10 175 205 10
217 287 397 12 564 594 10
855 210 391 30 146 176 10
850 286 356 30 111 141 10
311 211 386 20 141 171 10
330 263 418 25 278 308 10
238 210 398 10 204 234 10
440 220 392 20 258 288 10
475 277 428 7 490 520 10
257 218 403 15 1319 1349 10
617 307 412 8 404 434 10
679 208 396 20 176 206 10
240 248 404 30 154 184 10
17 203 390 40 159 189 10
876 213 397 10 217 247 10
362 266 405 20 217 247 10
656 255 487 19 398 428 10
853 243 399 10 235 265 10
154 241 402 11 1025 1055 10
106 230 487 20 1130 1160 10
878 269 402 20 203 233 10
324 274 441 12 695 725 10
208 260 472 33 1036 1066 10
