rc1_10_1

VEHICLE
NUMBER   CAPACITY
250     200

CUSTOMER
CUST NO. XCOORD.  YCOORD.  DEMAND  READY TIME DUE DATE  SERVICE TIME

0   250    250     0     0    1821     0
15 408 452 10 272 302 10
95 429 389 18 424 454 10
802 449 428 25 1247 1277 10
253 406 450 20 259 289 10
828 419 422 20 276 306 10
936 425 448 9 794 824 10
630 405 450 20 253 283 10
1 440 436 18 892 922 10
250 434 359 13 1392 1422 10
986 399 450 20 359 389 10
662 411 379 25 1193 1223 10
29 421 387 15 801 831 10
897 418 399 20 438 468 10
892 419 418 10 249 279 10
671 408 453 10 283 313 10
498 377 385 6 866 896 10
432 470 405 17 926 956 10
98 414 378 23 495 525 10
211 411 421 20 315 345 10
577 471 368 19 428 458 10
332 420 383 27 982 1012 10
702 421 415 30 237 267 10
582 412 453 10 297 327 10
431 413 421 10 303 333 10
821 416 420 20 290 320 10
194 448 404 15 599 629 10
598 479 387 13 397 427 10
482 491 369 28 730 760 10
774 422 420 20 263 293 10
70 421 386 29 824 854 10
798 422 409 10 234 264 10
831 448 414 23 1223 1253 10
512 416 417 20 343 373 10
55 417 417 10 332 362 10
71 404 447 20 250 280 10
524 406 460 2 719 749 10
840 470 417 11 737 767 10
724 413 391 8 217 247 10
910 433 447 20 794 824 10
39 377 432 20 831 861 10
297 371 423 10 211 241 10
58 450 416 25 577 607 10
473 413 417 10 356 386 10
179 410 399 25 234 264 10
459 370 382 11 884 914 10
460 405 454 11 1303 1333 10
262 405 455 40 341 371 10
56 419 459 20 316 346 10
