rc1_10_1

VEHICLE
NUMBER   CAPACITY
250     200

CUSTOMER
CUST NO. XCOORD.  YCOORD.  DEMAND  READY TIME DUE DATE  SERVICE TIME

0   250    250     0     0    1821     0
452 397 18 10 292 322 10
198 389 17 10 366 396 10
844 398 23 10 270 300 10
172 385 17 40 809 839 10
57 389 11 20 323 353 10
282 391 18 10 378 408 10
364 398 20 20 273 303 10
646 351 5 12 496 526 10
908 365 28 9 268 298 10
846 386 13 10 337 367 10
377 397 20 20 280 310 10
274 394 23 20 404 434 10
901 394 47 5 313 343 10
232 390 34 7 1060 1090 10
223 393 20 20 391 421 10
726 397 57 17 1476 1506 10
952 384 16 20 351 381 10
990 393 12 10 309 339 10
