c2_10_3

VEHICLE
NUMBER  CAPACITY
250   700

CUSTOMER
CUST NO. XCOORD. YCOORD. DEMAND READY TIME DUE DATE SERVICE TIME

0  250  250   0   0  3914   0
777 94 247 30 853 1013 90
587 144 266 30 311 471 90
252 155 198 30 118 278 90
405 151 214 10 511 671 90
862 143 257 10 501 661 90
108 132 218 10 136 296 90
189 149 273 20 212 372 90
383 161 203 20 100 260 90
504 107 225 30 440 600 90
554 147 199 30 308 468 90
313 80 141 30 494 654 90
903 118 223 10 339 499 90
14 143 266 10 402 562 90
914 77 133 10 709 869 90
183 152 196 10 212 372 90
605 71 139 30 807 967 90
859 148 270 10 119 279 90
94 148 225 40 613 773 90
