rc2_10_10

VEHICLE
NUMBER  CAPACITY
250   1000

CUSTOMER
CUST NO. XCOORD. YCOORD. DEMAND READY TIME DUE DATE SERVICE TIME

0  250  250   0   0  7284   0
32 18 462 20 1351 1951 10
229 110 459 30 1151 1751 10
554 14 459 20 1103 1703 10
634 11 403 18 1132 1732 10
606 21 488 10 1205 1805 10
589 13 459 20 1147 1747 10
335 50 438 20 1107 1707 10
689 59 457 30 1097 1697 10
397 16 497 20 1463 2063 10
747 26 490 10 1659 2259 10
924 17 459 10 1448 2048 10
858 12 463 20 1203 1803 10
61 105 474 27 1643 2243 10
624 20 488 10 1249 1849 10
739 53 466 9 1100 1700 10
880 13 394 15 1250 1850 10
783 16 460 20 1403 2003 10
9 25 499 10 1540 2140 10
318 21 485 30 1113 1713 10
461 17 458 10 1492 2092 10
12 60 454 10 1149 1749 10
366 63 444 20 1279 1879 10
752 109 463 30 1094 1694 10
62 20 489 10 1293 1893 10
812 44 496 32 1367 1967 10
782 58 449 30 1211 1811 10
358 16 463 20 1259 1859 10
704 24 492 10 1608 2208 10
980 49 437 7 1470 2070 10
279 8 497 40 1391 1991 10
550 16 462 10 1303 1903 10
489 21 487 10 1161 1761 10
197 111 459 20 1195 1795 10
666 141 426 23 1886 2486 10
