r2_10_7

VEHICLE
NUMBER  CAPACITY
250   1000

CUSTOMER
CUST NO. XCOORD. YCOORD. DEMAND READY TIME DUE DATE SERVICE TIME

0  250  250   0   0  7697   0
550 423 315 12 0 7503 10
837 475 352 33 0 7440 10
961 447 267 19 0 7490 10
513 442 289 25 0 7492 10
893 490 276 33 0 7446 10
403 475 267 7 0 7462 10
353 499 316 18 0 7430 10
420 440 284 25 0 7494 10
451 451 305 13 0 7479 10
812 447 272 12 0 7489 10
69 424 288 13 0 7509 10
945 466 362 15 0 7444 10
726 436 295 11 0 7496 10
604 428 302 27 0 7502 10
509 486 324 15 0 7440 10
162 468 360 16 0 7443 10
928 472 248 11 0 7465 10
82 497 296 14 0 7436 10
600 487 320 21 0 7440 10
