rc1_10_8

VEHICLE
NUMBER   CAPACITY
250     200

CUSTOMER
CUST NO. XCOORD.  YCOORD.  DEMAND  READY TIME DUE DATE  SERVICE TIME

0   250    250     0     0    1821     0
429 306 42 11 433 550 10
22 347 54 10 279 341 10
322 364 71 5 1315 1412 10
578 236 126 23 124 301 10
94 269 112 19 1225 1331 10
490 324 99 10 286 420 10
849 275 42 30 209 325 10
836 240 34 28 1431 1595 10
652 251 63 14 921 1084 10
209 265 0 10 842 980 10
502 330 138 18 1074 1175 10
870 299 98 30 159 290 10
175 343 49 10 246 313 10
676 335 57 30 210 289 10
797 275 45 20 206 310 10
765 273 149 14 1457 1578 10
558 282 1 18 1014 1100 10
751 342 54 20 216 317 10
721 344 62 10 301 421 10
568 277 50 10 201 317 10
570 344 70 24 1110 1212 10
819 347 62 10 285 411 10
715 233 87 18 186 349 10
118 268 52 10 267 375 10
636 304 102 30 161 262 10
730 195 111 15 942 1085 10
400 330 147 28 796 931 10
982 337 41 8 952 1083 10
540 253 118 19 489 635 10
533 300 108 10 150 264 10
810 269 46 20 227 341 10
723 200 78 31 960 1056 10
557 297 131 25 1118 1242 10
709 313 126 10 164 353 10
769 331 134 11 1086 1192 10
441 253 50 27 200 365 10
866 319 124 20 143 285 10
21 307 108 10 198 306 10
553 346 57 20 277 369 10
371 323 29 7 1098 1206 10
781 341 72 9 747 893 10
994 209 68 27 1476 1625 10
940 224 56 13 1151 1251 10
941 343 47 20 225 359 10
129 325 56 13 753 870 10
643 352 63 6 1158 1229 10
933 317 123 20 160 251 10
69 325 147 14 1145 1258 10
325 304 97 20 162 320 10
796 271 128 12 292 430 10
997 335 99 25 1158 1309 10
391 263 153 12 380 474 10
720 303 78 12 179 243 10
852 267 44 20 214 327 10
732 340 54 10 215 326 10
435 257 57 18 1180 1302 10
646 351 5 12 451 571 10
699 269 48 20 244 347 10
264 323 118 20 150 247 10
470 341 59 27 744 866 10
787 324 127 30 143 254 10
528 273 55 20 196 296 10
403 335 46 18 1300 1414 10
54 242 106 28 1224 1342 10
884 307 102 40 179 270 10
287 346 60 10 277 395 10
654 281 96 1 1068 1214 10
926 351 128 15 1202 1334 10
564 292 32 14 222 360 10
1000 341 58 10 212 333 10
259 253 74 20 1298 1432 10
750 239 15 2 550 688 10
235 326 118 10 152 297 10
474 339 60 20 209 330 10
236 365 74 24 788 938 10
186 231 29 14 1198 1284 10
633 238 123 24 749 843 10
169 274 48 10 203 333 10
767 315 121 10 152 284 10
762 305 107 20 160 321 10
142 343 62 10 277 467 10
413 210 29 13 1014 1117 10
612 313 119 30 149 313 10
42 307 52 23 893 978 10
981 270 49 30 216 398 10
667 295 89 23 714 800 10
326 297 102 10 155 268 10
51 314 124 20 177 314 10
565 262 92 25 575 716 10
48 323 77 36 1381 1460 10
385 235 33 30 1285 1418 10
