rc1_10_8

VEHICLE
NUMBER   CAPACITY
250     200

CUSTOMER
CUST NO. XCOORD.  YCOORD.  DEMAND  READY TIME DUE DATE  SERVICE TIME

0   250    250     0     0    1821     0
216 402 284 30 155 249 10
227 451 305 13 208 309 10
755 399 301 30 157 312 10
542 321 277 10 75 185 10
989 343 276 15 96 210 10
398 348 348 23 913 986 10
960 393 301 30 151 242 10
537 398 325 30 169 327 10
492 443 272 10 223 347 10
416 390 294 20 199 305 10
792 321 280 30 77 180 10
237 331 356 13 690 763 10
24 371 332 14 478 612 10
178 322 290 23 1436 1551 10
771 320 280 10 76 208 10
556 359 287 24 115 199 10
863 381 328 12 682 782 10
250 434 359 13 1327 1488 10
210 391 293 20 187 294 10
518 388 334 20 161 294 10
693 441 273 20 228 366 10
931 398 329 17 167 206 10
934 408 318 15 585 731 10
481 385 295 20 142 270 10
544 406 285 20 159 258 10
483 445 273 20 221 325 10
722 371 315 18 1119 1243 10
301 442 289 25 195 363 10
678 386 245 16 452 536 10
631 394 322 12 1010 1069 10
520 499 316 18 588 685 10
338 360 294 9 1387 1479 10
567 405 276 20 201 297 10
402 316 286 30 82 222 10
81 407 280 10 169 279 10
66 400 288 30 154 279 10
36 440 292 24 896 1015 10
146 395 332 10 166 278 10
26 441 265 40 191 337 10
201 390 325 30 205 327 10
472 395 295 20 171 281 10
63 388 331 20 160 224 10
973 388 325 10 231 325 10
826 366 334 5 368 483 10
711 352 241 5 770 845 10
691 402 281 20 192 338 10
87 316 284 20 81 199 10
541 359 246 18 1349 1526 10
854 390 249 21 550 643 10
393 320 283 30 78 173 10
494 366 288 29 608 790 10
777 435 268 10 270 384 10
894 389 300 10 147 291 10
181 385 285 13 804 962 10
202 346 354 8 773 892 10
284 330 281 14 1293 1397 10
430 374 306 4 959 1060 10
843 487 320 21 793 952 10
516 444 271 10 205 317 10
548 435 267 20 255 421 10
650 418 251 21 1164 1259 10
495 440 284 25 812 922 10
188 439 268 10 252 373 10
352 400 286 10 154 303 10
775 475 267 7 719 871 10
603 401 281 20 210 343 10
644 365 274 14 117 230 10
738 360 284 19 613 750 10
764 450 265 10 200 349 10
758 380 350 15 807 956 10
532 390 301 10 149 287 10
133 460 328 13 224 355 10
912 489 338 17 1366 1459 10
11 313 282 20 121 236 10
491 453 318 30 324 453 10
315 394 333 20 166 305 10
341 410 285 20 163 358 10
545 391 334 20 164 290 10
114 356 256 19 106 256 10
389 315 287 30 122 204 10
794 436 295 11 511 575 10
655 333 293 27 541 724 10
718 478 300 12 834 975 10
222 370 262 15 1063 1165 10
224 330 308 24 1129 1242 10
918 489 274 31 480 618 10
685 389 334 20 162 299 10
105 395 331 20 171 293 10
909 387 297 10 144 242 10
265 330 371 1 522 626 10
329 408 279 20 184 286 10
983 318 280 20 74 171 10
707 444 269 20 194 335 10
801 409 255 23 1446 1629 10
928 490 286 29 495 580 10
649 468 352 9 712 854 10
155 439 266 10 189 268 10
184 492 335 10 773 913 10
597 368 311 14 873 1009 10
375 436 264 20 186 283 10
992 340 291 22 432 538 10
