r1_10_6

VEHICLE
NUMBER   CAPACITY
250     200

CUSTOMER
CUST NO. XCOORD.  YCOORD.  DEMAND  READY TIME DUE DATE  SERVICE TIME

0   250    250     0     0    1925     0
356 26 67 15 1317 1347 10
529 30 97 23 1210 1240 10
31 52 18 28 857 887 10
604 66 31 25 0 1629 10
665 1 101 8 1257 1287 10
252 38 15 3 0 1599 10
573 71 12 2 297 327 10
307 65 82 13 740 770 10
715 62 94 16 0 1671 10
556 66 88 2 830 860 10
488 87 51 35 514 544 10
534 18 24 32 628 658 10
813 89 65 16 720 750 10
30 25 53 23 1020 1050 10
895 102 6 3 1458 1488 10
107 100 85 14 351 381 10
275 68 53 16 739 769 10
338 91 27 14 1182 1212 10
402 24 71 11 346 376 10
441 64 5 14 1129 1159 10
503 67 24 10 0 1625 10
354 30 7 23 1189 1219 10
999 19 38 15 847 877 10
942 94 40 24 1068 1098 10
200 92 18 8 1124 1154 10
701 15 11 15 952 982 10
387 98 29 14 0 1647 10
591 92 76 4 1139 1169 10
364 6 53 8 0 1602 10
855 79 80 19 1382 1412 10
603 56 75 24 0 1654 10
938 60 29 32 1363 1393 10
614 100 66 15 0 1678 10
786 3 23 11 0 1580 10
27 58 39 12 0 1630 10
71 9 101 16 666 696 10
491 95 64 4 766 796 10
39 60 5 18 1044 1074 10
552 21 70 15 771 801 10
383 104 28 8 1473 1503 10
222 7 82 25 412 442 10
158 65 62 15 0 1652 10
410 16 68 11 0 1619 10
791 98 2 14 592 622 10
801 32 94 14 930 960 10
134 108 37 23 549 579 10
990 51 89 19 1208 1238 10
385 87 3 13 0 1620 10
316 57 43 15 0 1632 10
