rc2_10_5

VEHICLE
NUMBER   CAPACITY
250     1000

CUSTOMER
CUST NO. XCOORD.  YCOORD.  DEMAND  READY TIME DUE DATE  SERVICE TIME

0   250    250     0     0    7284     0
148 267 394 10 999 1194 10
141 294 421 26 6224 6500 10
2 214 394 10 852 1113 10
292 154 374 36 3703 3912 10
932 272 402 10 535 861 10
957 257 391 22 6432 6752 10
968 311 422 29 3905 4118 10
549 245 408 10 788 963 10
697 167 445 7 5539 5878 10
785 162 388 11 4532 4597 10
920 166 440 12 761 900 10
10 226 423 15 627 1069 10
507 189 402 10 2086 2322 10
327 250 405 20 501 912 10
741 313 391 5 450 867 10
237 331 356 13 2745 3070 10
225 246 398 40 498 686 10
906 250 411 30 699 924 10
974 270 401 20 563 736 10
281 213 399 18 939 1053 10
246 175 352 12 6541 6900 10
734 210 379 12 2704 3086 10
657 207 400 20 612 1032 10
218 272 420 7 5443 5763 10
534 267 400 10 828 1150 10
107 249 407 10 627 884 10
436 272 403 30 757 880 10
761 245 461 8 2497 2818 10
442 250 441 5 2981 3184 10
503 185 434 9 2185 2523 10
354 270 400 10 530 680 10
271 299 353 34 316 596 10
710 283 438 3 941 1031 10
37 268 400 20 926 1140 10
76 176 470 14 2087 2406 10
487 241 403 10 754 1127 10
581 225 369 38 283 689 10
387 142 360 20 6110 6265 10
370 262 369 15 440 715 10
347 216 341 19 2471 2880 10
13 239 486 3 5778 6199 10
862 244 368 25 1675 1757 10
448 215 395 20 751 1304 10
78 243 408 15 5747 5842 10
622 196 489 23 4070 4291 10
82 277 403 10 687 830 10
217 287 397 12 2144 2490 10
886 250 328 24 907 1202 10
855 210 391 30 539 714 10
850 286 356 30 437 459 10
311 211 386 20 349 783 10
330 263 418 25 1120 1228 10
182 179 497 1 5558 5850 10
238 210 398 10 690 1064 10
144 142 372 18 561 743 10
440 220 392 20 1011 1172 10
475 277 428 7 1860 2182 10
257 218 403 15 5277 5397 10
617 307 412 8 1534 1815 10
679 208 396 20 457 1074 10
240 248 404 30 319 996 10
17 203 390 40 623 766 10
876 213 397 10 837 1022 10
362 266 405 20 801 1055 10
860 182 480 31 1450 1589 10
113 195 464 20 6109 6341 10
656 255 487 19 1527 1776 10
853 243 399 10 895 1103 10
168 175 422 24 5728 5963 10
383 146 376 8 845 1150 10
154 241 402 11 3968 4350 10
106 230 487 20 4398 4759 10
626 170 347 15 1780 1827 10
878 269 402 20 720 1022 10
265 330 371 1 2182 2406 10
324 274 441 12 2753 2923 10
984 154 392 9 652 720 10
208 260 472 33 4118 4289 10
