c2_10_10

VEHICLE
NUMBER  CAPACITY
250   700

CUSTOMER
CUST NO. XCOORD. YCOORD. DEMAND READY TIME DUE DATE SERVICE TIME

0  250  250   0   0  3914   0
515 375 31 20 1825 2705 90
404 389 33 20 2623 3503 90
621 390 42 20 2228 3108 90
52 368 17 20 1661 2541 90
910 361 15 20 1758 2638 90
477 374 55 30 2432 3312 90
297 397 40 40 2131 3011 90
244 373 22 10 1952 2832 90
381 391 23 10 2338 3218 90
864 385 28 10 1926 2806 90
259 378 25 10 2048 2928 90
770 383 41 20 2325 3205 90
416 362 17 10 1524 2404 90
496 374 17 10 1565 2445 90
715 386 28 20 2147 3027 90
11 365 18 20 1853 2733 90
655 381 20 20 1468 2348 90
912 397 27 20 2028 2908 90
302 363 62 20 2725 3605 90
952 366 34 10 1726 2606 90
370 370 55 10 2526 3406 90
409 363 55 10 2623 3503 90
706 384 24 10 2241 3121 90
490 367 59 10 2721 3601 90
759 366 57 20 2716 3596 90
849 392 31 20 2530 3410 90
443 395 30 20 2436 3316 90
700 366 16 20 1618 2498 90
319 378 46 30 2704 3584 90
