c2_10_5

VEHICLE
NUMBER   CAPACITY
250     700

CUSTOMER
CUST NO. XCOORD.  YCOORD.  DEMAND  READY TIME DUE DATE  SERVICE TIME

0   250    250     0     0    3914     0
465 345 15 20 1402 1722 90
205 383 18 20 1563 1883 90
319 378 46 30 3010 3330 90
451 336 7 10 1504 1824 90
404 389 33 20 2903 3223 90
294 390 9 30 1183 1503 90
490 367 59 10 3089 3409 90
759 366 57 20 2996 3316 90
849 392 31 20 2810 3130 90
864 385 28 10 2206 2526 90
416 362 17 10 1804 2124 90
499 347 40 30 450 770 90
124 343 27 20 1116 1436 90
457 406 37 40 264 584 90
52 368 17 20 1941 2261 90
715 386 28 20 2427 2747 90
863 393 2 30 899 1219 90
164 352 38 10 546 866 90
518 408 20 30 393 713 90
693 387 21 10 1468 1788 90
770 383 41 20 2605 2925 90
331 382 17 20 1654 1974 90
510 390 17 30 1373 1693 90
678 356 28 20 920 1240 90
477 374 55 30 2712 3032 90
107 420 20 30 495 815 90
700 366 16 20 1898 2218 90
576 401 15 20 605 925 90
201 351 33 20 641 961 90
621 390 42 20 2508 2828 90
701 348 16 30 1700 2020 90
894 346 13 20 1606 1926 90
370 370 55 10 2806 3126 90
409 363 55 10 2903 3223 90
515 375 31 20 2105 2425 90
935 405 24 10 298 618 90
650 405 47 10 255 575 90
244 373 22 10 2232 2552 90
165 395 1 30 807 1127 90
598 405 5 20 706 1026 90
727 396 4 10 993 1313 90
607 393 13 20 1278 1598 90
706 384 24 10 2521 2841 90
70 353 32 10 825 1145 90
876 341 26 10 1208 1528 90
381 391 23 10 2618 2938 90
912 397 27 20 2308 2628 90
11 365 18 20 2133 2453 90
302 363 62 20 3184 3504 90
259 378 25 10 2328 2648 90
910 361 15 20 2038 2358 90
297 397 40 40 2411 2731 90
223 394 10 40 1089 1409 90
655 381 20 20 1748 2068 90
918 347 23 30 1020 1340 90
685 347 21 20 1306 1626 90
496 374 17 10 1845 2165 90
909 351 31 20 733 1053 90
443 395 30 20 2716 3036 90
952 366 34 10 2006 2326 90
