c2_10_5

VEHICLE
NUMBER   CAPACITY
250     700

CUSTOMER
CUST NO. XCOORD.  YCOORD.  DEMAND  READY TIME DUE DATE  SERVICE TIME

0   250    250     0     0    3914     0
303 375 342 10 859 1179 90
835 378 326 30 148 468 90
689 383 351 20 167 487 90
589 368 325 30 139 459 90
394 361 337 50 283 603 90
53 341 367 30 2450 2770 90
159 386 357 20 1353 1673 90
509 360 338 10 192 512 90
246 358 359 20 2559 2879 90
130 368 340 10 381 701 90
400 378 363 30 1669 1989 90
722 369 351 20 758 1078 90
89 346 344 10 3132 3452 90
269 386 344 20 1159 1479 90
26 377 356 10 1766 2086 90
221 361 349 10 2936 3256 90
359 370 353 10 666 986 90
446 391 334 20 967 1287 90
939 359 371 10 2342 2662 90
854 372 354 30 1861 2181 90
347 367 358 30 2053 2373 90
536 364 364 20 2150 2470 90
702 353 346 20 3034 3354 90
916 366 352 10 2750 3070 90
580 366 341 20 473 793 90
362 386 361 30 1447 1767 90
185 360 356 10 2653 2973 90
682 365 360 20 1960 2280 90
169 358 365 30 2246 2566 90
230 366 346 20 568 888 90
106 389 342 10 1065 1385 90
105 373 364 20 3090 3410 90
649 363 351 20 2843 3163 90
385 384 346 20 1251 1571 90
