c2_10_5

VEHICLE
NUMBER   CAPACITY
250     700

CUSTOMER
CUST NO. XCOORD.  YCOORD.  DEMAND  READY TIME DUE DATE  SERVICE TIME

0   250    250     0     0    3914     0
161 90 298 10 2024 2344 90
716 106 295 20 973 1293 90
828 91 303 20 2119 2439 90
906 117 319 10 3028 3348 90
272 73 303 10 2317 2637 90
544 91 298 10 1933 2253 90
806 101 295 30 878 1198 90
3 89 284 20 1356 1676 90
399 130 304 10 3095 3415 90
37 90 270 10 485 805 90
925 136 296 30 3195 3515 90
243 81 283 10 1544 1864 90
961 102 289 20 1162 1482 90
367 132 314 30 3134 3454 90
41 94 275 10 389 709 90
346 111 279 30 141 461 90
470 109 325 20 2928 3248 90
440 83 301 20 2217 2537 90
100 85 317 30 2527 2847 90
944 96 269 10 885 1205 90
55 80 281 10 1637 1957 90
564 67 302 30 2413 2733 90
642 119 285 40 2983 3303 90
860 76 287 20 1734 2054 90
552 98 286 30 1257 1577 90
656 90 277 30 582 902 90
50 113 289 10 142 462 90
116 96 292 10 782 1102 90
705 83 282 10 1452 1772 90
839 101 290 20 1070 1390 90
618 99 307 20 2634 2954 90
214 95 294 10 690 1010 90
595 77 287 10 1825 2145 90
812 105 317 10 2829 3149 90
180 95 279 20 295 615 90
565 114 296 40 179 499 90
378 107 311 40 2733 3053 90
