rc1_10_3

VEHICLE
NUMBER  CAPACITY
250   200

CUSTOMER
CUST NO. XCOORD. YCOORD. DEMAND READY TIME DUE DATE SERVICE TIME

0  250  250   0   0  1821   0
934 408 318 15 643 673 10
603 401 281 20 261 291 10
315 394 333 20 194 224 10
537 398 325 30 233 263 10
63 388 331 20 160 190 10
909 387 297 10 144 174 10
755 399 301 30 194 224 10
863 381 328 12 717 747 10
105 395 331 20 217 247 10
222 370 262 15 1099 1129 10
265 330 371 1 559 589 10
352 400 286 10 154 184 10
685 389 334 20 169 199 10
472 395 295 20 211 241 10
237 331 356 13 712 742 10
24 371 332 14 530 560 10
459 370 382 11 884 914 10
826 366 334 5 410 440 10
