c1_10_7

VEHICLE
NUMBER  CAPACITY
250   200

CUSTOMER
CUST NO. XCOORD. YCOORD. DEMAND READY TIME DUE DATE SERVICE TIME

0  250  250   0   0  1824   0
175 459 145 40 233 413 90
722 458 16 20 313 493 90
139 435 11 40 302 482 90
779 461 167 10 411 591 90
707 472 129 10 258 438 90
582 407 98 10 218 398 90
529 398 97 10 214 394 90
531 438 26 10 385 565 90
300 406 99 20 312 492 90
955 440 7 20 399 579 90
692 466 142 10 424 604 90
437 406 94 10 313 493 90
483 438 31 10 290 470 90
35 435 68 10 259 439 90
965 404 103 20 407 587 90
853 485 24 20 326 506 90
719 411 95 30 408 588 90
432 483 22 10 419 599 90
957 485 95 10 281 461 90
326 460 13 20 407 587 90
373 465 142 10 333 513 90
787 485 86 20 291 471 90
932 441 65 10 356 536 90
84 457 163 20 225 405 90
184 433 15 20 297 477 90
108 398 23 10 270 450 90
470 397 20 20 365 545 90
299 477 179 20 237 417 90
982 470 125 20 253 433 90
242 477 97 10 368 548 90
546 484 174 10 430 610 90
806 489 87 20 385 565 90
825 439 67 10 264 444 90
182 398 20 20 274 454 90
479 406 96 20 221 401 90
111 479 127 20 355 535 90
144 463 140 10 240 420 90
718 459 14 20 315 495 90
54 433 31 10 285 465 90
780 391 99 20 206 386 90
867 458 164 20 316 496 90
164 474 96 30 271 451 90
602 484 177 20 337 517 90
323 476 94 20 275 455 90
194 452 163 30 219 399 90
449 479 176 20 241 421 90
384 481 26 30 321 501 90
