r2_10_6

VEHICLE
NUMBER  CAPACITY
250   1000

CUSTOMER
CUST NO. XCOORD. YCOORD. DEMAND READY TIME DUE DATE SERVICE TIME

0  250  250   0   0  7697   0
596 166 345 14 4459 4699 10
126 175 422 24 5726 5966 10
506 142 360 20 6068 6308 10
501 138 406 8 4804 5044 10
861 107 374 8 3597 3837 10
464 153 362 7 4585 4825 10
168 154 392 9 0 7516 10
202 122 422 3 5767 6007 10
134 154 374 36 3688 3928 10
196 111 392 18 4616 4856 10
530 126 391 19 0 7500 10
290 175 352 12 6600 6840 10
678 142 372 18 0 7525 10
330 177 404 17 0 7517 10
780 178 420 18 4225 4465 10
895 162 388 11 4444 4684 10
660 210 379 12 0 7552 10
144 174 376 8 0 7540 10
607 174 347 3 3999 4239 10
393 137 377 23 0 7518 10
544 161 416 25 0 7499 10
930 174 397 32 4919 5159 10
