c2_10_5

VEHICLE
NUMBER  CAPACITY
250   700

CUSTOMER
CUST NO. XCOORD. YCOORD. DEMAND READY TIME DUE DATE SERVICE TIME

0  250  250   0   0  3914   0
301 327 483 20 2018 2338 90
489 347 479 10 2309 2629 90
200 294 455 30 2346 2666 90
998 298 456 30 2252 2572 90
558 336 479 20 2118 2438 90
851 300 443 10 1916 2236 90
847 292 456 20 2438 2758 90
120 349 476 10 2403 2723 90
614 299 442 10 1824 2144 90
653 302 470 20 2147 2467 90
175 331 486 10 1923 2243 90
361 332 486 20 1832 2152 90
456 344 478 20 2216 2536 90
969 314 436 10 2021 2341 90
