c1_10_6

VEHICLE
NUMBER  CAPACITY
250   200

CUSTOMER
CUST NO. XCOORD. YCOORD. DEMAND READY TIME DUE DATE SERVICE TIME

0  250  250   0   0  1824   0
45 478 461 10 434 558 90
574 322 468 20 529 672 90
354 392 426 10 684 704 90
440 408 453 10 562 674 90
990 472 481 20 373 630 90
118 325 466 40 573 815 90
210 323 471 30 494 521 90
580 459 372 20 607 792 90
584 471 484 10 541 648 90
841 461 369 10 521 691 90
132 419 422 20 570 652 90
188 380 498 10 463 641 90
575 483 458 10 649 715 90
443 391 407 10 524 629 90
68 480 460 20 455 721 90
743 408 452 10 393 662 90
60 476 483 10 550 830 90
494 398 428 10 577 617 90
527 382 498 10 568 720 90
528 391 429 20 405 596 90
245 381 495 20 623 852 90
104 422 420 20 447 589 90
925 416 420 20 664 745 90
959 462 367 20 425 602 90
7 393 408 30 650 688 90
512 412 453 10 647 778 90
