c2_10_10

VEHICLE
NUMBER  CAPACITY
250   700

CUSTOMER
CUST NO. XCOORD. YCOORD. DEMAND READY TIME DUE DATE SERVICE TIME

0  250  250   0   0  3914   0
200 294 455 30 2066 2946 90
782 297 442 20 1452 2332 90
692 291 450 10 2345 3225 90
614 299 442 10 1544 2424 90
354 275 448 10 2542 3422 90
834 289 452 20 2438 3318 90
326 293 454 20 2251 3131 90
998 298 456 30 1972 2852 90
845 233 441 20 2753 3633 90
969 314 436 10 1741 2621 90
979 247 447 10 2747 3627 90
687 267 436 30 2647 3527 90
851 300 443 10 1636 2516 90
847 292 456 20 2158 3038 90
