r1_10_1

VEHICLE
NUMBER  CAPACITY
250   200

CUSTOMER
CUST NO. XCOORD. YCOORD. DEMAND READY TIME DUE DATE SERVICE TIME

0  250  250   0   0  1925   0
472 171 24 11 1393 1403 10
798 156 65 22 1047 1057 10
398 142 30 32 1256 1266 10
942 94 40 24 1078 1088 10
795 138 28 23 1107 1117 10
162 147 30 26 1119 1129 10
976 149 98 4 1175 1185 10
514 174 67 15 1270 1280 10
240 157 38 3 1058 1068 10
200 92 18 8 1134 1144 10
865 151 81 28 1568 1578 10
443 165 59 27 953 963 10
895 102 6 3 1468 1478 10
338 91 27 14 1192 1202 10
747 172 66 18 1313 1323 10
387 98 29 14 1057 1067 10
614 100 66 15 1410 1420 10
591 92 76 4 1149 1159 10
993 172 24 17 1462 1472 10
147 174 41 15 1313 1323 10
383 104 28 8 1483 1493 10
1 171 34 21 1153 1163 10
636 140 108 29 1081 1091 10
