rc1_10_7

VEHICLE
NUMBER  CAPACITY
250   200

CUSTOMER
CUST NO. XCOORD. YCOORD. DEMAND READY TIME DUE DATE SERVICE TIME

0  250  250   0   0  1821   0
1 440 436 18 862 951 10
651 489 437 29 669 775 10
277 379 486 22 637 736 10
936 425 448 9 759 860 10
910 433 447 20 784 835 10
39 377 432 20 816 877 10
460 405 454 11 1274 1361 10
840 470 417 11 679 825 10
72 412 478 7 928 1022 10
83 498 456 27 1387 1455 10
432 470 405 17 883 998 10
524 406 460 2 715 753 10
802 449 428 25 1216 1307 10
831 448 414 23 1201 1275 10
392 493 493 20 832 910 10
