c2_10_4

VEHICLE
NUMBER  CAPACITY
250   700

CUSTOMER
CUST NO. XCOORD. YCOORD. DEMAND READY TIME DUE DATE SERVICE TIME

0  250  250   0   0  3914   0
871 448 94 20 0 3572 90
815 417 56 20 0 3569 90
681 437 61 20 0 3559 90
13 448 103 30 0 3578 90
988 426 85 10 0 3583 90
774 441 63 20 0 3557 90
516 426 80 20 0 3580 90
190 446 86 10 0 3569 90
131 450 72 10 0 3557 90
883 432 87 10 0 3580 90
592 430 86 20 0 3581 90
147 428 64 20 0 3567 90
957 425 99 20 0 3593 90
726 420 78 20 0 3583 90
661 440 81 20 0 3570 90
785 438 60 30 0 3557 90
588 432 105 10 0 3592 90
699 447 102 10 0 3578 90
72 414 62 10 0 3575 90
32 436 54 20 0 3554 90
953 429 80 20 0 3578 90
885 438 72 10 0 3566 90
450 425 85 10 0 3584 90
530 425 87 20 0 3585 90
5 435 77 20 0 3571 90
