c2_10_6

VEHICLE
NUMBER  CAPACITY
250   700

CUSTOMER
CUST NO. XCOORD. YCOORD. DEMAND READY TIME DUE DATE SERVICE TIME

0  250  250   0   0  3914   0
764 250 367 20 1917 2468 90
282 222 356 20 1411 1964 90
872 199 305 30 1356 2044 90
245 255 371 40 2017 2562 90
61 236 361 30 1564 2022 90
80 216 380 20 2094 2667 90
755 198 334 20 1985 2581 90
374 258 350 20 1663 2140 90
973 206 312 40 1790 2370 90
596 187 362 20 1556 2176 90
403 261 350 10 1562 2056 90
312 232 378 20 2024 2525 90
519 239 369 30 1613 2169 90
202 216 316 20 2139 2659 90
584 234 383 10 1965 2393 90
628 184 354 30 1793 2319 90
797 188 356 20 1587 2337 90
907 262 352 10 1435 1998 90
348 239 373 10 1747 2223 90
940 186 372 20 1538 1993 90
146 241 375 10 1810 2347 90
194 201 307 10 1550 2036 90
775 244 371 20 2080 2700 90
781 211 308 30 1696 2271 90
20 259 355 20 1768 2226 90
919 176 358 10 1934 2377 90
114 169 360 20 1993 2512 90
648 209 307 10 1634 2149 90
521 254 357 20 1901 2284 90
751 170 338 20 2151 2578 90
668 206 313 20 1966 2376 90
