r1_10_5

VEHICLE
NUMBER  CAPACITY
250   200

CUSTOMER
CUST NO. XCOORD. YCOORD. DEMAND READY TIME DUE DATE SERVICE TIME

0  250  250   0   0  1925   0
942 94 40 24 1068 1098 10
795 138 28 23 1097 1127 10
162 147 30 26 1109 1139 10
976 149 98 4 1165 1195 10
514 174 67 15 1260 1290 10
798 156 65 22 1037 1067 10
240 157 38 3 1048 1078 10
865 151 81 28 1558 1588 10
472 171 24 11 1383 1413 10
895 102 6 3 1458 1488 10
857 117 110 13 979 1009 10
747 172 66 18 1303 1333 10
387 98 29 14 1047 1077 10
591 92 76 4 1139 1169 10
993 172 24 17 1452 1482 10
614 100 66 15 1400 1430 10
147 174 41 15 1303 1333 10
383 104 28 8 1473 1503 10
1 171 34 21 1143 1173 10
398 142 30 32 1246 1276 10
636 140 108 29 1071 1101 10
443 165 59 27 943 973 10
