c2_10_2

VEHICLE
NUMBER   CAPACITY
250     700

CUSTOMER
CUST NO. XCOORD.  YCOORD.  DEMAND  READY TIME DUE DATE  SERVICE TIME

0   250    250     0     0    3914     0
452 196 219 30 3054 3214 90
2 266 231 40 1936 2096 90
968 211 198 30 2660 2820 90
461 209 201 30 2753 2913 90
376 211 188 10 660 820 90
593 200 195 20 0 3750 90
153 272 228 10 2033 2193 90
684 220 177 20 0 3746 90
602 281 279 20 0 3782 90
291 228 186 20 269 429 90
690 289 240 20 0 3784 90
830 254 238 30 2646 2806 90
447 212 215 20 3160 3320 90
533 278 230 10 1466 1626 90
119 259 243 20 22 182 90
921 272 246 10 218 378 90
709 273 234 10 0 3796 90
527 274 231 30 2126 2286 90
503 250 217 40 2534 2694 90
623 200 182 10 0 3740 90
36 280 224 10 2226 2386 90
970 217 189 20 0 3755 90
674 266 264 30 0 3803 90
615 265 218 20 2429 2589 90
539 221 179 20 369 529 90
472 229 214 20 41 201 90
445 283 248 30 33 193 90
748 275 236 20 1563 1723 90
98 255 245 10 7 167 90
387 274 248 20 0 3800 90
637 245 239 20 2933 3093 90
420 225 192 20 74 234 90
506 204 189 10 0 3748 90
601 212 168 20 860 1020 90
708 199 200 10 2945 3105 90
528 207 194 10 0 3754 90
280 272 243 30 0 3801 90
478 249 251 20 3036 3196 90
635 211 180 20 758 918 90
524 204 171 20 0 3733 90
336 268 235 10 1842 2002 90
610 220 192 20 169 329 90
633 272 233 10 0 3797 90
414 203 203 10 2850 3010 90
767 266 250 10 409 569 90
215 253 241 20 2835 2995 90
168 202 198 30 0 3754 90
318 267 260 20 509 669 90
579 283 229 30 1371 1531 90
68 272 212 20 2330 2490 90
329 207 196 20 2565 2725 90
324 253 244 20 2742 2902 90
