c1_10_2

VEHICLE
NUMBER  CAPACITY
250   200

CUSTOMER
CUST NO. XCOORD. YCOORD. DEMAND READY TIME DUE DATE SERVICE TIME

0  250  250   0   0  1824   0
665 379 82 10 827 884 90
163 377 76 20 638 699 90
26 379 80 20 737 789 90
318 494 94 10 634 692 90
154 446 64 10 600 665 90
942 478 121 40 788 840 90
639 358 16 30 596 641 90
645 439 15 20 650 706 90
229 361 14 10 686 738 90
94 481 122 30 607 653 90
891 469 132 10 856 923 90
769 432 27 10 810 878 90
366 269 46 20 733 794 90
835 489 17 10 764 826 90
716 389 11 20 707 769 90
989 399 104 10 834 896 90
370 446 63 20 697 750 90
622 478 102 10 704 775 90
93 397 18 10 519 575 90
998 375 80 10 550 598 90
100 460 2 20 655 720 90
706 386 13 10 785 878 90
803 347 54 10 836 904 90
632 267 44 20 649 693 90
551 481 124 10 505 571 90
921 398 103 30 739 807 90
727 481 20 20 572 631 90
419 481 96 20 526 577 90
700 435 16 10 829 895 90
696 404 83 30 831 916 90
913 470 139 10 668 731 90
831 492 94 10 724 787 90
697 290 46 20 832 896 90
37 409 88 20 655 715 90
369 287 43 10 555 609 90
430 464 13 20 853 906 90
450 476 102 20 797 866 90
827 443 64 30 779 854 90
539 472 132 10 767 826 90
740 400 103 10 546 636 90
710 493 91 30 542 599 90
838 292 41 10 733 804 90
14 437 12 20 557 613 90
730 361 17 20 777 832 90
177 433 27 20 628 694 90
868 446 65 20 516 566 90
618 275 42 30 537 608 90
292 408 84 10 745 814 90
319 343 49 10 650 710 90
259 342 54 20 553 616 90
