c1_10_2

VEHICLE
NUMBER  CAPACITY
250   200

CUSTOMER
CUST NO. XCOORD. YCOORD. DEMAND READY TIME DUE DATE SERVICE TIME

0  250  250   0   0  1824   0
145 343 47 20 0 1511 90
901 341 58 10 0 1522 90
384 481 26 30 0 1413 90
165 346 57 20 0 1519 90
858 491 20 20 0 1401 90
853 485 24 20 0 1408 90
414 461 8 20 0 1413 90
582 407 98 10 0 1516 90
42 357 26 20 0 1486 90
931 368 85 30 0 1532 90
507 464 134 20 0 1491 90
633 277 50 10 0 1533 90
288 483 14 10 0 1403 90
859 279 42 40 0 1524 90
192 269 48 20 0 1532 90
955 440 7 20 0 1426 90
133 467 141 10 0 1492 90
173 367 83 30 0 1531 90
608 488 26 30 0 1408 90
754 437 15 30 0 1434 90
421 285 44 10 0 1526 90
889 435 20 20 0 1439 90
961 492 95 30 0 1447 90
802 462 14 20 0 1417 90
137 370 82 40 0 1528 90
195 431 28 20 0 1448 90
692 466 142 10 0 1493 90
204 409 90 20 0 1509 90
965 404 103 20 0 1522 90
839 489 27 10 0 1408 90
203 393 12 10 0 1457 90
379 428 24 10 0 1447 90
361 491 25 10 0 1405 90
677 399 102 20 0 1524 90
135 433 25 20 0 1444 90
373 465 142 10 0 1494 90
932 441 65 10 0 1469 90
333 358 18 10 0 1479 90
58 489 101 20 0 1453 90
179 478 99 10 0 1461 90
334 459 10 10 0 1416 90
326 460 13 20 0 1418 90
843 479 121 10 0 1472 90
261 288 44 20 0 1525 90
607 434 26 10 0 1445 90
35 435 68 10 0 1475 90
753 458 130 20 0 1494 90
139 435 11 40 0 1432 90
909 340 54 10 0 1519 90
531 438 26 10 0 1442 90
