c2_10_6

VEHICLE
NUMBER  CAPACITY
250   700

CUSTOMER
CUST NO. XCOORD. YCOORD. DEMAND READY TIME DUE DATE SERVICE TIME

0  250  250   0   0  3914   0
967 313 263 20 320 772 90
739 319 257 20 527 944 90
325 323 258 10 1160 1657 90
901 326 253 10 820 1417 90
743 317 251 30 792 1248 90
733 298 255 10 48 724 90
942 293 249 10 43 505 90
19 302 235 20 902 1344 90
690 289 240 20 762 1276 90
798 312 252 20 690 1159 90
674 266 264 30 421 945 90
748 275 236 20 1357 1929 90
98 255 245 10 7 329 90
356 314 279 10 113 586 90
579 283 229 30 1218 1684 90
533 278 230 10 1218 1874 90
119 259 243 20 11 505 90
573 325 251 20 1241 1769 90
387 274 248 20 154 626 90
591 325 246 10 1280 1921 90
249 305 212 20 991 1480 90
560 296 232 10 1109 1586 90
280 272 243 30 23 642 90
921 272 246 10 22 606 90
603 326 241 20 1472 1919 90
767 266 250 10 321 657 90
445 283 248 30 33 376 90
271 296 253 10 724 1105 90
318 267 260 20 385 793 90
639 316 254 20 558 1102 90
430 330 259 30 974 1648 90
660 331 252 10 1008 1420 90
417 320 258 20 394 894 90
602 281 279 20 592 996 90
823 313 266 20 258 647 90
