r2_10_1

VEHICLE
NUMBER   CAPACITY
250     1000

CUSTOMER
CUST NO. XCOORD.  YCOORD.  DEMAND  READY TIME DUE DATE  SERVICE TIME

0   250    250     0     0    7697     0
452 225 269 30 5082 5205 10
303 230 320 8 4770 4887 10
95 240 255 33 6404 6604 10
493 297 304 4 227 345 10
716 299 285 3 4991 5160 10
993 287 256 18 61 239 10
802 211 248 26 69 243 10
294 213 283 14 5885 6002 10
307 235 316 2 2616 2751 10
313 267 290 15 111 236 10
220 298 264 36 147 253 10
72 215 293 13 128 315 10
139 235 288 18 83 244 10
898 265 240 9 21 123 10
739 289 220 19 145 248 10
557 214 274 24 5490 5583 10
520 297 283 28 5386 5529 10
921 291 251 20 129 200 10
880 259 301 25 383 528 10
503 247 219 17 81 169 10
710 240 240 35 6820 6897 10
170 250 328 24 1001 1108 10
251 273 300 30 153 288 10
87 246 314 36 5773 5910 10
6 273 255 18 5968 6088 10
350 233 230 20 26 199 10
487 268 288 26 5075 5181 10
411 228 260 12 6450 6514 10
181 284 319 17 3270 3384 10
624 301 239 31 169 248 10
548 221 291 9 184 305 10
364 226 316 21 234 328 10
850 266 221 9 80 185 10
848 229 322 11 6635 6767 10
580 272 234 26 6353 6489 10
9 295 283 26 3538 3728 10
390 285 247 13 5063 5256 10
679 291 213 23 5018 5163 10
191 251 238 27 12 119 10
912 215 282 21 5764 5879 10
896 244 277 18 5204 5326 10
547 214 245 8 97 193 10
50 295 247 12 5212 5335 10
179 221 269 14 5064 5179 10
116 280 245 21 85 158 10
807 228 287 21 97 248 10
839 286 244 31 5150 5242 10
888 248 214 19 5955 5999 10
977 290 328 7 555 714 10
803 293 228 19 133 253 10
984 247 306 33 182 266 10
950 274 261 20 6817 6959 10
184 218 271 16 6280 6429 10
316 210 276 5 138 243 10
