r2_10_1

VEHICLE
NUMBER   CAPACITY
250     1000

CUSTOMER
CUST NO. XCOORD.  YCOORD.  DEMAND  READY TIME DUE DATE  SERVICE TIME

0   250    250     0     0    7697     0
773 415 207 18 3588 3731 10
444 442 153 29 4765 4865 10
356 426 231 24 4102 4245 10
559 475 198 20 3335 3466 10
969 405 187 34 4994 5131 10
424 480 131 5 2740 2881 10
537 456 157 20 5788 5972 10
35 461 195 26 5597 5683 10
268 404 207 6 3634 3771 10
153 495 227 20 1389 1482 10
684 428 202 24 3627 3723 10
178 466 149 16 4761 4848 10
751 482 184 14 4437 4538 10
693 447 184 27 1699 1816 10
770 439 156 2 2101 2225 10
586 432 199 7 2551 2678 10
441 489 159 29 5723 5818 10
834 452 172 9 2443 2542 10
749 458 213 22 4509 4637 10
871 423 221 9 1022 1164 10
643 429 169 8 3607 3735 10
308 435 180 37 896 1020 10
347 420 224 10 1704 1848 10
78 498 171 12 5048 5123 10
720 441 177 23 4022 4107 10
97 454 201 16 5218 5342 10
428 495 199 25 1363 1451 10
886 470 138 16 5531 5704 10
885 450 194 27 2495 2623 10
79 492 188 33 2904 2939 10
74 488 173 25 4836 4966 10
908 480 136 22 937 1116 10
379 440 201 29 3603 3658 10
884 417 212 12 3665 3736 10
642 449 190 2 4533 4707 10
829 443 167 17 2211 2254 10
248 439 222 22 3929 4028 10
975 461 182 13 2540 2612 10
223 480 152 26 4028 4265 10
552 481 207 34 3447 3521 10
794 423 170 27 2022 2203 10
998 439 237 11 3811 3817 10
102 500 228 8 3137 3237 10
105 461 186 16 6054 6165 10
342 494 165 19 2401 2553 10
719 484 224 7 1204 1312 10
669 455 168 21 3501 3554 10
262 452 206 31 1958 2099 10
928 472 248 11 3363 3432 10
234 482 141 14 4028 4178 10
