r2_10_1

VEHICLE
NUMBER   CAPACITY
250     1000

CUSTOMER
CUST NO. XCOORD.  YCOORD.  DEMAND  READY TIME DUE DATE  SERVICE TIME

0   250    250     0     0    7697     0
932 7 82 25 1643 1770 10
697 9 101 16 2678 2771 10
10 57 43 15 4088 4219 10
696 21 70 15 3065 3224 10
418 51 89 19 4833 4953 10
407 32 94 14 3707 3854 10
906 66 31 25 4214 4293 10
891 60 29 32 5461 5560 10
558 16 68 11 1105 1267 10
52 15 11 15 3796 3938 10
967 30 7 23 4734 4895 10
118 1 101 8 5021 5158 10
634 60 5 18 4166 4304 10
527 25 53 23 4088 4193 10
628 68 53 16 2941 3088 10
777 71 12 2 1177 1286 10
796 64 5 14 4493 4658 10
737 18 24 32 2551 2596 10
774 58 39 12 4615 4808 10
240 26 67 15 5274 5380 10
868 19 38 15 3376 3521 10
485 52 18 28 3438 3537 10
236 24 71 11 1394 1494 10
545 30 97 23 4851 4951 10
16 3 23 11 1550 1702 10
883 65 62 15 3883 4048 10
918 38 15 3 4314 4535 10
460 67 24 10 4083 4184 10
909 65 82 13 2966 3071 10
51 6 53 8 2355 2460 10
48 56 75 24 5711 5910 10
