r2_10_1

VEHICLE
NUMBER   CAPACITY
250     1000

CUSTOMER
CUST NO. XCOORD.  YCOORD.  DEMAND  READY TIME DUE DATE  SERVICE TIME

0   250    250     0     0    7697     0
429 372 115 13 1463 1567 10
467 325 147 14 4777 4836 10
94 375 145 12 3719 3836 10
31 361 178 5 3903 3996 10
632 351 148 30 1838 1971 10
369 386 154 31 4415 4513 10
797 371 163 21 3328 3414 10
792 372 97 13 838 992 10
589 333 163 32 4973 5068 10
361 330 138 18 4493 4504 10
157 327 139 13 5021 5158 10
568 365 190 22 5897 6043 10
363 397 153 29 3507 3673 10
690 351 128 15 5010 5136 10
830 321 149 18 5683 5834 10
534 367 97 17 3968 4055 10
825 409 155 19 675 807 10
761 399 175 13 3020 3076 10
152 380 194 3 2872 2956 10
942 347 184 15 4316 4433 10
91 392 95 16 3060 3189 10
779 347 192 18 5930 6096 10
370 335 99 25 4913 4955 10
409 376 113 8 2083 2150 10
25 415 118 19 886 966 10
862 404 140 8 5063 5126 10
367 389 156 27 2851 2993 10
622 390 120 24 4036 4117 10
311 384 149 18 4777 4920 10
949 331 134 11 4479 4631 10
528 339 113 14 3050 3154 10
598 324 99 10 1368 1455 10
675 339 144 13 4424 4487 10
136 330 147 28 3383 3525 10
512 364 173 30 700 862 10
365 354 156 20 3322 3458 10
233 343 166 28 3512 3616 10
900 382 110 24 4427 4592 10
64 393 98 13 3013 3127 10
965 318 99 35 4854 4969 10
185 365 119 30 1482 1692 10
685 355 174 33 2847 2996 10
68 374 116 9 2357 2461 10
408 401 164 13 2523 2568 10
206 413 127 28 3326 3439 10
597 345 146 27 5727 5905 10
990 391 112 24 4039 4084 10
