r2_10_1

VEHICLE
NUMBER   CAPACITY
250     1000

CUSTOMER
CUST NO. XCOORD.  YCOORD.  DEMAND  READY TIME DUE DATE  SERVICE TIME

0   250    250     0     0    7697     0
957 248 386 22 1510 1636 10
849 279 355 9 695 756 10
484 243 402 13 1632 1729 10
198 247 443 17 1302 1461 10
703 195 386 13 508 666 10
286 267 374 23 2425 2501 10
858 211 411 15 4631 4662 10
281 217 357 23 5671 5808 10
1 228 399 14 2329 2482 10
250 299 353 34 393 519 10
489 283 438 3 939 1032 10
533 202 391 30 2497 2611 10
355 283 454 14 5107 5134 10
964 294 421 26 6292 6431 10
976 277 428 7 1931 2112 10
183 263 418 25 1117 1230 10
372 240 362 23 5665 5765 10
354 246 407 12 1235 1377 10
269 286 356 30 354 542 10
539 270 337 20 7160 7222 10
221 307 412 8 1635 1714 10
872 313 391 5 600 716 10
392 243 408 15 5720 5870 10
854 284 457 17 6018 6090 10
494 244 368 25 1648 1785 10
660 210 379 12 2834 2957 10
453 272 420 7 5515 5691 10
843 268 458 24 2100 2204 10
435 226 423 15 832 863 10
382 250 441 5 3026 3140 10
346 288 439 16 1121 1187 10
653 262 369 15 513 641 10
386 225 369 38 432 541 10
296 274 442 17 4301 4350 10
750 257 391 22 6547 6637 10
474 218 403 15 5305 5368 10
389 287 397 12 2262 2373 10
890 244 422 14 2134 2288 10
154 268 351 7 6698 6822 10
413 274 441 12 2762 2915 10
203 261 359 10 401 476 10
569 256 441 34 722 807 10
585 231 410 14 4917 5095 10
214 237 420 15 5311 5483 10
265 241 402 11 4090 4229 10
155 213 399 18 941 1051 10
681 274 403 17 3526 3693 10
874 278 450 29 5504 5615 10
