rc1_10_5

VEHICLE
NUMBER  CAPACITY
250   200

CUSTOMER
CUST NO. XCOORD. YCOORD. DEMAND READY TIME DUE DATE SERVICE TIME

0  250  250   0   0  1821   0
619 64 437 11 903 963 10
357 133 455 25 759 887 10
348 48 437 4 795 842 10
913 130 494 6 757 791 10
899 13 465 31 736 841 10
119 44 440 24 790 817 10
255 115 395 11 808 852 10
770 84 377 10 915 968 10
359 59 388 20 631 725 10
111 0 422 8 813 860 10
946 76 462 18 958 984 10
280 150 484 16 623 657 10
340 58 391 16 892 903 10
551 107 374 8 908 951 10
120 7 382 27 746 824 10
