r2_10_8

VEHICLE
NUMBER  CAPACITY
250   1000

CUSTOMER
CUST NO. XCOORD. YCOORD. DEMAND READY TIME DUE DATE SERVICE TIME

0  250  250   0   0  7697   0
349 195 273 22 118 358 10
239 103 177 28 2446 2686 10
384 178 302 19 3486 3726 10
463 82 183 17 4347 4587 10
943 206 174 14 3139 3379 10
59 159 226 16 256 496 10
317 120 261 5 3113 3353 10
752 222 331 10 2098 2338 10
896 244 277 18 5145 5385 10
888 248 214 19 5857 6097 10
108 34 239 16 816 1056 10
593 161 275 21 5327 5567 10
466 32 191 5 2285 2525 10
698 71 304 19 2696 2936 10
8 117 178 28 4409 4649 10
338 224 320 36 5075 5315 10
190 245 176 20 4879 5119 10
417 83 300 26 1939 2179 10
867 110 251 23 1931 2171 10
399 79 257 26 3752 3992 10
313 267 290 15 54 294 10
87 246 314 36 5721 5961 10
983 136 265 12 340 580 10
411 228 260 12 6362 6602 10
946 201 278 13 106 346 10
20 179 286 8 1305 1545 10
947 206 172 29 3092 3332 10
899 130 186 16 465 705 10
302 13 214 21 5354 5594 10
979 40 304 16 4519 4759 10
588 62 236 29 2172 2412 10
27 261 201 15 5996 6236 10
811 44 311 27 1570 1810 10
395 68 303 22 825 1065 10
996 32 319 21 1542 1782 10
72 215 293 13 102 342 10
557 214 274 24 5416 5656 10
89 166 247 1 216 456 10
795 171 188 30 2422 2662 10
993 287 256 18 37 277 10
303 230 320 8 4708 4948 10
77 176 200 17 2210 2450 10
984 247 306 33 104 344 10
625 115 296 24 6055 6295 10
204 173 182 25 291 531 10
986 180 162 9 634 874 10
710 240 240 35 6738 6978 10
898 265 240 9 18 258 10
944 209 212 18 6051 6291 10
498 68 240 11 3118 3358 10
368 134 211 35 422 662 10
490 191 215 17 154 394 10
235 162 306 22 417 657 10
113 231 167 15 221 461 10
806 172 292 17 308 548 10
469 133 273 20 357 597 10
978 146 313 22 4721 4961 10
307 235 316 2 2563 2803 10
866 9 233 31 1165 1405 10
