r1_10_7

VEHICLE
NUMBER  CAPACITY
250   200

CUSTOMER
CUST NO. XCOORD. YCOORD. DEMAND READY TIME DUE DATE SERVICE TIME

0  250  250   0   0  1925   0
698 0 356 13 0 1644 10
367 29 336 22 0 1678 10
3 80 400 10 0 1689 10
430 80 337 28 0 1725 10
944 96 346 26 0 1734 10
859 58 391 16 0 1677 10
596 43 360 2 0 1681 10
841 95 382 19 0 1712 10
16 52 412 22 0 1660 10
956 80 357 1 0 1715 10
22 104 349 20 0 1739 10
380 84 377 10 0 1706 10
518 48 366 29 0 1683 10
363 94 344 26 0 1733 10
166 89 358 23 0 1722 10
312 67 352 20 0 1706 10
593 12 367 27 0 1650 10
816 46 389 22 0 1669 10
