r2_10_3

VEHICLE
NUMBER   CAPACITY
250     1000

CUSTOMER
CUST NO. XCOORD.  YCOORD.  DEMAND  READY TIME DUE DATE  SERVICE TIME

0   250    250     0     0    7697     0
148 459 53 20 0 7400 10
773 415 207 18 3588 3731 10
15 437 90 12 0 7441 10
319 429 59 9 1827 1964 10
444 442 153 29 4765 4865 10
94 375 145 12 3719 3836 10
559 475 198 20 3335 3466 10
31 361 178 5 3903 3996 10
742 485 104 21 0 7411 10
969 405 187 34 4994 5131 10
424 480 131 5 0 7429 10
676 492 34 5 0 7363 10
500 451 62 5 0 7412 10
537 456 157 20 5788 5972 10
35 461 195 26 0 7469 10
268 404 207 6 3634 3771 10
153 495 227 20 0 7441 10
369 386 154 31 0 7521 10
684 428 202 24 0 7503 10
416 432 66 30 0 7429 10
797 371 163 21 0 7538 10
75 452 110 14 0 7442 10
344 441 60 21 0 7418 10
178 466 149 16 4761 4848 10
751 482 184 14 4437 4538 10
65 466 96 22 0 7422 10
568 365 190 22 5897 6043 10
363 397 153 29 3507 3673 10
630 450 45 24 2005 2144 10
488 476 61 36 1780 1930 10
693 447 184 27 0 7480 10
770 439 156 2 2101 2225 10
636 497 18 10 4520 4641 10
119 420 80 24 0 7447 10
659 497 54 14 0 7372 10
825 409 155 19 0 7502 10
761 399 175 13 3020 3076 10
586 432 199 7 0 7498 10
152 380 194 3 0 7546 10
441 489 159 29 5723 5818 10
877 493 111 26 2162 2286 10
340 438 127 2 0 7463 10
425 429 67 16 2938 3040 10
26 440 77 14 0 7431 10
834 452 172 9 0 7471 10
639 391 202 14 0 7539 10
749 458 213 22 0 7476 10
717 481 84 17 0 7403 10
643 429 169 8 3607 3735 10
894 441 100 31 0 7445 10
308 435 180 37 0 7490 10
25 415 118 19 0 7476 10
862 404 140 8 5063 5126 10
78 498 171 12 0 7427 10
720 441 177 23 4022 4107 10
367 389 156 27 2851 2993 10
622 390 120 24 0 7496 10
637 437 98 16 4480 4549 10
97 454 201 16 5218 5342 10
428 495 199 25 0 7437 10
886 470 138 16 0 7441 10
885 450 194 27 2495 2623 10
79 492 188 33 2904 2939 10
311 384 149 18 0 7520 10
74 488 173 25 4836 4966 10
373 412 100 1 0 7467 10
908 480 136 22 0 7431 10
708 495 83 32 0 7391 10
450 418 75 11 1807 1896 10
379 440 201 29 0 7491 10
798 398 210 31 0 7534 10
92 460 117 14 0 7439 10
512 364 173 30 700 862 10
884 417 212 12 0 7516 10
274 488 3 3 0 7344 10
365 354 156 20 0 7547 10
11 436 123 40 835 966 10
642 449 190 2 0 7480 10
829 443 167 17 2211 2254 10
248 439 222 22 3929 4028 10
975 461 182 13 2540 2612 10
223 480 152 26 0 7437 10
552 481 207 34 3447 3521 10
794 423 170 27 2022 2203 10
853 482 104 19 0 7413 10
245 415 95 15 4708 4825 10
685 355 174 33 2847 2996 10
102 500 228 8 3137 3237 10
105 461 186 16 0 7467 10
496 488 96 22 4264 4386 10
342 494 165 19 2401 2553 10
719 484 224 7 0 7452 10
669 455 168 21 3501 3554 10
262 452 206 31 1958 2099 10
396 456 113 17 4922 5015 10
948 471 94 30 0 7417 10
443 480 119 7 2515 2632 10
620 472 57 17 0 7393 10
408 401 164 13 0 7514 10
206 413 127 28 0 7483 10
990 391 112 24 4039 4084 10
234 482 141 14 4028 4178 10
