r2_10_3

VEHICLE
NUMBER   CAPACITY
250     1000

CUSTOMER
CUST NO. XCOORD.  YCOORD.  DEMAND  READY TIME DUE DATE  SERVICE TIME

0   250    250     0     0    7697     0
467 325 147 14 0 7560 10
913 257 133 19 0 7570 10
141 232 101 24 1405 1483 10
216 292 136 28 0 7566 10
193 236 126 23 400 598 10
993 287 256 18 61 239 10
348 267 162 6 0 7598 10
490 191 215 17 211 338 10
80 177 156 25 0 7568 10
376 225 121 18 0 7556 10
652 337 232 2 6266 6418 10
805 213 185 21 0 7613 10
870 308 199 14 5986 6201 10
589 333 163 32 4973 5068 10
167 343 205 26 3081 3178 10
499 193 138 30 0 7562 10
299 269 112 19 0 7548 10
220 298 264 36 147 253 10
830 321 149 18 0 7564 10
535 188 151 7 0 7571 10
934 158 179 37 0 7571 10
400 181 185 19 6436 6594 10
289 325 210 15 0 7602 10
743 178 135 21 0 7552 10
986 180 162 9 653 855 10
898 265 240 9 21 123 10
739 289 220 19 0 7638 10
32 261 138 1 0 7575 10
951 219 215 32 0 7641 10
29 309 161 23 2287 2499 10
275 178 150 33 0 7564 10
921 291 251 20 129 200 10
442 311 203 15 2892 3008 10
402 267 174 34 6470 6596 10
576 306 229 10 0 7628 10
818 210 219 7 0 7637 10
503 247 219 17 0 7656 10
942 347 184 15 4316 4433 10
19 307 249 10 0 7630 10
553 199 203 20 0 7618 10
710 240 240 35 6820 6897 10
781 186 135 24 0 7556 10
6 273 255 18 0 7664 10
3 290 145 5 5130 5242 10
994 203 211 20 0 7626 10
947 206 172 29 3131 3293 10
692 273 149 14 0 7584 10
350 233 230 20 0 7661 10
608 238 123 24 0 7560 10
446 233 87 18 966 1174 10
779 347 192 18 5930 6096 10
987 253 118 19 2191 2307 10
521 210 113 28 0 7545 10
704 306 235 25 172 291 10
624 301 239 31 169 248 10
606 223 178 20 0 7611 10
782 176 199 28 0 7598 10
137 241 180 13 6789 6887 10
525 235 108 12 4307 4449 10
712 242 106 28 0 7543 10
582 320 211 16 0 7607 10
145 293 174 31 279 420 10
850 266 221 9 0 7654 10
77 176 200 17 2266 2394 10
775 197 202 29 4784 4966 10
165 248 176 32 5579 5753 10
795 171 188 30 2481 2604 10
580 272 234 26 6353 6489 10
390 285 247 13 0 7652 10
603 303 186 10 0 7604 10
100 264 180 33 0 7616 10
738 263 153 12 0 7590 10
679 291 213 23 5018 5163 10
944 209 212 18 6142 6200 10
191 251 238 27 0 7675 10
136 330 147 28 3383 3525 10
27 261 201 15 6060 6172 10
190 245 176 20 4943 5055 10
926 350 199 21 4787 4945 10
381 219 210 14 0 7637 10
233 343 166 28 3512 3616 10
336 217 207 26 0 7633 10
204 173 182 25 383 438 10
113 231 167 15 246 435 10
127 297 131 25 4640 4803 10
526 210 133 15 0 7564 10
230 314 205 22 6086 6249 10
415 212 186 11 6893 6999 10
50 295 247 12 5212 5335 10
943 206 174 14 3201 3318 10
116 280 245 21 0 7657 10
718 271 128 12 0 7564 10
670 215 129 17 4479 4589 10
839 286 244 31 5150 5242 10
273 226 175 23 6798 6871 10
888 248 214 19 5955 5999 10
803 293 228 19 133 253 10
793 344 203 14 708 751 10
423 268 113 21 2734 2823 10
605 264 135 1 0 7572 10
