r2_10_3

VEHICLE
NUMBER   CAPACITY
250     1000

CUSTOMER
CUST NO. XCOORD.  YCOORD.  DEMAND  READY TIME DUE DATE  SERVICE TIME

0   250    250     0     0    7697     0
455 250 57 26 0 7494 10
753 332 5 14 4110 4272 10
429 372 115 13 0 7506 10
2 325 56 13 0 7480 10
800 392 1 11 2419 2543 10
856 404 59 13 0 7442 10
253 239 15 2 0 7452 10
828 292 104 26 0 7536 10
632 351 148 30 0 7544 10
502 306 42 11 1944 1989 10
962 235 33 30 0 7470 10
673 394 47 5 1223 1401 10
683 257 57 18 0 7494 10
792 372 97 13 0 7492 10
361 330 138 18 0 7550 10
157 327 139 13 5021 5158 10
457 385 58 24 1661 1697 10
422 282 1 18 4184 4276 10
690 351 128 15 5010 5136 10
844 352 63 6 4718 4827 10
695 323 77 36 5590 5771 10
923 383 17 15 3765 3879 10
447 323 34 13 0 7459 10
574 341 72 9 3243 3315 10
40 365 74 24 3379 3529 10
67 303 78 12 0 7508 10
531 343 34 7 2882 3036 10
540 323 29 7 4533 4687 10
534 367 97 17 0 7495 10
412 363 34 19 0 7444 10
847 382 9 30 1118 1176 10
723 253 74 20 5375 5546 10
631 351 5 12 0 7422 10
477 251 63 14 3981 4039 10
769 371 71 21 0 7471 10
81 398 49 21 3167 3288 10
91 392 95 16 3060 3189 10
546 273 70 36 2458 2617 10
63 436 25 19 5113 5266 10
432 288 70 24 0 7504 10
14 376 92 10 0 7485 10
427 281 96 1 4532 4594 10
98 407 35 11 0 7421 10
449 292 32 14 888 1066 10
370 335 99 25 0 7514 10
409 376 113 8 0 7501 10
515 344 70 24 4542 4743 10
430 396 83 15 6362 6449 10
776 442 5 16 0 7376 10
256 351 60 15 0 7472 10
217 426 38 23 0 7412 10
650 309 29 11 0 7459 10
188 385 17 40 3186 3404 10
783 438 5 18 0 7379 10
590 364 71 5 0 7475 10
903 307 52 23 3703 3781 10
985 241 38 16 2127 2246 10
949 331 134 11 4479 4631 10
820 365 28 9 0 7437 10
475 295 89 23 0 7520 10
651 397 57 17 5876 6052 10
528 339 113 14 3050 3154 10
598 324 99 10 1368 1455 10
675 339 144 13 0 7549 10
831 235 13 27 0 7450 10
478 388 44 22 4519 4647 10
55 317 45 8 0 7472 10
661 437 19 15 0 7390 10
900 382 110 24 4427 4592 10
491 253 50 27 0 7487 10
357 432 2 20 1848 2004 10
763 244 13 24 4068 4156 10
298 372 39 10 2886 3022 10
724 390 34 7 4201 4401 10
64 393 98 13 3013 3127 10
965 318 99 35 4854 4969 10
310 245 42 24 2203 2295 10
860 240 34 28 6247 6349 10
645 282 10 30 5031 5181 10
185 365 119 30 0 7513 10
297 337 41 8 0 7461 10
83 276 84 20 0 7519 10
215 389 43 21 0 7438 10
224 262 97 17 0 7534 10
612 341 59 27 3156 3282 10
838 400 71 17 0 7454 10
878 392 87 23 0 7471 10
68 374 116 9 0 7505 10
571 349 43 26 0 7458 10
324 335 46 18 5400 5453 10
597 345 146 27 5727 5905 10
952 349 76 15 4121 4244 10
565 231 29 14 4896 5035 10
486 265 0 10 0 7437 10
538 441 7 20 0 7378 10
378 339 41 6 0 7460 10
523 262 92 25 2507 2657 10
