c2_10_7

VEHICLE
NUMBER  CAPACITY
250   700

CUSTOMER
CUST NO. XCOORD. YCOORD. DEMAND READY TIME DUE DATE SERVICE TIME

0  250  250   0   0  3914   0
993 405 311 30 169 344 90
86 394 367 30 303 617 90
835 378 326 30 148 506 90
509 360 338 10 140 920 90
580 366 341 20 311 955 90
967 313 263 20 388 703 90
670 412 300 20 174 1016 90
792 404 310 20 165 1030 90
320 420 311 30 769 1177 90
942 293 249 10 43 457 90
110 406 339 20 179 796 90
639 316 254 20 385 1275 90
359 370 353 10 717 934 90
356 314 279 10 70 1003 90
417 320 258 20 509 780 90
271 296 253 10 662 1167 90
566 394 356 30 178 813 90
889 395 365 30 185 690 90
132 400 364 30 574 725 90
322 418 300 10 590 792 90
475 401 368 20 316 1171 90
739 319 257 20 69 1469 90
689 383 351 20 167 809 90
825 400 376 40 723 962 90
394 361 337 50 141 1011 90
569 419 310 10 599 1165 90
520 420 308 30 569 1009 90
733 298 255 10 48 847 90
722 369 351 20 664 1172 90
298 408 305 10 167 1044 90
339 393 368 10 185 1462 90
413 404 378 10 718 1155 90
230 366 346 20 591 864 90
823 313 266 20 339 566 90
589 368 325 30 139 690 90
798 312 252 20 668 1181 90
130 368 340 10 296 785 90
