rc2_10_9

VEHICLE
NUMBER   CAPACITY
250     1000

CUSTOMER
CUST NO. XCOORD.  YCOORD.  DEMAND  READY TIME DUE DATE  SERVICE TIME

0   250    250     0     0    7284     0
753 199 187 20 327 807 10
467 172 314 9 2002 2482 10
319 80 251 14 1034 1514 10
193 60 231 32 3924 4404 10
451 228 287 21 43 523 10
161 192 265 10 317 797 10
993 3 292 20 842 1322 10
647 197 267 10 255 735 10
59 246 255 10 270 750 10
945 92 236 20 851 1331 10
879 53 204 8 4040 4520 10
930 86 268 10 689 1169 10
388 177 156 25 489 969 10
919 61 214 4 1187 1667 10
293 225 196 10 59 539 10
742 93 235 10 805 1285 10
252 234 246 10 79 559 10
424 91 268 10 798 1278 10
864 213 185 21 74 554 10
437 221 291 9 50 530 10
805 88 287 30 874 1354 10
760 228 199 10 357 837 10
988 34 239 16 696 1176 10
500 204 185 20 473 953 10
696 52 303 25 1585 2065 10
735 228 260 12 6242 6722 10
5 230 197 40 306 786 10
686 241 205 30 292 772 10
153 212 186 11 6706 7186 10
369 40 304 16 4399 4879 10
684 90 232 10 666 1146 10
75 30 302 10 886 1366 10
317 241 180 13 6598 7078 10
407 214 245 8 36 516 10
613 90 274 20 537 1017 10
163 64 294 12 4225 4705 10
484 195 273 22 59 539 10
995 18 225 8 2585 3065 10
47 41 232 16 641 1121 10
344 238 210 30 355 835 10
305 111 178 18 386 866 10
497 72 227 25 2075 2555 10
115 264 180 33 6543 7023 10
124 210 185 20 76 556 10
307 25 307 10 818 1298 10
272 236 213 20 39 519 10
53 226 175 23 6595 7075 10
937 35 304 30 690 1170 10
728 0 297 10 991 1471 10
65 200 261 10 486 966 10
286 91 235 10 896 1376 10
433 33 278 18 5769 6249 10
509 146 313 22 4601 5081 10
641 159 299 12 3882 4362 10
160 38 301 20 1002 1482 10
967 197 270 30 203 683 10
695 234 202 10 139 619 10
923 80 286 10 716 1196 10
43 111 192 11 4618 5098 10
258 149 341 6 1436 1916 10
349 200 270 20 56 536 10
40 80 290 10 610 1090 10
575 1 293 10 891 1371 10
535 8 300 10 1243 1723 10
745 224 320 36 4955 5435 10
907 19 273 25 3886 4366 10
101 237 254 20 153 633 10
859 237 213 10 408 888 10
659 244 254 20 221 701 10
842 5 281 16 5306 5786 10
477 265 240 9 18 498 10
30 83 300 26 1819 2299 10
959 206 186 10 570 1050 10
355 95 234 10 473 953 10
314 208 184 20 114 594 10
976 198 271 20 157 637 10
45 88 286 10 830 1310 10
458 235 316 2 2443 2923 10
818 133 273 20 237 717 10
152 62 326 20 965 1445 10
857 24 259 19 1300 1780 10
623 51 286 14 5656 6136 10
176 248 251 20 2 482 10
744 215 282 21 5582 6062 10
19 7 300 30 1199 1679 10
970 13 214 21 5234 5714 10
584 173 182 25 171 651 10
505 71 282 29 2387 2867 10
615 35 306 20 738 1218 10
425 103 177 28 2326 2806 10
221 33 286 11 6004 6484 10
251 118 314 26 1170 1650 10
7 133 202 33 1662 2142 10
872 199 203 20 5649 6129 10
6 175 239 23 75 555 10
14 102 264 10 355 835 10
476 176 199 28 119 599 10
427 225 269 30 4903 5383 10
902 16 287 12 903 1383 10
243 0 293 30 935 1415 10
979 131 246 17 3148 3628 10
149 249 258 30 327 807 10
871 240 250 10 10 490 10
754 201 188 10 375 855 10
469 35 303 20 646 1126 10
449 85 288 20 548 1028 10
961 204 187 30 521 1001 10
779 243 248 30 7 487 10
374 200 265 10 430 910 10
347 216 341 19 2436 2916 10
304 100 266 20 406 886 10
18 92 233 10 715 1195 10
536 105 181 19 5945 6425 10
660 233 207 10 46 526 10
811 7 292 10 746 1226 10
453 238 204 20 239 719 10
513 44 311 27 1450 1930 10
368 246 314 36 5601 6081 10
421 6 292 10 790 1270 10
367 89 290 20 490 970 10
955 153 235 10 153 633 10
627 92 230 20 575 1055 10
382 6 296 10 1099 1579 10
97 5 297 10 1145 1625 10
420 209 212 18 5931 6411 10
346 200 178 20 194 674 10
886 250 328 24 815 1295 10
772 89 185 16 2219 2699 10
737 95 277 20 918 1398 10
77 96 270 20 469 949 10
244 211 248 26 39 519 10
590 244 277 18 5025 5505 10
508 134 211 35 302 782 10
795 274 261 20 6648 7128 10
911 214 274 24 5296 5776 10
799 146 188 6 4760 5240 10
90 230 320 8 4588 5068 10
100 2 295 30 1043 1523 10
727 293 228 19 48 528 10
334 73 328 20 534 1014 10
607 231 204 20 421 901 10
173 180 283 23 2795 3275 10
944 195 185 20 269 749 10
562 120 261 5 2993 3473 10
706 224 192 10 100 580 10
177 7 194 29 3625 4105 10
786 47 208 30 726 1206 10
868 198 264 20 381 861 10
929 247 219 17 31 511 10
189 149 214 7 1748 2228 10
386 233 204 20 49 529 10
635 89 272 10 586 1066 10
501 226 191 20 192 672 10
302 157 269 31 6125 6605 10
922 210 276 5 47 527 10
900 92 232 10 527 1007 10
261 238 203 10 195 675 10
845 90 296 20 426 906 10
882 56 268 28 4076 4556 10
610 206 261 10 550 1030 10
763 231 195 20 257 737 10
991 236 247 20 30 510 10
248 224 191 20 144 624 10
64 92 259 4 1418 1898 10
645 30 301 10 930 1410 10
698 179 286 8 1185 1665 10
887 91 231 30 621 1101 10
127 0 188 26 3548 4028 10
199 148 208 22 1926 2406 10
414 87 285 30 784 1264 10
230 244 250 10 6 486 10
823 92 270 20 847 1327 10
464 199 268 20 105 585 10
547 201 278 13 56 536 10
50 86 199 23 931 1411 10
116 94 235 20 427 907 10
757 272 234 26 6181 6661 10
904 143 158 12 370 850 10
395 95 235 10 383 863 10
228 226 316 21 70 550 10
808 202 186 20 424 904 10
126 201 270 10 52 532 10
158 188 151 7 5007 5487 10
511 37 281 17 1793 2273 10
626 170 347 15 1563 2043 10
203 91 266 10 750 1230 10
496 13 314 14 795 1275 10
817 130 247 17 240 720 10
714 217 207 26 5350 5830 10
569 32 319 21 1422 1902 10
838 204 269 30 49 529 10
396 203 211 20 5046 5526 10
618 79 291 10 655 1135 10
214 286 244 31 4956 5436 10
86 97 288 22 4956 5436 10
408 92 234 10 759 1239 10
803 90 285 40 925 1405 10
793 245 251 10 5 485 10
134 89 270 10 634 1114 10
206 224 203 20 53 533 10
688 57 183 15 4221 4701 10
234 219 215 32 46 526 10
538 166 247 1 96 576 10
605 231 203 20 86 566 10
