rc2_10_7

VEHICLE
NUMBER   CAPACITY
250     1000

CUSTOMER
CUST NO. XCOORD.  YCOORD.  DEMAND  READY TIME DUE DATE  SERVICE TIME

0   250    250     0     0    7284     0
753 199 187 20 363 770 10
467 172 314 9 1981 2502 10
319 80 251 14 1008 1540 10
193 60 231 32 3993 4335 10
451 228 287 21 43 405 10
161 192 265 10 374 740 10
993 3 292 20 1018 1146 10
647 197 267 10 429 560 10
59 246 255 10 419 601 10
945 92 236 20 739 1443 10
879 53 204 8 4163 4397 10
930 86 268 10 681 1176 10
388 177 156 25 535 923 10
919 61 214 4 1221 1633 10
293 225 196 10 201 365 10
742 93 235 10 876 1213 10
252 234 246 10 214 423 10
424 91 268 10 850 1227 10
864 213 185 21 74 651 10
437 221 291 9 81 408 10
805 88 287 30 985 1242 10
760 228 199 10 384 810 10
988 34 239 16 840 1031 10
500 204 185 20 548 878 10
696 52 303 25 1549 2100 10
735 228 260 12 6312 6653 10
5 230 197 40 451 642 10
686 241 205 30 398 665 10
153 212 186 11 6634 7200 10
369 40 304 16 4392 4885 10
684 90 232 10 794 1019 10
75 30 302 10 1054 1198 10
317 241 180 13 6824 6853 10
407 214 245 8 36 426 10
613 90 274 20 597 958 10
163 64 294 12 4217 4713 10
484 195 273 22 188 288 10
995 18 225 8 2704 2947 10
47 41 232 16 686 1076 10
344 238 210 30 142 1049 10
305 111 178 18 461 791 10
497 72 227 25 2173 2457 10
115 264 180 33 6555 7011 10
124 210 185 20 245 365 10
307 25 307 10 905 1210 10
272 236 213 20 86 230 10
53 226 175 23 6675 6995 10
937 35 304 30 785 1075 10
728 0 297 10 798 1665 10
65 200 261 10 567 885 10
286 91 235 10 902 1371 10
433 33 278 18 5843 6175 10
509 146 313 22 4647 5036 10
641 159 299 12 3916 4328 10
160 38 301 20 1079 1406 10
967 197 270 30 270 616 10
695 234 202 10 205 552 10
923 80 286 10 829 1082 10
43 111 192 11 4842 4873 10
258 149 341 6 1433 1919 10
349 200 270 20 144 448 10
40 80 290 10 761 939 10
575 1 293 10 1074 1189 10
535 8 300 10 1192 1774 10
745 224 320 36 5043 5347 10
907 19 273 25 3922 4331 10
101 237 254 20 332 454 10
859 237 213 10 577 718 10
659 244 254 20 174 749 10
842 5 281 16 5418 5675 10
477 265 240 9 18 385 10
30 83 300 26 1767 2350 10
959 206 186 10 407 1214 10
355 95 234 10 498 928 10
314 208 184 20 258 450 10
976 198 271 20 198 597 10
45 88 286 10 801 1338 10
458 235 316 2 2492 2875 10
818 133 273 20 428 526 10
152 62 326 20 986 1425 10
857 24 259 19 1364 1716 10
623 51 286 14 5589 6202 10
176 248 251 20 2 174 10
744 215 282 21 5485 6158 10
19 7 300 30 1081 1797 10
970 13 214 21 5360 5589 10
584 173 182 25 222 599 10
505 71 282 29 2495 2759 10
615 35 306 20 710 1246 10
425 103 177 28 2428 2704 10
221 33 286 11 6026 6461 10
251 118 314 26 1220 1601 10
7 133 202 33 1554 2251 10
872 199 203 20 5638 6140 10
6 175 239 23 163 444 10
14 102 264 10 395 795 10
476 176 199 28 187 531 10
427 225 269 30 5055 5232 10
902 16 287 12 964 1323 10
243 0 293 30 1105 1246 10
979 131 246 17 3070 3706 10
149 249 258 30 285 849 10
871 240 250 10 29 390 10
754 201 188 10 558 672 10
469 35 303 20 624 1148 10
449 85 288 20 647 929 10
961 204 187 30 497 1025 10
779 243 248 30 7 442 10
374 200 265 10 666 674 10
347 216 341 19 2330 3022 10
304 100 266 20 592 700 10
18 92 233 10 668 1242 10
536 105 181 19 5957 6412 10
660 233 207 10 79 372 10
811 7 292 10 912 1060 10
453 238 204 20 205 753 10
513 44 311 27 1521 1858 10
368 246 314 36 5788 5895 10
421 6 292 10 816 1244 10
367 89 290 20 516 945 10
955 153 235 10 256 530 10
627 92 230 20 474 1156 10
382 6 296 10 1285 1394 10
97 5 297 10 1318 1451 10
420 209 212 18 5942 6401 10
346 200 178 20 97 772 10
886 250 328 24 934 1175 10
772 89 185 16 2186 2733 10
737 95 277 20 1111 1204 10
77 96 270 20 507 911 10
244 211 248 26 39 445 10
590 244 277 18 4916 5614 10
508 134 211 35 348 736 10
795 274 261 20 6692 7083 10
911 214 274 24 5385 5688 10
799 146 188 6 4865 5135 10
90 230 320 8 4774 4883 10
100 2 295 30 1103 1463 10
727 293 228 19 48 480 10
334 73 328 20 583 965 10
607 231 204 20 433 888 10
173 180 283 23 2878 3191 10
944 195 185 20 390 627 10
562 120 261 5 3015 3452 10
706 224 192 10 131 549 10
177 7 194 29 3728 4003 10
786 47 208 30 698 1233 10
868 198 264 20 595 647 10
929 247 219 17 31 369 10
189 149 214 7 1859 2117 10
386 233 204 20 164 390 10
635 89 272 10 679 974 10
501 226 191 20 293 571 10
302 157 269 31 6198 6532 10
922 210 276 5 47 492 10
900 92 232 10 550 983 10
261 238 203 10 148 722 10
845 90 296 20 499 833 10
882 56 268 28 4142 4489 10
610 206 261 10 499 1080 10
763 231 195 20 360 634 10
991 236 247 20 178 362 10
248 224 191 20 119 649 10
64 92 259 4 1522 1794 10
645 30 301 10 1090 1250 10
698 179 286 8 1396 1453 10
887 91 231 30 608 1114 10
127 0 188 26 3690 3886 10
199 148 208 22 1941 2391 10
414 87 285 30 998 1051 10
230 244 250 10 10 204 10
823 92 270 20 1011 1164 10
464 199 268 20 123 567 10
547 201 278 13 105 346 10
50 86 199 23 1063 1280 10
116 94 235 20 514 820 10
757 272 234 26 6371 6472 10
904 143 158 12 468 753 10
395 95 235 10 595 651 10
228 226 316 21 70 528 10
808 202 186 20 446 883 10
126 201 270 10 111 393 10
158 188 151 7 5022 5471 10
511 37 281 17 1817 2249 10
626 170 347 15 1755 1852 10
203 91 266 10 751 1230 10
496 13 314 14 864 1206 10
817 130 247 17 363 598 10
714 217 207 26 5550 5629 10
569 32 319 21 1470 1855 10
838 204 269 30 85 314 10
396 203 211 20 5103 5469 10
618 79 291 10 745 1046 10
214 286 244 31 4901 5490 10
86 97 288 22 4865 5527 10
408 92 234 10 784 1215 10
803 90 285 40 834 1496 10
793 245 251 10 5 513 10
134 89 270 10 711 1037 10
206 224 203 20 71 358 10
688 57 183 15 4284 4638 10
234 219 215 32 46 590 10
538 166 247 1 250 423 10
605 231 203 20 204 448 10
