r2_10_3

VEHICLE
NUMBER  CAPACITY
250   1000

CUSTOMER
CUST NO. XCOORD. YCOORD. DEMAND READY TIME DUE DATE SERVICE TIME

0  250  250   0   0  7697   0
63 436 25 19 5113 5266 10
357 432 2 20 1848 2004 10
877 493 111 26 2162 2286 10
450 418 75 11 1807 1896 10
488 476 61 36 1780 1930 10
637 437 98 16 4480 4549 10
11 436 123 40 835 966 10
496 488 96 22 4264 4386 10
443 480 119 7 2515 2632 10
245 415 95 15 4708 4825 10
425 429 67 16 2938 3040 10
636 497 18 10 4520 4641 10
396 456 113 17 4922 5015 10
630 450 45 24 2005 2144 10
319 429 59 9 1827 1964 10
