r2_10_10

VEHICLE
NUMBER  CAPACITY
250   1000

CUSTOMER
CUST NO. XCOORD. YCOORD. DEMAND READY TIME DUE DATE SERVICE TIME

0  250  250   0   0  7697   0
944 209 212 18 5932 6410 10
400 181 185 19 6231 6799 10
329 157 269 31 6139 6591 10
290 175 352 12 6500 6941 10
6 273 255 18 5782 6275 10
553 199 203 20 5616 6163 10
411 228 260 12 6253 6712 10
95 240 255 33 6294 6713 10
87 246 314 36 5596 6086 10
27 261 201 15 5895 6337 10
888 248 214 19 5720 6234 10
973 167 291 27 6300 6894 10
580 272 234 26 6200 6643 10
426 162 301 16 6255 6770 10
848 229 322 11 6448 6955 10
539 270 337 20 6954 7428 10
667 171 303 18 6171 6663 10
912 215 282 21 5568 6075 10
950 274 261 20 6653 7122 10
870 308 199 14 5818 6368 10
710 240 240 35 6641 7076 10
415 212 186 11 6721 7172 10
887 190 267 36 6871 7278 10
184 218 271 16 6117 6593 10
294 213 283 14 5692 6196 10
