r2_10_10

VEHICLE
NUMBER  CAPACITY
250   1000

CUSTOMER
CUST NO. XCOORD. YCOORD. DEMAND READY TIME DUE DATE SERVICE TIME

0  250  250   0   0  7697   0
671 179 318 2 4276 4809 10
716 299 285 3 4829 5321 10
775 197 202 29 4609 5141 10
839 286 244 31 4933 5459 10
576 306 229 10 5108 5575 10
303 230 320 8 4538 5118 10
596 166 345 14 4338 4821 10
593 161 275 21 5228 5666 10
50 295 247 12 5070 5478 10
179 221 269 14 4883 5361 10
390 285 247 13 4952 5367 10
978 146 313 22 4627 5055 10
338 224 320 36 4951 5439 10
702 164 320 12 4201 4677 10
241 164 332 19 4960 5397 10
896 244 277 18 5023 5507 10
336 217 207 26 5382 5797 10
741 159 299 12 3860 4384 10
557 214 274 24 5335 5737 10
679 291 213 23 4815 5366 10
994 203 211 20 5053 5518 10
487 268 288 26 4880 5376 10
19 307 249 10 5329 5803 10
607 174 347 3 3896 4341 10
520 297 283 28 5220 5696 10
452 225 269 30 4912 5374 10
