c2_10_6

VEHICLE
NUMBER   CAPACITY
250     700

CUSTOMER
CUST NO. XCOORD.  YCOORD.  DEMAND  READY TIME DUE DATE  SERVICE TIME

0   250    250     0     0    3914     0
465 345 15 20 1264 1860 90
205 383 18 20 1452 1993 90
319 378 46 30 2896 3445 90
451 336 7 10 1446 1883 90
404 389 33 20 2830 3296 90
294 390 9 30 1053 1632 90
490 367 59 10 3039 3459 90
759 366 57 20 2924 3388 90
849 392 31 20 2741 3199 90
864 385 28 10 2091 2641 90
416 362 17 10 1759 2169 90
499 347 40 30 333 888 90
124 343 27 20 983 1569 90
457 406 37 40 264 700 90
52 368 17 20 1903 2299 90
715 386 28 20 2308 2865 90
863 393 2 30 871 1247 90
164 352 38 10 374 1037 90
518 408 20 30 282 825 90
693 387 21 10 1425 1830 90
770 383 41 20 2541 2990 90
331 382 17 20 1616 2012 90
510 390 17 30 1226 1839 90
678 356 28 20 872 1288 90
477 374 55 30 2537 3206 90
107 420 20 30 383 927 90
700 366 16 20 1738 2377 90
576 401 15 20 634 897 90
201 351 33 20 517 1085 90
621 390 42 20 2437 2900 90
701 348 16 30 1616 2104 90
894 346 13 20 1431 2102 90
370 370 55 10 2691 3241 90
409 363 55 10 2909 3216 90
515 375 31 20 2060 2471 90
935 405 24 10 274 923 90
650 405 47 10 255 919 90
244 373 22 10 2121 2664 90
165 395 1 30 726 1208 90
598 405 5 20 617 1115 90
727 396 4 10 849 1457 90
607 393 13 20 1208 1667 90
706 384 24 10 2461 2901 90
70 353 32 10 694 1277 90
876 341 26 10 1096 1640 90
381 391 23 10 2470 3086 90
912 397 27 20 2209 2727 90
11 365 18 20 2048 2538 90
302 363 62 20 3048 3605 90
259 378 25 10 2227 2750 90
910 361 15 20 1980 2416 90
297 397 40 40 2303 2838 90
223 394 10 40 1050 1448 90
655 381 20 20 1736 2079 90
918 347 23 30 942 1419 90
685 347 21 20 1345 1588 90
496 374 17 10 1734 2276 90
909 351 31 20 652 1133 90
443 395 30 20 2687 3066 90
952 366 34 10 1910 2421 90
