c2_10_6

VEHICLE
NUMBER   CAPACITY
250     700

CUSTOMER
CUST NO. XCOORD.  YCOORD.  DEMAND  READY TIME DUE DATE  SERVICE TIME

0   250    250     0     0    3914     0
638 117 204 30 1481 2075 90
94 148 225 40 501 885 90
59 121 203 10 1634 2109 90
252 155 198 30 108 681 90
683 107 168 20 2334 2855 90
104 128 209 20 850 1496 90
875 108 222 10 1305 1849 90
636 114 169 20 2519 2866 90
166 120 210 20 1084 1640 90
631 123 206 10 1720 2211 90
897 110 199 10 2113 2462 90
442 118 214 20 136 592 90
183 152 196 10 111 704 90
586 140 220 30 668 1098 90
176 112 208 10 1404 1959 90
21 149 183 20 2903 3473 90
691 129 185 20 2692 3095 90
393 125 212 10 911 1623 90
987 152 225 30 794 1353 90
629 140 180 20 2884 3293 90
421 140 206 30 232 743 90
955 138 196 30 1926 2220 90
382 137 227 20 115 770 90
405 151 214 10 278 905 90
554 147 199 30 126 649 90
431 136 217 30 756 1200 90
74 101 179 20 2261 2723 90
903 118 223 10 217 621 90
893 104 198 20 2166 2601 90
334 137 186 10 2688 3297 90
315 157 192 20 3049 3532 90
599 125 226 20 1204 1734 90
383 161 203 20 100 507 90
135 126 188 20 1918 2437 90
504 107 225 30 265 775 90
983 145 221 20 517 1058 90
231 125 181 20 2499 3098 90
108 132 218 10 122 650 90
597 131 207 20 967 1191 90
277 107 221 40 284 945 90
