r1_10_7

VEHICLE
NUMBER  CAPACITY
250   200

CUSTOMER
CUST NO. XCOORD. YCOORD. DEMAND READY TIME DUE DATE SERVICE TIME

0  250  250   0   0  1925   0
200 92 18 8 0 1635 10
385 87 3 13 0 1620 10
502 150 68 23 0 1708 10
387 98 29 14 0 1647 10
383 104 28 8 0 1650 10
279 120 37 28 0 1666 10
846 168 59 6 0 1708 10
791 98 2 14 0 1625 10
740 125 61 26 0 1689 10
614 100 66 15 0 1678 10
388 135 30 12 0 1667 10
147 174 41 15 0 1693 10
398 142 30 32 0 1670 10
240 157 38 3 0 1684 10
107 100 85 14 0 1693 10
683 142 80 12 0 1714 10
507 158 24 18 0 1671 10
