rc2_10_3

VEHICLE
NUMBER  CAPACITY
250   1000

CUSTOMER
CUST NO. XCOORD. YCOORD. DEMAND READY TIME DUE DATE SERVICE TIME

0  250  250   0   0  7284   0
648 498 171 12 5026 5146 10
399 485 104 21 3178 3298 10
599 479 169 20 1234 1354 10
345 479 121 10 1231 1351 10
247 455 168 21 3467 3587 10
331 480 119 7 2514 2634 10
219 477 120 10 1368 1488 10
351 476 174 30 1297 1417 10
552 477 97 10 1131 1251 10
571 481 84 17 2022 2142 10
170 488 173 20 1115 1235 10
813 478 99 10 1245 1365 10
249 439 156 2 2103 2223 10
749 438 127 2 3764 3884 10
977 480 131 5 2750 2870 10
978 437 98 16 4455 4575 10
594 452 110 14 1361 1481 10
950 481 124 10 1134 1254 10
561 482 104 19 3230 3350 10
591 484 177 20 1006 1126 10
963 477 122 10 1320 1440 10
444 480 152 26 4086 4206 10
896 476 102 20 1345 1465 10
888 479 176 20 946 1066 10
776 470 125 20 952 1072 10
245 484 174 10 1058 1178 10
875 477 179 20 891 1011 10
637 478 121 40 1275 1395 10
665 478 118 20 1417 1537 10
716 479 127 20 1079 1199 10
