r2_10_5

VEHICLE
NUMBER  CAPACITY
250   1000

CUSTOMER
CUST NO. XCOORD. YCOORD. DEMAND READY TIME DUE DATE SERVICE TIME

0  250  250   0   0  7697   0
4 340 291 22 1822 2062 10
586 432 199 7 2494 2734 10
404 385 239 21 3082 3322 10
79 492 188 33 2801 3041 10
342 494 165 19 2357 2597 10
82 497 296 14 2390 2630 10
462 360 284 19 2606 2846 10
262 452 206 31 1909 2149 10
227 390 249 21 2267 2507 10
975 461 182 13 2456 2696 10
102 500 228 8 3067 3307 10
744 389 255 15 3081 3321 10
479 381 328 12 2809 3049 10
509 486 324 15 3018 3258 10
28 490 286 29 2029 2269 10
834 452 172 9 2373 2613 10
761 399 175 13 2928 3168 10
353 499 316 18 2427 2667 10
772 366 288 29 2675 2915 10
929 333 293 27 2408 2648 10
261 408 318 15 2512 2752 10
794 423 170 27 1992 2232 10
694 386 245 16 1856 2096 10
152 380 194 3 2794 3034 10
829 443 167 17 2113 2353 10
112 371 332 14 2058 2298 10
726 436 295 11 2053 2293 10
151 497 266 25 2930 3170 10
403 475 267 7 3058 3298 10
508 352 241 5 3109 3349 10
584 489 274 31 2075 2315 10
885 450 194 27 2439 2679 10
