r1_10_3

VEHICLE
NUMBER  CAPACITY
250   200

CUSTOMER
CUST NO. XCOORD. YCOORD. DEMAND READY TIME DUE DATE SERVICE TIME

0  250  250   0   0  1925   0
860 142 360 20 1542 1552 10
239 230 320 8 1202 1212 10
527 244 277 18 1311 1321 10
302 178 302 19 897 907 10
559 286 244 31 1294 1304 10
470 196 489 23 1040 1050 10
371 179 318 2 1131 1141 10
321 178 420 18 1081 1091 10
567 230 487 20 1140 1150 10
384 224 320 36 1294 1304 10
272 278 450 29 1385 1395 10
178 148 462 10 737 747 10
461 215 282 21 1450 1460 10
352 222 499 7 855 865 10
981 175 422 24 1456 1466 10
436 179 497 1 1421 1431 10
878 133 455 25 818 828 10
909 174 397 32 1255 1265 10
261 259 498 33 1085 1095 10
192 272 420 7 1396 1406 10
687 228 260 12 1616 1626 10
15 164 320 12 1105 1115 10
150 210 379 12 719 729 10
834 217 357 23 1430 1440 10
264 167 291 27 1644 1654 10
257 295 247 12 1313 1323 10
877 274 261 20 1717 1727 10
65 299 285 3 1264 1274 10
479 162 388 11 1136 1146 10
237 294 421 26 1585 1595 10
866 240 240 35 1710 1720 10
541 272 234 26 1600 1610 10
42 166 345 14 1140 1150 10
253 246 314 36 1455 1465 10
671 257 391 22 1643 1653 10
478 240 255 33 1621 1631 10
923 138 406 8 1226 1236 10
586 157 269 31 1586 1596 10
770 180 283 23 754 764 10
664 162 301 16 1623 1633 10
