r1_10_9

VEHICLE
NUMBER  CAPACITY
250   200

CUSTOMER
CUST NO. XCOORD. YCOORD. DEMAND READY TIME DUE DATE SERVICE TIME

0  250  250   0   0  1925   0
428 68 160 21 1132 1169 10
807 77 172 23 793 808 10
393 49 118 3 1070 1102 10
832 30 155 9 1265 1326 10
609 82 183 17 1080 1153 10
69 64 198 10 1073 1134 10
882 7 194 29 928 1004 10
940 33 152 17 1299 1371 10
2 67 190 25 1158 1219 10
867 46 163 8 922 961 10
179 44 140 11 843 923 10
529 30 97 23 1214 1237 10
48 0 188 26 915 980 10
157 64 135 11 850 917 10
665 1 101 8 1246 1299 10
588 39 153 26 775 850 10
966 53 204 8 1032 1108 10
382 6 196 20 1168 1269 10
242 61 170 20 983 1058 10
298 83 169 21 767 816 10
143 57 183 15 1088 1143 10
492 63 155 7 945 1014 10
197 45 166 22 999 1057 10
