c1_10_9

VEHICLE
NUMBER   CAPACITY
250     200

CUSTOMER
CUST NO. XCOORD.  YCOORD.  DEMAND  READY TIME DUE DATE  SERVICE TIME

0   250    250     0     0    1824     0
932 441 65 10 266 626 90
802 462 14 20 792 1152 90
835 489 17 10 615 975 90
832 440 63 20 730 1090 90
35 435 68 10 259 619 90
889 435 20 20 776 1136 90
270 440 61 30 822 1182 90
361 491 25 10 804 1164 90
858 491 20 20 709 1069 90
447 483 27 20 1052 1412 90
139 435 11 40 302 662 90
531 438 26 10 295 655 90
483 438 31 10 288 648 90
722 458 16 20 313 673 90
195 431 28 20 573 933 90
825 439 67 10 263 623 90
700 435 16 10 682 1042 90
769 432 27 10 664 1024 90
146 435 62 30 1007 1367 90
432 483 22 10 329 689 90
288 483 14 10 518 878 90
14 437 12 20 405 765 90
994 485 27 10 1051 1411 90
550 459 17 20 886 1246 90
608 488 26 30 988 1348 90
754 437 15 30 590 950 90
370 446 63 20 543 903 90
430 464 13 20 700 1060 90
955 440 7 20 309 669 90
525 428 25 20 1033 1393 90
100 460 2 20 508 868 90
727 481 20 20 422 782 90
54 433 31 10 285 645 90
334 459 10 10 410 770 90
607 434 26 10 389 749 90
379 428 24 10 942 1302 90
177 433 27 20 481 841 90
868 446 65 20 361 721 90
827 443 64 30 637 997 90
724 432 24 20 848 1208 90
171 437 61 10 915 1275 90
645 439 15 20 498 858 90
414 461 8 20 604 964 90
853 485 24 20 326 686 90
718 459 14 20 315 675 90
154 446 64 10 452 812 90
135 433 25 20 757 1117 90
839 489 27 10 896 1256 90
384 481 26 30 321 681 90
791 429 27 20 1089 1449 90
326 460 13 20 317 677 90
184 433 15 20 297 657 90
