c1_10_9

VEHICLE
NUMBER   CAPACITY
250     200

CUSTOMER
CUST NO. XCOORD.  YCOORD.  DEMAND  READY TIME DUE DATE  SERVICE TIME

0   250    250     0     0    1824     0
148 121 157 10 159 519 90
773 107 112 30 577 937 90
322 94 97 20 218 578 90
461 111 110 20 390 750 90
559 88 95 20 505 865 90
600 61 156 30 317 677 90
593 113 156 10 439 799 90
805 72 96 20 1069 1429 90
870 65 153 30 412 772 90
418 117 152 20 717 1077 90
416 68 99 10 883 1243 90
47 111 113 10 483 843 90
313 67 108 10 231 591 90
159 118 153 30 808 1168 90
122 113 106 20 198 558 90
291 120 159 10 161 521 90
560 116 151 20 625 985 90
172 87 96 30 597 957 90
481 67 109 20 233 593 90
953 116 152 20 534 894 90
678 109 108 10 297 657 90
895 66 98 20 790 1150 90
57 118 157 20 254 614 90
338 64 99 10 698 1058 90
462 97 93 20 315 675 90
616 68 108 10 230 590 90
374 123 155 10 996 1356 90
513 121 151 20 902 1262 90
284 70 100 10 975 1335 90
627 93 96 20 220 580 90
352 61 147 40 218 578 90
74 64 108 10 326 686 90
795 64 101 20 515 875 90
390 72 148 20 205 565 90
603 108 116 30 762 1122 90
562 123 159 20 156 516 90
786 66 156 10 505 865 90
876 67 105 10 420 780 90
274 71 153 20 601 961 90
131 116 156 10 346 706 90
698 95 92 20 408 768 90
114 65 100 10 607 967 90
389 109 114 10 670 1030 90
415 96 97 20 217 577 90
705 108 105 20 202 562 90
869 71 156 10 694 1054 90
977 74 146 30 204 564 90
569 91 101 10 693 1053 90
878 73 101 20 1143 1503 90
234 71 103 20 1143 1503 90
316 109 107 20 206 566 90
