rc1_10_2

VEHICLE
NUMBER   CAPACITY
250     200

CUSTOMER
CUST NO. XCOORD.  YCOORD.  DEMAND  READY TIME DUE DATE  SERVICE TIME

0   250    250     0     0    1821     0
196 436 25 19 0 1520 10
132 472 57 17 1295 1325 10
454 488 3 3 401 431 10
856 433 15 20 297 327 10
969 489 17 10 380 410 10
380 432 2 20 467 497 10
121 459 53 20 0 1524 10
167 459 10 10 335 365 10
122 491 25 10 409 439 10
953 492 34 5 811 841 10
195 481 20 20 347 377 10
183 464 13 20 0 1492 10
616 437 15 30 0 1511 10
320 476 61 36 449 479 10
546 437 19 15 1014 1044 10
288 483 27 20 458 488 10
456 459 14 20 315 345 10
263 485 27 10 446 476 10
701 461 8 20 369 399 10
809 435 11 40 302 332 10
41 439 15 20 343 373 10
165 437 12 20 330 360 10
708 491 20 20 394 424 10
242 460 13 20 322 352 10
278 435 16 10 367 397 10
873 459 17 20 411 441 10
365 481 26 30 0 1490 10
661 441 60 21 1459 1489 10
336 441 7 20 392 422 10
829 460 2 20 0 1487 10
965 489 27 10 421 451 10
729 435 20 20 381 411 10
682 440 7 20 314 344 10
337 462 14 20 397 427 10
998 485 24 20 326 356 10
110 483 14 10 0 1480 10
16 451 62 5 282 312 10
504 483 22 10 334 364 10
231 458 16 20 313 343 10
108 488 26 30 433 463 10
