rc1_10_2

VEHICLE
NUMBER   CAPACITY
250     200

CUSTOMER
CUST NO. XCOORD.  YCOORD.  DEMAND  READY TIME DUE DATE  SERVICE TIME

0   250    250     0     0    1821     0
292 154 374 36 0 1655 10
785 162 388 11 0 1648 10
283 111 392 18 1169 1199 10
509 146 313 22 1195 1225 10
246 175 352 12 0 1685 10
258 149 341 6 0 1676 10
770 84 377 10 926 956 10
251 118 314 26 338 368 10
387 142 360 20 1532 1562 10
308 135 400 20 299 329 10
144 142 372 18 162 192 10
551 107 374 8 914 944 10
642 95 382 19 231 261 10
583 104 349 20 1009 1039 10
255 115 395 11 815 845 10
383 146 376 8 234 264 10
626 170 347 15 436 466 10
791 96 346 26 185 215 10
984 154 392 9 0 1640 10
