rc1_10_10

VEHICLE
NUMBER  CAPACITY
250   200

CUSTOMER
CUST NO. XCOORD. YCOORD. DEMAND READY TIME DUE DATE SERVICE TIME

0  250  250   0   0  1821   0
769 331 134 11 1064 1214 10
558 282 1 18 982 1132 10
570 344 70 24 1086 1236 10
643 352 63 6 1118 1268 10
557 297 131 25 1105 1255 10
371 323 29 7 1077 1227 10
654 281 96 1 1066 1216 10
730 195 111 15 938 1088 10
34 188 119 44 915 1065 10
413 210 29 13 991 1141 10
982 337 41 8 942 1092 10
997 335 99 25 1158 1308 10
940 224 56 13 1126 1276 10
502 330 138 18 1050 1200 10
435 257 57 18 1166 1316 10
186 231 29 14 1166 1316 10
69 325 147 14 1127 1277 10
723 200 78 31 933 1083 10
652 251 63 14 927 1077 10
