rc2_10_8

VEHICLE
NUMBER  CAPACITY
250   1000

CUSTOMER
CUST NO. XCOORD. YCOORD. DEMAND READY TIME DUE DATE SERVICE TIME

0  250  250   0   0  7284   0
289 382 498 10 1056 1538 10
480 387 488 20 1302 1714 10
798 422 409 10 737 1136 10
71 404 447 20 711 1290 10
262 405 455 40 1261 1585 10
253 406 450 20 900 1294 10
582 412 453 10 1031 1466 10
431 413 421 10 813 1731 10
681 380 498 10 1075 1423 10
986 399 450 20 1263 1727 10
821 416 420 20 968 1470 10
211 411 421 20 1011 1629 10
915 374 489 20 860 1295 10
719 378 493 30 815 1559 10
512 416 417 20 1227 1637 10
58 450 416 25 1983 2752 10
95 429 389 18 1497 2015 10
897 418 399 20 1649 1972 10
892 419 418 10 768 1343 10
680 380 489 20 1410 1741 10
55 417 417 10 1097 1680 10
671 408 453 10 922 1463 10
164 381 494 10 1093 1695 10
724 413 391 8 597 1260 10
179 410 399 25 754 1236 10
56 419 459 20 973 1677 10
639 376 494 30 1003 1275 10
473 413 417 10 1222 1747 10
774 422 420 20 910 1311 10
712 398 476 25 1501 1964 10
15 408 452 10 844 1452 10
98 414 378 23 1820 2258 10
84 384 491 20 1143 1759 10
630 405 450 20 748 1358 10
297 371 423 10 620 1069 10
194 448 404 15 2189 2723 10
702 421 415 30 904 1099 10
828 419 422 20 1069 1260 10
404 381 495 20 976 1724 10
