r2_10_8

VEHICLE
NUMBER   CAPACITY
250     1000

CUSTOMER
CUST NO. XCOORD.  YCOORD.  DEMAND  READY TIME DUE DATE  SERVICE TIME

0   250    250     0     0    7697     0
773 415 207 18 3540 3780 10
227 390 249 21 0 7547 10
451 451 305 13 0 7479 10
404 385 239 21 3082 3322 10
356 426 231 24 4054 4294 10
529 394 310 10 4334 4574 10
559 475 198 20 3281 3521 10
600 487 320 21 0 7440 10
604 428 302 27 0 7502 10
252 402 277 5 0 7533 10
969 405 187 34 0 7520 10
35 461 195 26 0 7469 10
268 404 207 6 0 7528 10
151 497 266 25 0 7440 10
153 495 227 20 0 7441 10
684 428 202 24 0 7503 10
270 489 338 17 5529 5769 10
937 370 262 15 0 7567 10
751 482 184 14 4367 4607 10
509 486 324 15 0 7440 10
715 478 300 12 0 7454 10
664 368 311 14 0 7555 10
28 490 286 29 0 7445 10
693 447 184 27 0 7480 10
745 457 280 17 3939 4179 10
730 418 269 3 0 7518 10
101 440 294 16 0 7492 10
314 453 318 30 0 7473 10
219 415 253 21 0 7522 10
761 399 175 13 0 7521 10
586 432 199 7 0 7498 10
462 360 284 19 2606 2846 10
441 489 159 29 5651 5891 10
623 386 225 13 0 7549 10
353 499 316 18 0 7430 10
744 389 255 15 0 7548 10
584 489 274 31 0 7447 10
472 433 319 11 5445 5685 10
834 452 172 9 0 7471 10
639 391 202 14 0 7539 10
550 423 315 12 0 7503 10
749 458 213 22 0 7476 10
871 423 221 9 0 7512 10
643 429 169 8 3551 3791 10
961 447 267 19 0 7490 10
479 381 328 12 0 7535 10
69 424 288 13 0 7509 10
374 394 322 12 0 7527 10
308 435 180 37 0 7490 10
347 420 224 10 0 7516 10
577 492 326 19 4756 4996 10
513 442 289 25 0 7492 10
78 498 171 12 0 7427 10
720 441 177 23 0 7483 10
809 374 232 33 0 7562 10
852 359 287 24 0 7572 10
97 454 201 16 0 7478 10
82 497 296 14 0 7436 10
420 440 284 25 0 7494 10
428 495 199 25 0 7437 10
885 450 194 27 0 7480 10
772 366 288 29 0 7565 10
79 492 188 33 2801 3041 10
74 488 173 25 4781 5021 10
893 490 276 33 0 7446 10
403 475 267 7 0 7462 10
242 385 285 13 3412 3652 10
727 371 315 18 0 7550 10
846 398 329 17 0 7520 10
917 357 290 24 0 7573 10
379 440 201 29 0 7491 10
798 398 210 31 0 7534 10
884 417 212 12 0 7516 10
287 360 294 9 0 7569 10
189 401 314 25 3846 4086 10
261 408 318 15 0 7515 10
259 463 253 23 4128 4368 10
642 449 190 2 0 7480 10
519 374 260 27 0 7563 10
733 418 251 21 0 7519 10
829 443 167 17 0 7477 10
248 439 222 22 0 7496 10
975 461 182 13 2456 2696 10
552 481 207 34 0 7453 10
794 423 170 27 1992 2232 10
998 439 237 11 0 7498 10
694 386 245 16 0 7551 10
956 492 335 10 3253 3493 10
102 500 228 8 3067 3307 10
594 365 274 14 350 590 10
105 461 186 16 0 7467 10
511 440 292 24 0 7493 10
459 460 328 13 0 7463 10
342 494 165 19 2357 2597 10
726 436 295 11 0 7496 10
719 484 224 7 0 7452 10
658 366 260 23 0 7571 10
410 409 255 23 0 7528 10
669 455 168 21 0 7467 10
262 452 206 31 0 7481 10
812 447 272 12 0 7489 10
928 472 248 11 0 7465 10
725 374 306 4 0 7551 10
