r2_10_8

VEHICLE
NUMBER   CAPACITY
250     1000

CUSTOMER
CUST NO. XCOORD.  YCOORD.  DEMAND  READY TIME DUE DATE  SERVICE TIME

0   250    250     0     0    7697     0
467 325 147 14 0 7560 10
216 292 136 28 0 7566 10
229 359 246 18 0 7578 10
493 297 304 4 0 7616 10
716 299 285 3 4955 5195 10
993 287 256 18 37 277 10
348 267 162 6 0 7598 10
454 318 280 21 177 417 10
31 361 178 5 0 7555 10
542 330 281 14 0 7602 10
652 337 232 2 6222 6462 10
632 351 148 30 0 7544 10
870 308 199 14 0 7610 10
797 371 163 21 0 7538 10
589 333 163 32 4901 5141 10
167 343 205 26 0 7584 10
4 340 291 22 1822 2062 10
361 330 138 18 0 7550 10
157 327 139 13 4969 5209 10
220 298 264 36 80 320 10
568 365 190 22 0 7558 10
830 321 149 18 0 7564 10
289 325 210 15 0 7602 10
898 265 240 9 18 258 10
739 289 220 19 0 7638 10
29 309 161 23 2273 2513 10
436 342 319 36 0 7572 10
520 297 283 28 0 7630 10
921 291 251 20 0 7646 10
442 311 203 15 0 7610 10
402 267 174 34 0 7610 10
576 306 229 10 0 7628 10
152 380 194 3 0 7546 10
503 247 219 17 0 7656 10
320 330 308 24 0 7589 10
942 347 184 15 0 7570 10
19 307 249 10 0 7630 10
254 363 225 35 3363 3603 10
371 356 256 19 0 7581 10
6 273 255 18 0 7664 10
3 290 145 5 0 7575 10
692 273 149 14 0 7584 10
779 347 192 18 5893 6133 10
704 306 235 25 112 352 10
624 301 239 31 0 7635 10
606 223 178 20 0 7611 10
137 241 180 13 0 7617 10
582 320 211 16 0 7607 10
73 343 276 15 266 506 10
145 293 174 31 0 7600 10
850 266 221 9 0 7654 10
508 352 241 5 3109 3349 10
165 248 176 32 0 7613 10
580 272 234 26 0 7660 10
9 295 283 26 3513 3753 10
949 331 134 11 4435 4675 10
390 285 247 13 0 7652 10
603 303 186 10 0 7604 10
100 264 180 33 0 7616 10
738 263 153 12 0 7590 10
679 291 213 23 4971 5211 10
191 251 238 27 0 7675 10
675 339 144 13 0 7549 10
136 330 147 28 3334 3574 10
27 261 201 15 5996 6236 10
190 245 176 20 4879 5119 10
512 364 173 30 661 901 10
926 350 199 21 4746 4986 10
929 333 293 27 2408 2648 10
365 354 156 20 0 7547 10
233 343 166 28 3444 3684 10
113 231 167 15 221 461 10
127 297 131 25 4602 4842 10
230 314 205 22 6047 6287 10
58 322 290 23 0 7605 10
50 295 247 12 0 7642 10
116 280 245 21 0 7657 10
207 325 311 22 5229 5469 10
685 355 174 33 0 7558 10
839 286 244 31 0 7651 10
273 226 175 23 0 7609 10
888 248 214 19 5857 6097 10
803 293 228 19 73 313 10
793 344 203 14 0 7582 10
950 274 261 20 0 7661 10
597 345 146 27 5696 5936 10
881 351 233 21 5631 5871 10
