c2_10_5

VEHICLE
NUMBER  CAPACITY
250   700

CUSTOMER
CUST NO. XCOORD. YCOORD. DEMAND READY TIME DUE DATE SERVICE TIME

0  250  250   0   0  3914   0
373 141 267 10 1555 1875 90
189 149 273 20 132 452 90
742 138 272 20 1741 2061 90
881 140 252 20 517 837 90
855 101 263 20 1076 1396 90
538 128 249 20 1263 1583 90
859 148 270 10 103 423 90
850 103 251 10 1178 1498 90
308 152 260 10 98 418 90
285 155 242 10 806 1126 90
191 139 269 20 1648 1968 90
694 116 255 20 1159 1479 90
196 139 262 30 1370 1690 90
14 143 266 10 322 642 90
337 95 243 20 679 999 90
923 140 265 40 1463 1783 90
551 103 266 30 982 1302 90
316 101 237 20 1751 2071 90
994 109 250 10 1460 1780 90
627 112 251 10 1553 1873 90
587 144 266 30 231 551 90
474 146 245 20 616 936 90
777 94 247 30 773 1093 90
563 104 246 10 1273 1593 90
604 152 241 20 713 1033 90
666 106 248 20 1366 1686 90
862 143 257 10 421 741 90
424 108 245 20 1650 1970 90
