rc1_10_1

VEHICLE
NUMBER  CAPACITY
250   200

CUSTOMER
CUST NO. XCOORD. YCOORD. DEMAND READY TIME DUE DATE SERVICE TIME

0  250  250   0   0  1821   0
47 41 232 16 209 239 10
508 134 211 35 122 152 10
786 47 208 30 226 256 10
395 95 235 10 155 185 10
930 86 268 10 217 247 10
408 92 234 10 235 265 10
18 92 233 10 224 254 10
817 130 247 17 120 150 10
684 90 232 10 212 242 10
305 111 178 18 156 186 10
116 94 235 20 156 186 10
955 153 235 10 98 128 10
904 143 158 12 141 171 10
286 91 235 10 269 299 10
694 31 175 24 247 277 10
355 95 234 10 163 193 10
887 91 231 30 200 230 10
988 34 239 16 219 249 10
900 92 232 10 177 207 10
134 89 270 10 204 234 10
818 133 273 20 119 149 10
823 92 270 20 257 287 10
203 91 266 10 233 263 10
14 102 264 10 148 178 10
50 86 199 23 278 308 10
304 100 266 20 150 180 10
319 80 251 14 304 334 10
77 96 270 20 162 192 10
742 93 235 10 246 276 10
424 91 268 10 245 275 10
627 92 230 20 189 219 10
919 61 214 4 342 372 10
945 92 236 20 258 288 10
