c2_10_8

VEHICLE
NUMBER  CAPACITY
250   700

CUSTOMER
CUST NO. XCOORD. YCOORD. DEMAND READY TIME DUE DATE SERVICE TIME

0  250  250   0   0  3914   0
515 375 31 20 1945 2585 90
404 389 33 20 2743 3383 90
621 390 42 20 2348 2988 90
52 368 17 20 1781 2421 90
910 361 15 20 1878 2518 90
477 374 55 30 2552 3192 90
297 397 40 40 2251 2891 90
244 373 22 10 2072 2712 90
381 391 23 10 2458 3098 90
864 385 28 10 2046 2686 90
259 378 25 10 2168 2808 90
770 383 41 20 2445 3085 90
416 362 17 10 1644 2284 90
496 374 17 10 1685 2325 90
715 386 28 20 2267 2907 90
11 365 18 20 1973 2613 90
655 381 20 20 1588 2228 90
912 397 27 20 2148 2788 90
302 363 62 20 2965 3605 90
952 366 34 10 1846 2486 90
370 370 55 10 2646 3286 90
409 363 55 10 2743 3383 90
706 384 24 10 2361 3001 90
490 367 59 10 2929 3569 90
759 366 57 20 2836 3476 90
849 392 31 20 2650 3290 90
443 395 30 20 2556 3196 90
700 366 16 20 1738 2378 90
319 378 46 30 2850 3490 90
