rc1_10_9

VEHICLE
NUMBER   CAPACITY
250     200

CUSTOMER
CUST NO. XCOORD.  YCOORD.  DEMAND  READY TIME DUE DATE  SERVICE TIME

0   250    250     0     0    1821     0
993 3 292 20 250 370 10
696 52 303 25 396 516 10
369 40 304 16 1100 1220 10
75 30 302 10 226 346 10
307 25 307 10 232 352 10
937 35 304 30 221 341 10
728 0 297 10 254 374 10
433 33 278 18 1442 1562 10
160 38 301 20 251 371 10
130 44 344 12 1034 1154 10
575 1 293 10 252 372 10
535 8 300 10 311 431 10
907 19 273 25 972 1092 10
139 29 336 22 287 407 10
842 5 281 16 1327 1447 10
857 24 259 19 325 445 10
623 51 286 14 1414 1534 10
19 7 300 30 300 420 10
615 35 306 20 222 342 10
221 33 286 11 1472 1592 10
902 16 287 12 236 356 10
243 0 293 30 253 373 10
469 35 303 20 221 341 10
811 7 292 10 246 366 10
513 44 311 27 362 482 10
421 6 292 10 247 367 10
382 6 296 10 275 395 10
97 5 297 10 286 406 10
100 2 295 30 261 381 10
295 0 356 13 1041 1161 10
645 30 301 10 233 353 10
511 37 281 17 448 568 10
496 13 314 14 245 365 10
569 32 319 21 356 476 10
766 12 358 7 1179 1299 10
