rc1_10_9

VEHICLE
NUMBER   CAPACITY
250     200

CUSTOMER
CUST NO. XCOORD.  YCOORD.  DEMAND  READY TIME DUE DATE  SERVICE TIME

0   250    250     0     0    1821     0
668 112 433 29 229 349 10
465 111 467 20 257 377 10
913 130 494 6 714 834 10
229 110 459 30 303 423 10
197 111 459 20 314 434 10
128 103 464 22 1228 1348 10
276 90 477 18 277 397 10
835 102 422 23 226 346 10
328 111 463 20 277 397 10
752 109 463 30 289 409 10
140 84 453 19 1178 1298 10
847 115 465 10 253 373 10
825 132 479 11 257 377 10
628 117 467 10 254 374 10
61 105 474 27 426 546 10
608 122 422 3 1412 1532 10
25 116 466 20 254 374 10
147 93 413 17 226 346 10
815 132 477 25 282 402 10
917 112 467 10 257 377 10
357 133 455 25 763 883 10
946 76 462 18 911 1031 10
833 77 465 11 275 395 10
585 111 464 10 266 386 10
740 112 465 10 255 375 10
