rc1_10_9

VEHICLE
NUMBER   CAPACITY
250     200

CUSTOMER
CUST NO. XCOORD.  YCOORD.  DEMAND  READY TIME DUE DATE  SERVICE TIME

0   250    250     0     0    1821     0
303 440 241 10 256 376 10
216 402 284 30 155 275 10
227 451 305 13 208 328 10
600 497 266 25 703 823 10
755 399 301 30 157 277 10
260 436 241 20 282 402 10
960 393 301 30 151 271 10
537 398 325 30 188 308 10
492 443 272 10 225 345 10
683 434 245 10 297 417 10
416 390 294 20 192 312 10
401 443 237 20 193 313 10
573 441 244 10 232 352 10
690 442 243 10 244 364 10
560 440 244 10 221 341 10
210 391 293 20 181 301 10
518 388 334 20 161 281 10
693 441 273 20 237 357 10
931 398 329 17 167 287 10
934 408 318 15 598 718 10
481 385 295 20 142 262 10
544 406 285 20 159 279 10
483 445 273 20 213 333 10
301 442 289 25 195 315 10
631 394 322 12 980 1100 10
520 499 316 18 577 697 10
567 405 276 20 189 309 10
81 407 280 10 164 284 10
66 400 288 30 154 274 10
36 440 292 24 895 1015 10
146 395 332 10 166 286 10
26 441 265 40 191 311 10
201 390 325 30 206 326 10
472 395 295 20 166 286 10
63 388 331 20 160 280 10
973 388 325 10 218 338 10
691 402 281 20 205 325 10
692 445 237 10 195 315 10
854 390 249 21 537 657 10
777 435 268 10 267 387 10
894 389 300 10 147 267 10
181 385 285 13 823 943 10
515 444 242 10 194 314 10
713 442 247 10 196 316 10
843 487 320 21 813 933 10
516 444 271 10 201 321 10
548 435 267 20 278 398 10
650 418 251 21 1152 1272 10
428 443 246 20 193 313 10
495 440 284 25 807 927 10
123 439 243 20 269 389 10
188 439 268 10 253 373 10
352 400 286 10 154 274 10
775 475 267 7 735 855 10
603 401 281 20 216 336 10
764 450 265 10 200 320 10
136 463 253 23 1002 1122 10
532 390 301 10 149 269 10
133 460 328 13 224 344 10
912 489 338 17 1352 1472 10
491 453 318 30 329 449 10
315 394 333 20 166 286 10
341 410 285 20 163 283 10
545 391 334 20 164 284 10
794 436 295 11 483 603 10
215 436 237 20 186 306 10
718 478 300 12 845 965 10
207 426 231 24 983 1103 10
918 489 274 31 489 609 10
685 389 334 20 162 282 10
971 440 247 20 208 328 10
105 395 331 20 172 292 10
909 387 297 10 144 264 10
329 408 279 20 175 295 10
707 444 269 20 194 314 10
801 409 255 23 1477 1597 10
928 490 286 29 477 597 10
155 439 266 10 189 309 10
184 492 335 10 783 903 10
375 436 264 20 186 306 10
