r1_10_2

VEHICLE
NUMBER  CAPACITY
250   200

CUSTOMER
CUST NO. XCOORD. YCOORD. DEMAND READY TIME DUE DATE SERVICE TIME

0  250  250   0   0  1925   0
421 460 424 11 1465 1475 10
912 448 397 33 876 886 10
523 421 386 29 834 844 10
405 470 417 11 747 757 10
995 410 399 25 244 254 10
954 468 352 9 778 788 10
903 441 374 10 233 243 10
814 429 389 18 434 444 10
950 418 399 20 448 458 10
180 414 378 23 505 515 10
578 411 396 23 930 940 10
579 450 416 25 587 597 10
594 448 414 23 1233 1243 10
716 495 355 3 1253 1263 10
722 420 383 27 992 1002 10
475 421 387 15 811 821 10
828 434 359 13 1402 1412 10
557 479 387 13 407 417 10
287 463 406 23 867 877 10
910 468 360 16 284 294 10
152 453 360 13 230 240 10
40 406 408 15 1466 1476 10
