rc2_10_6

VEHICLE
NUMBER   CAPACITY
250     1000

CUSTOMER
CUST NO. XCOORD.  YCOORD.  DEMAND  READY TIME DUE DATE  SERVICE TIME

0   250    250     0     0    7284     0
429 306 42 11 1847 2087 10
22 347 54 10 1120 1360 10
322 364 71 5 5334 5574 10
578 236 126 23 379 619 10
94 269 112 19 4991 5231 10
490 324 99 10 1292 1532 10
849 275 42 30 890 1130 10
836 240 34 28 6178 6418 10
652 251 63 14 3890 4130 10
209 265 0 10 3524 3764 10
502 330 138 18 4378 4618 10
870 299 98 30 607 847 10
175 343 49 10 1000 1240 10
676 335 57 30 724 964 10
797 275 45 20 838 1078 10
765 273 149 14 5951 6191 10
558 282 1 18 4110 4350 10
751 342 54 20 939 1179 10
721 344 62 10 1326 1566 10
568 277 50 10 731 971 10
570 344 70 24 4523 4763 10
819 347 62 10 1274 1514 10
715 233 87 18 950 1190 10
118 268 52 10 1162 1402 10
636 304 102 30 727 967 10
730 195 111 15 3932 4172 10
400 330 147 28 3334 3574 10
982 337 41 8 3949 4189 10
540 253 118 19 2129 2369 10
533 300 108 10 482 722 10
810 269 46 20 1014 1254 10
723 200 78 31 3911 4151 10
557 297 131 25 4602 4842 10
709 313 126 10 913 1153 10
769 331 134 11 4435 4675 10
441 253 50 27 843 1083 10
866 319 124 20 652 892 10
21 307 108 10 890 1130 10
553 346 57 20 1173 1413 10
674 374 116 9 2289 2529 10
371 323 29 7 4490 4730 10
781 341 72 9 3159 3399 10
994 209 68 27 6212 6452 10
940 224 56 13 4686 4926 10
941 343 47 20 1048 1288 10
129 325 56 13 3126 3366 10
643 352 63 6 4653 4893 10
933 317 123 20 701 941 10
69 325 147 14 4687 4927 10
325 304 97 20 667 907 10
796 271 128 12 1322 1562 10
997 335 99 25 4814 5054 10
391 263 153 12 1590 1830 10
720 303 78 12 600 840 10
852 267 44 20 963 1203 10
732 340 54 10 891 1131 10
435 257 57 18 4844 5084 10
646 351 5 12 1924 2164 10
699 269 48 20 1062 1302 10
264 323 118 20 583 823 10
470 341 59 27 3099 3339 10
787 324 127 30 454 694 10
908 365 28 9 1013 1253 10
528 273 55 20 665 905 10
403 335 46 18 5307 5547 10
54 242 106 28 5014 5254 10
884 307 102 40 779 1019 10
287 346 60 10 1225 1465 10
654 281 96 1 4443 4683 10
926 351 128 15 4953 5193 10
564 292 32 14 857 1097 10
1000 341 58 10 835 1075 10
259 253 74 20 5340 5580 10
750 239 15 2 2355 2595 10
235 326 118 10 531 771 10
474 339 60 20 784 1024 10
236 365 74 24 3334 3574 10
186 231 29 14 4845 5085 10
633 238 123 24 3064 3304 10
169 274 48 10 785 1025 10
767 315 121 10 752 992 10
762 305 107 20 841 1081 10
142 343 62 10 1370 1610 10
413 210 29 13 4143 4383 10
612 313 119 30 803 1043 10
42 307 52 23 3622 3862 10
981 270 49 30 1108 1348 10
667 295 89 23 2908 3148 10
326 297 102 10 549 789 10
51 314 124 20 864 1104 10
565 262 92 25 2462 2702 10
48 323 77 36 5560 5800 10
385 235 33 30 5288 5528 10
