r1_10_1

VEHICLE
NUMBER   CAPACITY
250     200

CUSTOMER
CUST NO. XCOORD.  YCOORD.  DEMAND  READY TIME DUE DATE  SERVICE TIME

0   250    250     0     0    1925     0
993 172 24 17 1462 1472 10
930 187 61 19 555 565 10
388 135 30 12 484 494 10
507 158 24 18 621 631 10
398 142 30 32 1256 1266 10
502 150 68 23 433 443 10
500 188 119 44 985 995 10
683 142 80 12 502 512 10
1 171 34 21 1153 1163 10
246 124 111 15 799 809 10
636 140 108 29 1081 1091 10
400 174 122 14 603 613 10
483 142 14 18 845 855 10
162 147 30 26 1119 1129 10
111 114 102 21 517 527 10
976 149 98 4 1175 1185 10
857 117 110 13 989 999 10
865 151 81 28 1568 1578 10
472 171 24 11 1393 1403 10
628 120 17 30 289 299 10
309 196 56 15 619 629 10
427 191 84 13 877 887 10
747 172 66 18 1313 1323 10
147 174 41 15 1313 1323 10
577 132 32 18 794 804 10
448 109 56 27 239 249 10
627 125 65 17 798 808 10
702 144 35 26 239 249 10
815 202 28 22 944 954 10
795 138 28 23 1107 1117 10
194 200 27 22 535 545 10
514 174 67 15 1270 1280 10
403 173 65 12 458 468 10
617 168 109 10 214 224 10
846 168 59 6 376 386 10
798 156 65 22 1047 1057 10
240 157 38 3 1058 1068 10
724 179 75 13 750 760 10
473 187 73 18 302 312 10
33 178 72 23 767 777 10
279 120 37 28 785 795 10
595 128 113 22 373 383 10
443 165 59 27 953 963 10
134 108 37 23 559 569 10
740 125 61 26 622 632 10
