r1_10_1

VEHICLE
NUMBER   CAPACITY
250     200

CUSTOMER
CUST NO. XCOORD.  YCOORD.  DEMAND  READY TIME DUE DATE  SERVICE TIME

0   250    250     0     0    1925     0
429 212 47 20 811 821 10
303 250 57 26 758 768 10
227 224 3 10 700 710 10
339 288 70 24 189 199 10
785 295 89 23 752 762 10
10 251 63 14 997 1007 10
805 253 74 20 1360 1370 10
260 236 126 23 124 134 10
962 276 84 20 691 701 10
499 238 123 24 791 801 10
447 215 79 5 234 244 10
103 210 113 28 700 710 10
680 198 85 28 273 283 10
847 281 96 1 1136 1146 10
842 225 121 18 743 753 10
761 242 106 28 1278 1288 10
780 235 33 30 1347 1357 10
623 200 78 31 1003 1013 10
81 201 66 14 1177 1187 10
914 253 118 19 557 567 10
674 231 29 14 1236 1246 10
691 235 13 27 369 379 10
456 240 34 28 1570 1580 10
947 206 97 33 458 468 10
98 218 12 3 554 564 10
643 224 56 13 1196 1206 10
366 244 13 24 1023 1033 10
997 215 129 17 1129 1139 10
513 235 108 12 1090 1100 10
41 245 42 24 557 567 10
137 210 29 13 1061 1071 10
165 271 128 12 356 366 10
821 262 97 17 957 967 10
482 273 70 36 629 639 10
917 268 113 21 690 700 10
675 253 50 27 236 246 10
295 282 10 30 1272 1282 10
362 257 57 18 1236 1246 10
599 210 81 2 409 419 10
519 209 68 27 1578 1588 10
38 233 87 18 263 273 10
645 292 104 26 314 324 10
784 265 0 10 906 916 10
415 195 111 15 1008 1018 10
318 269 112 19 1273 1283 10
245 282 1 18 1052 1062 10
126 232 101 24 356 366 10
273 292 32 14 239 249 10
396 262 92 25 640 650 10
329 239 15 2 614 624 10
226 241 38 16 542 552 10
