r1_10_1

VEHICLE
NUMBER   CAPACITY
250     200

CUSTOMER
CUST NO. XCOORD.  YCOORD.  DEMAND  READY TIME DUE DATE  SERVICE TIME

0   250    250     0     0    1925     0
15 164 320 12 1105 1115 10
22 104 349 20 1019 1029 10
549 175 352 12 1675 1685 10
690 154 374 36 947 957 10
923 138 406 8 1226 1236 10
880 115 395 11 825 835 10
66 142 372 18 162 172 10
340 177 404 17 1272 1282 10
282 174 347 3 1025 1035 10
479 162 388 11 1136 1146 10
308 154 392 9 171 181 10
18 144 331 13 941 951 10
390 107 374 8 924 934 10
373 149 341 6 414 424 10
708 137 377 23 169 179 10
365 146 376 8 244 254 10
171 111 392 18 1179 1189 10
860 142 360 20 1542 1552 10
199 126 391 19 283 293 10
918 164 332 19 1290 1300 10
460 189 402 10 546 556 10
888 153 362 7 1171 1181 10
42 166 345 14 1140 1150 10
909 174 397 32 1255 1265 10
408 174 376 8 1429 1439 10
206 170 347 15 446 456 10
423 146 313 22 1205 1215 10
234 135 400 20 309 319 10
992 195 386 13 146 156 10
