r1_10_1

VEHICLE
NUMBER   CAPACITY
250     200

CUSTOMER
CUST NO. XCOORD.  YCOORD.  DEMAND  READY TIME DUE DATE  SERVICE TIME

0   250    250     0     0    1925     0
444 261 138 1 628 638 10
800 206 172 29 798 808 10
632 226 175 23 1704 1714 10
53 231 167 15 85 95 10
819 213 185 21 74 84 10
281 206 174 14 810 820 10
172 267 162 6 1459 1469 10
101 267 174 34 1628 1638 10
634 223 178 20 1146 1156 10
320 291 213 23 1268 1278 10
866 240 240 35 1710 1720 10
176 264 135 1 889 899 10
61 261 201 15 1524 1534 10
14 266 221 9 33 43 10
541 272 234 26 1600 1610 10
854 233 230 20 26 36 10
796 209 212 18 1538 1548 10
13 290 145 5 1292 1302 10
256 257 133 19 872 882 10
516 217 207 26 1392 1402 10
82 245 176 20 1245 1255 10
650 293 174 31 87 97 10
247 247 219 17 31 41 10
173 248 176 32 1411 1421 10
706 289 220 19 49 59 10
845 264 180 33 1691 1701 10
610 248 214 19 1489 1499 10
927 219 215 32 46 56 10
110 251 238 27 12 22 10
971 263 153 12 422 432 10
106 241 180 13 1705 1715 10
105 303 186 10 1364 1374 10
667 210 219 7 50 60 10
214 212 186 11 1732 1742 10
948 210 133 15 699 709 10
68 219 210 14 50 60 10
51 203 211 20 1316 1326 10
486 265 240 9 18 28 10
277 273 149 14 1513 1523 10
