rc2_10_10

VEHICLE
NUMBER   CAPACITY
250     1000

CUSTOMER
CUST NO. XCOORD.  YCOORD.  DEMAND  READY TIME DUE DATE  SERVICE TIME

0   250    250     0     0    7284     0
455 407 88 10 1058 1658 10
205 391 112 24 3761 4361 10
638 408 84 10 897 1497 10
267 406 96 20 623 1223 10
736 399 104 10 919 1519 10
673 432 66 30 4045 4645 10
103 382 110 24 4210 4810 10
978 437 98 16 4215 4815 10
239 403 93 10 1123 1723 10
674 374 116 9 2109 2709 10
445 404 83 30 954 1554 10
804 415 95 15 4467 5067 10
321 406 94 10 671 1271 10
521 399 106 20 967 1567 10
23 406 87 10 1012 1612 10
903 399 102 20 828 1428 10
820 404 140 8 4795 5395 10
112 429 67 16 2689 3289 10
841 404 103 20 726 1326 10
20 409 90 20 793 1393 10
131 418 75 11 1552 2152 10
861 409 88 20 841 1441 10
171 398 97 10 596 1196 10
33 390 120 24 3777 4377 10
824 411 95 30 731 1331 10
814 391 99 20 526 1126 10
670 400 103 10 782 1382 10
579 406 99 20 668 1268 10
620 376 92 10 3722 4322 10
180 398 103 30 874 1474 10
523 407 98 10 574 1174 10
