rc2_10_6

VEHICLE
NUMBER   CAPACITY
250     1000

CUSTOMER
CUST NO. XCOORD.  YCOORD.  DEMAND  READY TIME DUE DATE  SERVICE TIME

0   250    250     0     0    7284     0
156 79 80 19 5468 5708 10
753 199 187 20 447 687 10
319 80 251 14 1154 1394 10
193 60 231 32 4044 4284 10
451 228 287 21 52 292 10
161 192 265 10 437 677 10
578 236 126 23 379 619 10
356 128 113 22 1391 1631 10
816 24 65 10 1401 1641 10
800 93 96 20 842 1082 10
647 197 267 10 375 615 10
294 94 40 24 4212 4452 10
94 269 112 19 4991 5231 10
759 140 108 29 4225 4465 10
559 21 70 15 3025 3265 10
59 246 255 10 390 630 10
945 92 236 20 971 1211 10
879 53 204 8 4160 4400 10
339 58 39 12 4592 4832 10
388 177 156 25 609 849 10
919 61 214 4 1307 1547 10
293 225 196 10 163 403 10
80 34 169 11 1878 2118 10
836 240 34 28 6178 6418 10
31 136 52 10 1111 1351 10
742 93 235 10 925 1165 10
252 234 246 10 199 439 10
652 251 63 14 3890 4130 10
632 125 61 26 2387 2627 10
832 46 163 8 3644 3884 10
864 213 185 21 179 419 10
437 221 291 9 124 364 10
760 228 199 10 477 717 10
988 34 239 16 816 1056 10
500 204 185 20 593 833 10
735 228 260 12 6362 6602 10
5 230 197 40 426 666 10
151 87 3 13 5672 5912 10
418 24 68 20 1598 1838 10
686 241 205 30 412 652 10
153 212 186 11 6826 7066 10
684 90 232 10 786 1026 10
317 241 180 13 6718 6958 10
407 214 245 8 36 276 10
765 273 149 14 5951 6191 10
270 178 135 21 5995 6235 10
484 195 273 22 118 358 10
995 18 225 8 2705 2945 10
47 41 232 16 761 1001 10
344 238 210 30 475 715 10
394 64 5 14 4456 4696 10
34 188 119 44 3839 4079 10
305 111 178 18 506 746 10
497 72 227 25 2195 2435 10
663 178 72 23 2967 3207 10
115 264 180 33 6663 6903 10
124 210 185 20 185 425 10
272 236 213 20 39 279 10
313 30 155 9 5062 5302 10
53 226 175 23 6715 6955 10
457 120 17 30 1056 1296 10
687 18 24 32 2453 2693 10
65 200 261 10 606 846 10
286 91 235 10 1016 1256 10
306 91 101 10 1133 1373 10
422 18 63 10 1296 1536 10
174 71 12 2 1112 1352 10
715 233 87 18 950 1190 10
967 197 270 30 323 563 10
695 234 202 10 259 499 10
28 80 117 24 3237 3477 10
43 111 192 11 4738 4978 10
543 168 59 6 1404 1644 10
574 57 43 15 4034 4274 10
488 30 72 10 1666 1906 10
349 200 270 20 176 416 10
730 195 111 15 3932 4172 10
312 94 97 20 796 1036 10
212 132 30 20 1243 1483 10
101 237 254 20 273 513 10
540 253 118 19 2129 2369 10
333 142 14 18 3281 3521 10
510 21 146 21 1887 2127 10
743 125 32 30 978 1218 10
851 15 69 10 1107 1347 10
859 237 213 10 528 768 10
898 109 56 27 839 1079 10
166 186 135 24 2811 3051 10
659 244 254 20 341 581 10
723 200 78 31 3911 4151 10
477 265 240 9 18 258 10
895 92 76 4 4496 4736 10
959 206 186 10 690 930 10
355 95 234 10 593 833 10
964 100 66 15 5539 5779 10
314 208 184 20 234 474 10
976 198 271 20 277 517 10
921 56 75 24 5691 5931 10
700 165 59 27 3711 3951 10
372 89 65 16 2821 3061 10
462 43 135 31 827 1067 10
818 133 273 20 357 597 10
441 253 50 27 843 1083 10
640 20 73 10 1041 1281 10
914 23 67 30 1497 1737 10
176 248 251 20 2 242 10
744 215 282 21 5702 5942 10
942 52 18 28 3368 3608 10
970 13 214 21 5354 5594 10
343 21 64 20 1349 1589 10
584 173 182 25 291 531 10
254 75 118 21 1576 1816 10
425 103 177 28 2446 2686 10
7 133 202 33 1782 2022 10
621 129 27 10 1130 1370 10
872 199 203 20 5769 6009 10
6 175 239 23 183 423 10
14 102 264 10 475 715 10
555 102 6 3 5774 6014 10
476 176 199 28 239 479 10
994 209 68 27 6212 6452 10
947 124 56 20 805 1045 10
427 225 269 30 5023 5263 10
940 224 56 13 4686 4926 10
979 131 246 17 3268 3508 10
717 6 53 8 2288 2528 10
109 151 81 28 6172 6412 10
149 249 258 30 447 687 10
871 240 250 10 90 330 10
748 44 115 24 865 1105 10
411 120 37 28 3041 3281 10
754 201 188 10 495 735 10
961 204 187 30 641 881 10
479 133 53 20 1058 1298 10
779 243 248 30 36 276 10
374 200 265 10 550 790 10
796 271 128 12 1322 1562 10
304 100 266 20 526 766 10
391 263 153 12 1590 1830 10
935 66 31 25 4134 4374 10
18 92 233 10 835 1075 10
536 105 181 19 6065 6305 10
660 233 207 10 105 345 10
453 238 204 20 359 599 10
955 153 235 10 273 513 10
627 92 230 20 695 935 10
435 257 57 18 4844 5084 10
137 97 93 20 902 1142 10
788 87 96 30 1067 1307 10
525 88 95 20 1021 1261 10
420 209 212 18 6051 6291 10
346 200 178 20 314 554 10
99 38 15 3 4304 4544 10
885 130 57 40 870 1110 10
506 60 5 18 4115 4355 10
772 89 185 16 2339 2579 10
73 26 67 15 5207 5447 10
79 60 29 32 5391 5631 10
145 66 88 2 3259 3499 10
653 132 55 10 1009 1249 10
916 126 30 10 1027 1267 10
244 211 248 26 39 279 10
590 244 277 18 5145 5385 10
508 134 211 35 422 662 10
572 21 68 20 1546 1786 10
125 150 68 23 1631 1871 10
596 95 92 20 951 1191 10
373 144 35 26 839 1079 10
266 25 65 10 1445 1685 10
438 1 101 8 4969 5209 10
911 214 274 24 5416 5656 10
799 146 188 6 4880 5120 10
450 179 75 13 2900 3140 10
54 242 106 28 5014 5254 10
614 39 162 18 2201 2441 10
607 231 204 20 541 781 10
173 180 283 23 2915 3155 10
944 195 185 20 389 629 10
562 120 261 5 3113 3353 10
706 224 192 10 220 460 10
92 92 18 8 4437 4677 10
177 7 194 29 3745 3985 10
786 47 208 30 846 1086 10
27 130 140 17 716 956 10
190 187 73 18 1108 1348 10
868 198 264 20 501 741 10
929 247 219 17 31 271 10
189 149 214 7 1868 2108 10
386 233 204 20 157 397 10
501 226 191 20 312 552 10
44 131 56 10 963 1203 10
563 125 29 30 1073 1313 10
302 157 269 31 6245 6485 10
922 210 276 5 71 311 10
900 92 232 10 647 887 10
241 65 62 15 3846 4086 10
261 238 203 10 315 555 10
259 253 74 20 5340 5580 10
750 239 15 2 2355 2595 10
827 125 39 20 861 1101 10
610 206 261 10 670 910 10
763 231 195 20 377 617 10
530 122 35 10 921 1161 10
733 132 57 20 918 1158 10
991 236 247 20 150 390 10
186 231 29 14 4845 5085 10
248 224 191 20 264 504 10
64 92 259 4 1538 1778 10
204 17 65 20 1247 1487 10
310 133 26 10 1187 1427 10
633 238 123 24 3064 3304 10
698 179 286 8 1305 1545 10
887 91 231 30 741 981 10
127 0 188 26 3668 3908 10
566 68 160 21 4483 4723 10
187 157 38 3 4131 4371 10
199 148 208 22 2046 2286 10
526 95 64 4 3004 3244 10
230 244 250 10 6 246 10
464 199 268 20 225 465 10
415 132 32 18 3078 3318 10
547 201 278 13 106 346 10
50 86 199 23 1051 1291 10
943 16 68 20 1195 1435 10
694 31 175 24 926 1166 10
116 94 235 20 547 787 10
757 272 234 26 6301 6541 10
904 143 158 12 490 730 10
395 95 235 10 503 743 10
413 210 29 13 4143 4383 10
808 202 186 20 544 784 10
126 201 270 10 132 372 10
158 188 151 7 5127 5367 10
342 96 97 20 748 988 10
817 130 247 17 360 600 10
714 217 207 26 5470 5710 10
410 30 7 23 4694 4934 10
838 204 269 30 79 319 10
396 203 211 20 5166 5406 10
406 267 162 6 5737 5977 10
408 92 234 10 879 1119 10
793 245 251 10 5 245 10
206 224 203 20 95 335 10
423 149 98 4 4600 4840 10
789 140 137 32 2219 2459 10
565 262 92 25 2462 2702 10
688 57 183 15 4341 4581 10
234 219 215 32 67 307 10
538 166 247 1 216 456 10
881 15 68 10 1151 1391 10
605 231 203 20 206 446 10
385 235 33 30 5288 5528 10
