c2_10_1

VEHICLE
NUMBER  CAPACITY
250   700

CUSTOMER
CUST NO. XCOORD. YCOORD. DEMAND READY TIME DUE DATE SERVICE TIME

0  250  250   0   0  3914   0
311 414 384 10 2662 2822 90
497 448 295 10 2724 2884 90
492 441 287 40 2915 3075 90
507 399 379 20 2960 3120 90
649 363 351 20 2923 3083 90
89 346 344 10 3212 3372 90
221 361 349 10 3016 3176 90
702 353 346 20 3114 3274 90
931 442 287 30 2824 2984 90
93 418 385 30 2757 2917 90
246 358 359 20 2639 2799 90
105 373 364 20 3170 3330 90
805 391 373 10 3060 3220 90
667 410 287 20 3220 3380 90
916 366 352 10 2830 2990 90
293 406 286 10 3314 3474 90
46 429 282 20 3018 3178 90
260 401 385 20 2864 3024 90
185 360 356 10 2733 2893 90
611 426 279 30 3112 3272 90
714 448 297 10 2632 2792 90
