c1_10_5

VEHICLE
NUMBER  CAPACITY
250   200

CUSTOMER
CUST NO. XCOORD. YCOORD. DEMAND READY TIME DUE DATE SERVICE TIME

0  250  250   0   0  1824   0
196 8 116 20 857 994 90
603 108 116 30 892 993 90
903 107 35 30 964 1063 90
630 21 64 20 804 890 90
895 66 98 20 913 1027 90
773 107 112 30 698 817 90
247 22 33 10 706 832 90
338 64 99 10 832 925 90
215 18 63 10 705 803 90
509 4 114 10 671 810 90
672 49 76 20 882 966 90
641 48 78 20 946 1087 90
372 48 72 30 669 811 90
465 6 114 10 762 903 90
763 37 55 10 694 816 90
429 132 30 20 843 958 90
830 102 27 20 764 885 90
907 136 52 10 734 842 90
172 87 96 30 715 838 90
113 22 37 10 798 928 90
894 49 75 20 770 896 90
569 91 101 10 818 929 90
674 7 118 20 958 1076 90
459 104 28 20 664 799 90
274 71 153 20 738 824 90
869 71 156 10 806 942 90
80 24 65 10 879 1002 90
872 102 29 30 864 969 90
389 109 114 10 792 908 90
114 65 100 10 724 850 90
749 133 26 10 744 870 90
452 22 38 20 899 1009 90
236 25 65 10 974 1089 90
