rc1_10_9

VEHICLE
NUMBER   CAPACITY
250     200

CUSTOMER
CUST NO. XCOORD.  YCOORD.  DEMAND  READY TIME DUE DATE  SERVICE TIME

0   250    250     0     0    1821     0
467 172 314 9 500 620 10
451 228 287 21 43 163 10
161 192 265 10 79 199 10
647 197 267 10 64 184 10
59 246 255 10 68 188 10
252 234 246 10 20 140 10
437 221 291 9 50 170 10
735 228 260 12 1561 1681 10
407 214 245 8 36 156 10
484 195 273 22 59 179 10
65 200 261 10 121 241 10
509 146 313 22 1150 1270 10
641 159 299 12 971 1091 10
967 197 270 30 56 176 10
349 200 270 20 53 173 10
745 224 320 36 1239 1359 10
101 237 254 20 38 158 10
659 244 254 20 55 175 10
976 198 271 20 56 176 10
458 235 316 2 611 731 10
176 248 251 20 2 122 10
744 215 282 21 1395 1515 10
6 175 239 23 75 195 10
427 225 269 30 1226 1346 10
149 249 258 30 82 202 10
871 240 250 10 10 130 10
779 243 248 30 7 127 10
374 200 265 10 107 227 10
368 246 314 36 1400 1520 10
955 153 235 10 98 218 10
886 250 328 24 204 324 10
244 211 248 26 39 159 10
590 244 277 18 1256 1376 10
911 214 274 24 1324 1444 10
90 230 320 8 1147 1267 10
173 180 283 23 699 819 10
868 198 264 20 95 215 10
302 157 269 31 1531 1651 10
922 210 276 5 47 167 10
610 206 261 10 137 257 10
991 236 247 20 14 134 10
698 179 286 8 296 416 10
230 244 250 10 6 126 10
464 199 268 20 54 174 10
547 201 278 13 56 176 10
228 226 316 21 70 190 10
126 201 270 10 52 172 10
838 204 269 30 49 169 10
793 245 251 10 5 125 10
538 166 247 1 84 204 10
