rc1_10_9

VEHICLE
NUMBER   CAPACITY
250     200

CUSTOMER
CUST NO. XCOORD.  YCOORD.  DEMAND  READY TIME DUE DATE  SERVICE TIME

0   250    250     0     0    1821     0
444 480 152 26 977 1097 10
756 484 171 10 248 368 10
716 479 127 20 259 379 10
345 479 121 10 262 382 10
665 478 118 20 309 429 10
35 467 114 10 331 451 10
875 477 179 20 237 357 10
361 481 122 30 264 384 10
117 474 96 30 271 391 10
331 480 119 7 583 703 10
813 478 99 10 273 393 10
648 498 171 12 1211 1331 10
219 477 120 10 297 417 10
780 488 96 22 1021 1141 10
576 481 96 20 277 397 10
865 482 141 14 966 1086 10
170 488 173 20 250 370 10
399 485 104 21 749 869 10
749 438 127 2 896 1016 10
446 476 94 20 274 394 10
561 482 104 19 762 882 10
776 470 125 20 253 373 10
351 476 174 30 279 399 10
591 484 177 20 245 365 10
637 478 121 40 274 394 10
963 477 122 10 285 405 10
247 455 168 21 822 942 10
985 493 111 26 496 616 10
390 452 172 9 563 683 10
938 471 94 30 954 1074 10
675 478 102 10 279 399 10
896 476 102 20 291 411 10
599 479 169 20 264 384 10
784 480 136 22 256 376 10
552 477 97 10 273 393 10
150 472 129 10 252 372 10
249 439 156 2 481 601 10
245 484 174 10 246 366 10
594 452 110 14 295 415 10
888 479 176 20 240 360 10
977 480 131 5 643 763 10
226 482 184 14 1062 1182 10
571 481 84 17 461 581 10
611 466 149 16 1141 1261 10
950 481 124 10 263 383 10
