rc1_10_9

VEHICLE
NUMBER   CAPACITY
250     200

CUSTOMER
CUST NO. XCOORD.  YCOORD.  DEMAND  READY TIME DUE DATE  SERVICE TIME

0   250    250     0     0    1821     0
398 348 348 23 890 1010 10
537 398 325 30 188 308 10
237 331 356 13 667 787 10
24 371 332 14 485 605 10
863 381 328 12 672 792 10
250 434 359 13 1347 1467 10
518 388 334 20 161 281 10
931 398 329 17 167 287 10
934 408 318 15 598 718 10
722 371 315 18 1121 1241 10
631 394 322 12 980 1100 10
498 377 385 6 821 941 10
146 395 332 10 166 286 10
201 390 325 30 206 326 10
63 388 331 20 160 280 10
973 388 325 10 218 338 10
826 366 334 5 365 485 10
202 346 354 8 772 892 10
758 380 350 15 821 941 10
315 394 333 20 166 286 10
545 391 334 20 164 284 10
685 389 334 20 162 282 10
105 395 331 20 172 292 10
459 370 382 11 839 959 10
265 330 371 1 514 634 10
597 368 311 14 881 1001 10
