rc1_10_9

VEHICLE
NUMBER   CAPACITY
250     200

CUSTOMER
CUST NO. XCOORD.  YCOORD.  DEMAND  READY TIME DUE DATE  SERVICE TIME

0   250    250     0     0    1821     0
356 128 113 22 318 438 10
759 140 108 29 1026 1146 10
31 136 52 10 248 368 10
632 125 61 26 567 687 10
34 188 119 44 930 1050 10
663 178 72 23 712 832 10
457 120 17 30 266 386 10
543 168 59 6 321 441 10
730 195 111 15 953 1073 10
212 132 30 20 281 401 10
333 142 14 18 790 910 10
743 125 32 30 251 371 10
898 109 56 27 239 359 10
723 200 78 31 948 1068 10
964 100 66 15 1355 1475 10
700 165 59 27 898 1018 10
621 129 27 10 253 373 10
555 102 6 3 1406 1526 10
947 124 56 20 231 351 10
109 151 81 28 1496 1616 10
411 120 37 28 730 850 10
479 133 53 20 234 354 10
885 130 57 40 227 347 10
653 132 55 10 227 347 10
916 126 30 10 252 372 10
125 150 68 23 378 498 10
373 144 35 26 239 359 10
450 179 75 13 695 815 10
27 130 140 17 162 282 10
190 187 73 18 247 367 10
44 131 56 10 227 347 10
563 125 29 30 253 373 10
827 125 39 20 245 365 10
530 122 35 10 250 370 10
733 132 57 20 226 346 10
310 133 26 10 267 387 10
187 157 38 3 1003 1123 10
415 132 32 18 739 859 10
423 149 98 4 1120 1240 10
789 140 137 32 525 645 10
