rc1_10_9

VEHICLE
NUMBER   CAPACITY
250     200

CUSTOMER
CUST NO. XCOORD.  YCOORD.  DEMAND  READY TIME DUE DATE  SERVICE TIME

0   250    250     0     0    1821     0
2 214 394 10 186 306 10
292 154 374 36 892 1012 10
785 162 388 11 1081 1201 10
507 189 402 10 491 611 10
281 213 399 18 189 309 10
246 175 352 12 1565 1685 10
258 149 341 6 359 479 10
734 210 379 12 664 784 10
657 207 400 20 156 276 10
503 185 434 9 529 649 10
581 225 369 38 121 241 10
387 142 360 20 1487 1607 10
347 216 341 19 609 729 10
448 215 395 20 197 317 10
855 210 391 30 146 266 10
311 211 386 20 141 261 10
238 210 398 10 159 279 10
144 142 372 18 162 282 10
440 220 392 20 213 333 10
257 218 403 15 1274 1394 10
679 208 396 20 151 271 10
17 203 390 40 147 267 10
876 213 397 10 172 292 10
168 175 422 24 1401 1521 10
383 146 376 8 189 309 10
626 170 347 15 391 511 10
984 154 392 9 171 291 10
