rc1_10_9

VEHICLE
NUMBER  CAPACITY
250   200

CUSTOMER
CUST NO. XCOORD. YCOORD. DEMAND READY TIME DUE DATE SERVICE TIME

0  250  250   0   0  1821   0
577 471 368 19 383 503 10
473 413 417 10 311 431 10
702 421 415 30 237 357 10
431 413 421 10 258 378 10
774 422 420 20 241 361 10
55 417 417 10 287 407 10
98 414 378 23 450 570 10
297 371 423 10 211 331 10
95 429 389 18 379 499 10
798 422 409 10 234 354 10
724 413 391 8 215 335 10
58 450 416 25 532 652 10
179 410 399 25 218 338 10
821 416 420 20 245 365 10
897 418 399 20 393 513 10
892 419 418 10 238 358 10
211 411 421 20 270 390 10
194 448 404 15 554 674 10
598 479 387 13 352 472 10
512 416 417 20 298 418 10
828 419 422 20 241 361 10
