c1_10_9

VEHICLE
NUMBER  CAPACITY
250   200

CUSTOMER
CUST NO. XCOORD. YCOORD. DEMAND READY TIME DUE DATE SERVICE TIME

0  250  250   0   0  1824   0
30 281 137 10 213 573 90
38 273 55 20 196 556 90
388 324 127 30 143 503 90
648 230 49 20 201 561 90
386 335 57 30 210 570 90
766 343 148 20 240 600 90
151 370 83 20 208 568 90
792 339 60 20 209 569 90
985 284 140 40 115 475 90
272 323 118 20 156 516 90
478 285 158 30 193 553 90
305 279 138 40 121 481 90
294 338 142 40 139 499 90
901 341 58 10 219 579 90
504 343 144 10 146 506 90
758 280 162 30 92 452 90
859 279 42 40 210 570 90
324 283 47 10 216 576 90
262 274 48 10 206 566 90
760 326 118 10 152 512 90
774 279 159 20 97 457 90
931 368 85 30 202 562 90
212 278 46 20 205 565 90
410 288 154 10 288 648 90
949 232 47 10 203 563 90
520 299 98 30 162 522 90
173 367 83 30 203 563 90
321 319 124 20 253 613 90
357 304 97 20 257 617 90
197 233 47 20 206 566 90
941 300 108 10 150 510 90
884 282 139 20 115 475 90
633 277 50 10 201 561 90
32 297 102 10 155 515 90
306 338 147 10 135 495 90
856 281 164 20 91 451 90
