rc2_10_10

VEHICLE
NUMBER  CAPACITY
250   1000

CUSTOMER
CUST NO. XCOORD. YCOORD. DEMAND READY TIME DUE DATE SERVICE TIME

0  250  250   0   0  7284   0
349 200 270 20 53 653 10
176 248 251 20 2 602 10
868 198 264 20 321 921 10
698 179 286 8 1125 1725 10
59 246 255 10 210 810 10
659 244 254 20 161 761 10
886 250 328 24 755 1355 10
244 211 248 26 39 639 10
871 240 250 10 10 610 10
610 206 261 10 490 1090 10
922 210 276 5 47 647 10
838 204 269 30 49 649 10
451 228 287 21 43 643 10
976 198 271 20 97 697 10
458 235 316 2 2383 2983 10
967 197 270 30 143 743 10
484 195 273 22 59 659 10
991 236 247 20 14 614 10
228 226 316 21 70 670 10
65 200 261 10 426 1026 10
464 199 268 20 54 654 10
101 237 254 20 93 693 10
6 175 239 23 75 675 10
538 166 247 1 84 684 10
779 243 248 30 7 607 10
793 245 251 10 5 605 10
467 172 314 9 1942 2542 10
547 201 278 13 56 656 10
149 249 258 30 267 867 10
230 244 250 10 6 606 10
437 221 291 9 50 650 10
647 197 267 10 195 795 10
407 214 245 8 36 636 10
126 201 270 10 52 652 10
374 200 265 10 370 970 10
252 234 246 10 19 619 10
161 192 265 10 257 857 10
