rc1_10_7

VEHICLE
NUMBER   CAPACITY
250     200

CUSTOMER
CUST NO. XCOORD.  YCOORD.  DEMAND  READY TIME DUE DATE  SERVICE TIME

0   250    250     0     0    1821     0
12 60 454 10 313 412 10
348 48 437 4 796 841 10
835 102 422 23 226 392 10
689 59 457 30 281 424 10
268 49 451 20 284 350 10
335 50 438 20 289 415 10
283 111 392 18 1134 1234 10
157 62 453 10 276 368 10
703 59 459 20 294 359 10
664 51 447 10 280 363 10
770 84 377 10 907 975 10
140 84 453 19 1193 1282 10
119 44 440 24 749 858 10
739 53 466 9 318 382 10
634 11 403 18 316 399 10
586 53 440 10 300 376 10
619 64 437 11 866 1001 10
880 13 394 15 357 418 10
340 58 391 16 860 934 10
309 58 458 10 283 432 10
359 59 388 20 641 715 10
46 69 414 6 1226 1330 10
925 66 448 10 270 382 10
366 63 444 20 344 445 10
980 49 437 7 397 488 10
987 67 452 30 272 383 10
147 93 413 17 226 249 10
782 58 449 30 341 414 10
609 65 453 30 277 317 10
120 7 382 27 755 816 10
551 107 374 8 890 969 10
642 95 382 19 226 267 10
946 76 462 18 930 1011 10
833 77 465 11 275 385 10
705 55 449 20 278 382 10
102 54 445 10 283 364 10
417 67 451 5 1166 1296 10
