rc2_10_2

VEHICLE
NUMBER  CAPACITY
250   1000

CUSTOMER
CUST NO. XCOORD. YCOORD. DEMAND READY TIME DUE DATE SERVICE TIME

0  250  250   0   0  7284   0
162 371 192 30 519 639 10
74 358 183 20 935 1055 10
273 355 177 20 497 617 10
360 376 190 30 621 741 10
412 397 153 29 3530 3650 10
426 367 178 20 721 841 10
350 357 181 20 598 718 10
68 378 199 10 829 949 10
672 435 180 37 898 1018 10
300 412 214 10 604 724 10
778 409 155 19 681 801 10
135 374 190 20 573 693 10
191 429 169 8 3611 3731 10
725 415 216 10 705 825 10
731 417 218 10 1112 1232 10
38 391 202 14 536 656 10
678 386 245 16 1916 2036 10
951 389 156 27 2862 2982 10
52 375 191 30 667 787 10
285 344 203 14 669 789 10
592 452 206 31 1969 2089 10
298 417 217 30 754 874 10
363 374 232 33 441 561 10
874 423 217 20 967 1087 10
677 385 239 21 3142 3262 10
954 371 200 10 897 1017 10
89 415 223 20 1219 1339 10
768 420 213 10 814 934 10
927 352 176 20 444 564 10
316 355 180 30 549 669 10
85 355 174 33 2861 2981 10
493 447 184 27 1698 1818 10
405 364 173 30 721 841 10
233 423 214 20 867 987 10
806 379 196 20 776 896 10
891 418 218 20 1068 1188 10
471 423 221 9 1033 1153 10
602 376 195 10 724 844 10
522 425 215 10 916 1036 10
629 413 217 20 656 776 10
91 432 199 7 2554 2674 10
889 420 224 10 1716 1836 10
