rc2_10_7

VEHICLE
NUMBER  CAPACITY
250   1000

CUSTOMER
CUST NO. XCOORD. YCOORD. DEMAND READY TIME DUE DATE SERVICE TIME

0  250  250   0   0  7284   0
892 419 418 10 957 1154 10
848 473 475 10 1494 1965 10
598 479 387 13 1493 1807 10
253 406 450 20 922 1272 10
179 410 399 25 850 1141 10
211 411 421 20 1053 1586 10
577 471 368 19 1560 1985 10
473 413 417 10 1358 1610 10
630 405 450 20 880 1226 10
213 475 480 30 1308 1847 10
724 413 391 8 677 1179 10
949 477 483 20 1359 1687 10
194 448 404 15 2268 2643 10
821 416 420 20 1063 1374 10
512 416 417 20 1211 1653 10
15 408 452 10 1028 1269 10
897 418 399 20 1589 2033 10
499 477 478 20 1452 1807 10
671 408 453 10 946 1439 10
798 422 409 10 593 1281 10
774 422 420 20 845 1376 10
443 471 484 10 1255 1583 10
290 457 492 7 1907 2277 10
986 399 450 20 1312 1677 10
999 470 475 30 1115 1487 10
71 404 447 20 756 1244 10
58 450 416 25 2212 2522 10
200 475 477 20 1538 1818 10
3 476 483 10 1237 1722 10
55 417 417 10 1252 1525 10
262 405 455 40 1251 1595 10
582 412 453 10 1083 1413 10
98 414 378 23 1713 2365 10
773 472 481 20 1165 1567 10
56 419 459 20 1300 1351 10
431 413 421 10 1164 1379 10
468 494 468 31 1260 1679 10
962 468 475 10 989 1518 10
104 438 488 18 1223 1515 10
658 469 489 4 2064 2499 10
948 481 454 14 1167 1517 10
702 421 415 30 772 1231 10
939 470 473 10 1707 1860 10
828 419 422 20 955 1375 10
95 429 389 18 1680 1833 10
