c2_10_10

VEHICLE
NUMBER  CAPACITY
250   700

CUSTOMER
CUST NO. XCOORD. YCOORD. DEMAND READY TIME DUE DATE SERVICE TIME

0  250  250   0   0  3914   0
474 146 245 20 336 1216 90
422 83 151 10 194 1074 90
917 221 87 20 1043 1923 90
442 118 214 20 136 1016 90
504 107 225 30 145 1025 90
838 250 72 20 765 1645 90
376 211 188 10 300 1180 90
252 155 198 30 108 988 90
721 43 125 30 1243 2123 90
610 220 192 20 65 945 90
277 107 221 40 174 1054 90
219 261 84 10 374 1254 90
604 152 241 20 433 1313 90
383 161 203 20 100 980 90
8 216 117 10 137 1017 90
987 152 225 30 634 1514 90
438 265 77 20 472 1352 90
291 228 186 20 67 947 90
992 57 132 10 952 1832 90
17 67 153 20 552 1432 90
121 63 159 20 649 1529 90
453 210 94 20 637 1517 90
875 108 222 10 1137 2017 90
343 241 77 30 865 1745 90
421 140 206 30 118 998 90
484 53 139 30 854 1734 90
166 120 210 20 922 1802 90
712 223 114 20 138 1018 90
204 238 57 30 976 1856 90
97 201 273 30 54 934 90
539 221 179 20 76 956 90
623 200 182 10 793 1673 90
94 148 225 40 253 1133 90
210 260 104 20 146 1026 90
970 217 189 20 204 1084 90
420 225 192 20 63 943 90
472 229 214 20 41 921 90
405 151 214 10 151 1031 90
605 71 139 30 447 1327 90
736 167 169 20 1294 2174 90
91 236 96 20 1244 2124 90
914 77 133 10 349 1229 90
663 232 87 30 1144 2024 90
108 132 218 10 122 1002 90
635 211 180 20 398 1278 90
524 204 171 20 598 1478 90
406 265 94 10 156 1036 90
550 95 160 10 179 1059 90
843 253 81 10 666 1546 90
545 226 120 30 132 1012 90
382 137 227 20 115 995 90
313 80 141 30 201 1081 90
886 184 178 10 1094 1974 90
58 259 76 10 568 1448 90
176 112 208 10 1241 2121 90
449 96 152 20 182 1062 90
437 259 90 30 277 1157 90
599 125 226 20 1029 1909 90
971 197 178 20 698 1578 90
641 212 96 10 544 1424 90
903 118 223 10 134 1014 90
172 228 124 20 127 1007 90
684 220 177 20 101 981 90
203 261 96 40 154 1034 90
103 184 188 10 900 1780 90
265 212 71 20 844 1724 90
936 211 97 20 452 1332 90
183 152 196 10 111 991 90
480 59 159 10 743 1623 90
188 204 90 20 734 1614 90
309 255 120 10 130 1010 90
393 125 212 10 827 1707 90
601 212 168 20 500 1380 90
983 145 221 20 348 1228 90
555 210 98 10 361 1241 90
12 225 125 20 127 1007 90
547 238 84 10 1274 2154 90
481 186 177 20 1001 1881 90
525 173 169 10 1198 2078 90
985 59 128 20 1136 2016 90
924 238 83 20 1183 2063 90
275 57 131 10 1043 1923 90
999 208 101 10 267 1147 90
575 263 91 20 159 1039 90
27 113 229 30 763 1643 90
285 155 242 10 526 1406 90
597 131 207 20 639 1519 90
963 78 141 30 203 1083 90
814 213 76 20 940 1820 90
720 211 107 10 171 1051 90
554 147 199 30 114 994 90
488 235 81 20 1090 1970 90
431 136 217 30 538 1418 90
104 128 209 20 733 1613 90
281 94 130 10 241 1121 90
586 140 220 30 443 1323 90
415 259 88 20 185 1065 90
