rc1_10_1

VEHICLE
NUMBER  CAPACITY
250   200

CUSTOMER
CUST NO. XCOORD. YCOORD. DEMAND READY TIME DUE DATE SERVICE TIME

0  250  250   0   0  1821   0
172 385 17 40 809 839 10
322 364 71 5 1348 1378 10
236 365 74 24 848 878 10
804 415 95 15 1177 1207 10
620 376 92 10 991 1021 10
673 432 66 30 1071 1101 10
643 352 63 6 1178 1208 10
726 397 57 17 1476 1506 10
103 382 110 24 1112 1142 10
470 341 59 27 790 820 10
982 337 41 8 1002 1032 10
112 429 67 16 732 762 10
232 390 34 7 1060 1090 10
570 344 70 24 1146 1176 10
997 335 99 25 1218 1248 10
403 335 46 18 1342 1372 10
33 390 120 24 1004 1034 10
781 341 72 9 805 835 10
205 391 112 24 1000 1030 10
