rc1_10_3

VEHICLE
NUMBER   CAPACITY
250     200

CUSTOMER
CUST NO. XCOORD.  YCOORD.  DEMAND  READY TIME DUE DATE  SERVICE TIME

0   250    250     0     0    1821     0
756 484 171 10 293 323 10
493 447 184 27 0 1604 10
604 441 177 23 0 1607 10
471 423 221 9 258 288 10
889 420 224 10 0 1640 10
875 477 179 20 0 1574 10
891 418 218 20 0 1640 10
672 435 180 37 0 1614 10
447 458 213 22 0 1600 10
958 421 218 10 0 1638 10
300 412 214 10 0 1646 10
592 452 206 31 492 522 10
323 418 221 10 291 321 10
89 415 223 20 305 335 10
877 405 187 34 1251 1281 10
768 420 213 10 204 234 10
91 432 199 7 0 1622 10
170 488 173 20 0 1561 10
778 409 155 19 185 215 10
629 413 217 20 0 1645 10
351 476 174 30 324 354 10
591 484 177 20 0 1566 10
247 455 168 21 0 1591 10
390 452 172 9 0 1595 10
820 404 140 8 0 1622 10
731 417 218 10 278 308 10
191 429 169 8 0 1615 10
233 423 214 20 217 247 10
599 479 169 20 0 1569 10
298 417 217 30 189 219 10
249 439 156 2 526 556 10
890 461 182 13 0 1590 10
245 484 174 10 265 295 10
956 428 202 24 904 934 10
888 479 176 20 240 270 10
226 482 184 14 0 1570 10
874 423 217 20 0 1635 10
725 415 216 10 176 206 10
522 425 215 10 229 259 10
