rc1_10_3

VEHICLE
NUMBER   CAPACITY
250     200

CUSTOMER
CUST NO. XCOORD.  YCOORD.  DEMAND  READY TIME DUE DATE  SERVICE TIME

0   250    250     0     0    1821     0
429 306 42 11 477 507 10
849 275 42 30 238 268 10
836 240 34 28 0 1595 10
652 251 63 14 0 1624 10
209 265 0 10 896 926 10
797 275 45 20 225 255 10
558 282 1 18 0 1560 10
568 277 50 10 201 231 10
715 233 87 18 253 283 10
118 268 52 10 306 336 10
810 269 46 20 0 1607 10
723 200 78 31 0 1632 10
441 253 50 27 0 1611 10
371 323 29 7 0 1579 10
994 209 68 27 1568 1598 10
940 224 56 13 1186 1216 10
852 267 44 20 0 1605 10
435 257 57 18 1226 1256 10
699 269 48 20 281 311 10
528 273 55 20 0 1615 10
564 292 32 14 0 1589 10
259 253 74 20 1350 1380 10
750 239 15 2 604 634 10
186 231 29 14 1226 1256 10
169 274 48 10 0 1608 10
413 210 29 13 1051 1081 10
42 307 52 23 920 950 10
981 270 49 30 292 322 10
385 235 33 30 0 1594 10
