r1_10_10

VEHICLE
NUMBER  CAPACITY
250   200

CUSTOMER
CUST NO. XCOORD. YCOORD. DEMAND READY TIME DUE DATE SERVICE TIME

0  250  250   0   0  1925   0
488 87 51 35 493 565 10
134 108 37 23 486 642 10
111 114 102 21 454 591 10
107 100 85 14 333 399 10
702 144 35 26 239 385 10
595 128 113 22 333 423 10
225 103 123 8 435 574 10
786 3 23 11 348 464 10
448 109 56 27 239 341 10
573 71 12 2 297 437 10
502 150 68 23 395 481 10
222 7 82 25 368 486 10
515 132 151 22 154 332 10
210 75 118 21 366 483 10
410 16 68 11 296 430 10
155 44 115 24 246 407 10
683 142 80 12 461 553 10
963 130 140 17 162 318 10
433 105 140 27 182 305 10
402 24 71 11 298 424 10
628 120 17 30 266 377 10
120 105 137 32 445 489 10
979 43 135 31 236 344 10
388 135 30 12 385 593 10
