r2_10_5

VEHICLE
NUMBER  CAPACITY
250   1000

CUSTOMER
CUST NO. XCOORD. YCOORD. DEMAND READY TIME DUE DATE SERVICE TIME

0  250  250   0   0  7697   0
776 442 5 16 1221 1461 10
770 439 156 2 2043 2283 10
428 495 199 25 1287 1527 10
512 364 173 30 661 901 10
885 450 194 27 2439 2679 10
694 386 245 16 1856 2096 10
215 389 43 21 1522 1762 10
488 476 61 36 1735 1975 10
408 401 164 13 2425 2665 10
853 482 104 19 3170 3410 10
612 341 59 27 3099 3339 10
793 344 203 14 609 849 10
185 365 119 30 1467 1707 10
371 356 256 19 305 545 10
450 418 75 11 1732 1972 10
262 452 206 31 1909 2149 10
742 485 104 21 3118 3358 10
871 423 221 9 973 1213 10
739 289 220 19 77 317 10
828 292 104 26 1156 1396 10
256 351 60 15 781 1021 10
744 389 255 15 3081 3321 10
792 372 97 13 795 1035 10
217 426 38 23 2375 2615 10
798 398 210 31 493 733 10
825 409 155 19 621 861 10
761 399 175 13 2928 3168 10
676 492 34 5 3182 3422 10
631 351 5 12 1924 2164 10
425 429 67 16 2869 3109 10
68 374 116 9 2289 2529 10
500 451 62 5 1069 1309 10
81 398 49 21 3107 3347 10
598 324 99 10 1292 1532 10
508 352 241 5 3109 3349 10
719 484 224 7 1138 1378 10
442 311 203 15 2830 3070 10
227 390 249 21 2267 2507 10
32 261 138 1 2413 2653 10
188 385 17 40 3175 3415 10
25 415 118 19 806 1046 10
449 292 32 14 857 1097 10
829 443 167 17 2113 2353 10
91 392 95 16 3005 3245 10
357 432 2 20 1806 2046 10
685 355 174 33 2801 3041 10
412 363 34 19 1029 1269 10
803 293 228 19 73 313 10
704 306 235 25 112 352 10
145 293 174 31 229 469 10
443 480 119 7 2454 2694 10
216 292 136 28 3062 3302 10
2 325 56 13 3126 3366 10
152 380 194 3 2794 3034 10
673 394 47 5 1192 1432 10
546 273 70 36 2417 2657 10
15 437 90 12 2280 2520 10
820 365 28 9 1013 1253 10
975 461 182 13 2456 2696 10
29 309 161 23 2273 2513 10
693 447 184 27 1638 1878 10
153 495 227 20 1316 1556 10
432 288 70 24 656 896 10
717 481 84 17 1962 2202 10
373 412 100 1 1993 2233 10
538 441 7 20 1506 1746 10
877 493 111 26 2104 2344 10
834 452 172 9 2373 2613 10
783 438 5 18 2136 2376 10
571 349 43 26 798 1038 10
75 452 110 14 1301 1541 10
308 435 180 37 838 1078 10
92 460 117 14 2019 2259 10
424 480 131 5 2690 2930 10
794 423 170 27 1992 2232 10
79 492 188 33 2801 3041 10
342 494 165 19 2357 2597 10
574 341 72 9 3159 3399 10
67 303 78 12 600 840 10
531 343 34 7 2839 3079 10
429 372 115 13 1395 1635 10
586 432 199 7 2494 2734 10
769 371 71 21 1087 1327 10
274 488 3 3 1542 1782 10
632 351 148 30 1785 2025 10
404 385 239 21 3082 3322 10
409 376 113 8 1997 2237 10
64 393 98 13 2950 3190 10
423 268 113 21 2659 2899 10
83 276 84 20 2665 2905 10
378 339 41 6 1763 2003 10
800 392 1 11 2361 2601 10
630 450 45 24 1954 2194 10
475 295 89 23 2908 3148 10
708 495 83 32 1703 1943 10
639 391 202 14 476 716 10
347 420 224 10 1656 1896 10
457 385 58 24 1559 1799 10
11 436 123 40 781 1021 10
847 382 9 30 1027 1267 10
718 271 128 12 1322 1562 10
809 374 232 33 381 621 10
55 317 45 8 2573 2813 10
298 372 39 10 2834 3074 10
167 343 205 26 3009 3249 10
319 429 59 9 1775 2015 10
528 339 113 14 2982 3222 10
367 389 156 27 2802 3042 10
502 306 42 11 1847 2087 10
523 262 92 25 2462 2702 10
738 263 153 12 1590 1830 10
102 500 228 8 3067 3307 10
908 480 136 22 907 1147 10
