c1_10_7

VEHICLE
NUMBER  CAPACITY
250   200

CUSTOMER
CUST NO. XCOORD. YCOORD. DEMAND READY TIME DUE DATE SERVICE TIME

0  250  250   0   0  1824   0
721 476 196 30 420 600 90
546 484 174 10 430 610 90
867 458 164 20 316 496 90
194 452 163 30 219 399 90
253 473 196 10 513 693 90
309 463 194 20 220 400 90
111 479 127 20 355 535 90
692 466 142 10 424 604 90
144 463 140 10 240 420 90
373 465 142 10 333 513 90
602 484 177 20 337 517 90
982 470 125 20 253 433 90
779 461 167 10 411 591 90
908 462 167 20 502 682 90
133 467 141 10 516 696 90
449 479 176 20 241 421 90
707 472 129 10 258 438 90
890 467 195 10 224 404 90
11 472 189 30 322 502 90
759 488 173 20 524 704 90
175 459 145 40 233 413 90
299 477 179 20 237 417 90
551 481 124 10 448 628 90
84 457 163 20 225 405 90
94 481 122 30 540 720 90
