c1_10_7

VEHICLE
NUMBER  CAPACITY
250   200

CUSTOMER
CUST NO. XCOORD. YCOORD. DEMAND READY TIME DUE DATE SERVICE TIME

0  250  250   0   0  1824   0
377 484 171 10 618 798 90
847 465 168 10 779 959 90
595 463 167 10 593 773 90
843 479 121 10 633 813 90
651 468 199 20 609 789 90
916 460 171 30 875 1055 90
753 458 130 20 1085 1265 90
609 477 120 10 907 1087 90
296 479 169 20 714 894 90
913 470 139 10 609 789 90
507 464 134 20 987 1167 90
892 465 136 30 895 1075 90
468 466 165 30 686 866 90
995 476 174 30 809 989 90
942 478 121 40 724 904 90
539 472 132 10 706 886 90
885 477 122 10 815 995 90
891 469 132 10 799 979 90
