r2_10_5

VEHICLE
NUMBER  CAPACITY
250   1000

CUSTOMER
CUST NO. XCOORD. YCOORD. DEMAND READY TIME DUE DATE SERVICE TIME

0  250  250   0   0  7697   0
45 62 94 16 3742 3982 10
774 58 39 12 4592 4832 10
418 51 89 19 4773 5013 10
868 19 38 15 3329 3569 10
845 49 118 3 4226 4466 10
545 30 97 23 4781 5021 10
883 65 62 15 3846 4086 10
918 38 15 3 4304 4544 10
967 30 7 23 4694 4934 10
527 25 53 23 4020 4260 10
814 80 117 24 3237 3477 10
579 66 88 2 3259 3499 10
48 56 75 24 5691 5931 10
485 52 18 28 3368 3608 10
995 79 80 19 5468 5708 10
891 60 29 32 5391 5631 10
118 1 101 8 4969 5209 10
240 26 67 15 5207 5447 10
52 15 11 15 3747 3987 10
407 32 94 14 3661 3901 10
10 57 43 15 4034 4274 10
