rc2_10_4

VEHICLE
NUMBER  CAPACITY
250   1000

CUSTOMER
CUST NO. XCOORD. YCOORD. DEMAND READY TIME DUE DATE SERVICE TIME

0  250  250   0   0  7284   0
164 381 494 10 0 6998 10
297 371 423 10 0 7063 10
893 336 493 20 0 7017 10
277 379 486 22 0 7006 10
49 340 416 36 0 7086 10
712 398 476 25 0 7004 10
719 378 493 30 0 7000 10
289 382 498 10 0 6994 10
463 318 497 21 0 7018 10
4 352 487 27 0 7016 10
88 334 403 26 0 7100 10
353 351 481 10 0 7022 10
409 347 459 25 0 7044 10
915 374 489 20 0 7005 10
8 328 458 17 0 7052 10
