r1_10_1

VEHICLE
NUMBER  CAPACITY
250   200

CUSTOMER
CUST NO. XCOORD. YCOORD. DEMAND READY TIME DUE DATE SERVICE TIME

0  250  250   0   0  1925   0
739 12 358 7 1234 1244 10
285 27 464 21 1301 1311 10
551 51 360 13 1155 1165 10
349 122 422 3 1467 1477 10
177 29 462 17 1320 1330 10
670 149 458 13 1174 1184 10
769 26 442 23 1354 1364 10
923 138 406 8 1226 1236 10
693 103 464 22 1283 1293 10
430 80 337 28 1129 1139 10
888 153 362 7 1171 1181 10
768 84 453 19 1233 1243 10
919 88 484 5 1501 1511 10
23 28 467 34 1353 1363 10
16 52 412 22 1416 1426 10
171 111 392 18 1179 1189 10
860 142 360 20 1542 1552 10
284 67 451 5 1226 1236 10
274 90 496 13 1405 1415 10
88 49 353 15 1456 1466 10
166 89 358 23 1257 1267 10
481 69 414 6 1273 1283 10
3 80 400 10 1456 1466 10
