c2_10_10

VEHICLE
NUMBER   CAPACITY
250     700

CUSTOMER
CUST NO. XCOORD.  YCOORD.  DEMAND  READY TIME DUE DATE  SERVICE TIME

0   250    250     0     0    3914     0
452 196 219 30 2694 3574 90
587 144 266 30 107 987 90
196 139 262 30 1090 1970 90
968 211 198 30 2300 3180 90
461 209 201 30 2393 3273 90
638 117 204 30 1338 2218 90
94 148 225 40 253 1133 90
59 121 203 10 1432 2312 90
945 179 284 30 671 1551 90
930 124 247 20 2735 3615 90
376 211 188 10 300 1180 90
604 152 241 20 433 1313 90
742 138 272 20 1461 2341 90
665 174 304 20 93 973 90
252 155 198 30 108 988 90
736 167 169 20 1294 2174 90
424 108 245 20 1370 2250 90
593 200 195 20 1825 2705 90
696 121 249 20 2061 2941 90
401 185 301 20 970 1850 90
104 128 209 20 733 1613 90
875 108 222 10 1137 2017 90
270 189 200 10 1629 2509 90
891 190 292 10 385 1265 90
344 134 265 20 2306 3186 90
122 112 243 20 1961 2841 90
220 176 296 20 870 1750 90
306 110 241 20 1776 2656 90
923 140 265 40 1183 2063 90
447 212 215 20 2800 3680 90
103 184 188 10 900 1780 90
40 196 192 30 1730 2610 90
535 185 293 10 570 1450 90
481 186 177 20 1001 1881 90
289 111 244 10 1869 2749 90
101 125 264 20 2495 3375 90
540 194 296 20 290 1170 90
333 198 284 10 62 942 90
60 118 256 10 2159 3039 90
859 148 270 10 103 983 90
166 120 210 20 922 1802 90
842 128 240 10 2822 3702 90
631 123 206 10 1525 2405 90
557 121 236 10 1674 2554 90
959 207 289 20 2637 3517 90
897 110 199 10 1847 2727 90
442 118 214 20 136 1016 90
183 152 196 10 111 991 90
586 140 220 30 443 1323 90
880 127 278 10 1746 2626 90
623 200 182 10 793 1673 90
866 132 272 30 1934 2814 90
176 112 208 10 1241 2121 90
397 188 293 30 477 1357 90
21 149 183 20 2748 3628 90
970 217 189 20 204 1084 90
865 204 291 20 2543 3423 90
505 173 208 30 1521 2401 90
425 129 267 10 2120 3000 90
472 229 214 20 41 921 90
691 129 185 20 2454 3334 90
14 143 266 10 108 988 90
476 116 259 20 2253 3133 90
994 109 250 10 1180 2060 90
925 136 296 30 2822 3702 90
393 125 212 10 827 1707 90
777 94 247 30 493 1373 90
308 152 260 10 98 978 90
987 152 225 30 634 1514 90
997 175 282 10 766 1646 90
25 115 269 10 2596 3476 90
862 143 257 10 141 1021 90
629 140 180 20 2649 3529 90
421 140 206 30 118 998 90
256 153 295 20 2838 3718 90
955 138 196 30 1633 2513 90
627 112 251 10 1273 2153 90
548 138 276 10 1555 2435 90
382 137 227 20 115 995 90
97 201 273 30 54 934 90
525 173 169 10 1198 2078 90
420 225 192 20 63 943 90
346 111 279 30 141 1021 90
886 184 178 10 1094 1974 90
506 204 189 10 2018 2898 90
582 167 304 20 99 979 90
855 101 263 20 796 1676 90
850 103 251 10 898 1778 90
405 151 214 10 151 1031 90
554 147 199 30 114 994 90
431 136 217 30 538 1418 90
848 183 187 20 1408 2288 90
666 106 248 20 1086 1966 90
903 118 223 10 134 1014 90
795 133 278 10 1650 2530 90
949 163 277 10 2853 3733 90
373 141 267 10 1275 2155 90
708 199 200 10 2585 3465 90
528 207 194 10 2113 2993 90
90 131 269 10 2028 2908 90
334 137 186 10 2552 3432 90
944 96 269 10 605 1485 90
191 139 269 20 1368 2248 90
285 155 242 10 526 1406 90
27 113 229 30 763 1643 90
532 129 244 30 2548 3428 90
189 149 273 20 103 983 90
635 211 180 20 398 1278 90
563 104 246 10 993 1873 90
315 157 192 20 2835 3715 90
599 125 226 20 1029 1909 90
551 103 266 30 702 1582 90
610 220 192 20 65 945 90
642 119 285 40 2703 3583 90
474 146 245 20 336 1216 90
414 203 203 10 2490 3370 90
337 95 243 20 399 1279 90
150 131 241 10 2825 3705 90
943 83 228 20 289 1169 90
694 116 255 20 879 1759 90
168 202 198 30 1918 2798 90
228 119 232 10 1579 2459 90
383 161 203 20 100 980 90
102 131 253 10 2449 3329 90
135 126 188 20 1738 2618 90
971 197 178 20 698 1578 90
290 132 273 10 1843 2723 90
612 131 267 10 2212 3092 90
817 123 242 20 2817 3697 90
504 107 225 30 145 1025 90
329 207 196 20 2205 3085 90
983 145 221 20 348 1228 90
231 125 181 20 2358 3238 90
571 129 264 20 2401 3281 90
466 125 245 20 2642 3522 90
108 132 218 10 122 1002 90
597 131 207 20 639 1519 90
277 107 221 40 174 1054 90
740 129 255 10 2356 3236 90
538 128 249 20 983 1863 90
881 140 252 20 237 1117 90
316 101 237 20 1471 2351 90
