rc2_10_7

VEHICLE
NUMBER  CAPACITY
250   1000

CUSTOMER
CUST NO. XCOORD. YCOORD. DEMAND READY TIME DUE DATE SERVICE TIME

0  250  250   0   0  7284   0
740 112 465 10 907 1606 10
609 65 453 30 991 1382 10
554 14 459 20 1395 1411 10
905 18 484 10 1308 1412 10
815 132 477 25 1293 1446 10
835 102 422 23 659 1270 10
837 141 428 20 683 986 10
634 11 403 18 1333 1531 10
664 51 447 10 1096 1380 10
825 132 479 11 1014 1047 10
465 111 467 20 1012 1404 10
996 147 435 20 859 1221 10
867 141 431 30 852 1011 10
335 50 438 20 1396 1418 10
689 59 457 30 1179 1615 10
586 53 440 10 1173 1532 10
157 62 453 10 988 1490 10
705 55 449 20 874 1355 10
839 144 439 30 874 1415 10
466 138 438 20 1070 1349 10
703 59 459 20 1125 1485 10
25 116 466 20 858 1270 10
102 54 445 10 1234 1350 10
739 53 466 9 1262 1538 10
220 145 434 20 743 1241 10
833 77 465 11 785 1422 10
987 67 452 30 940 1336 10
147 93 413 17 793 1017 10
318 21 485 30 1287 1540 10
966 12 451 20 1102 1390 10
593 22 483 30 1075 1533 10
925 66 448 10 876 1287 10
625 13 455 10 1082 1524 10
328 111 463 20 1139 1554 10
752 109 463 30 1277 1511 10
642 95 382 19 639 1331 10
746 134 428 20 1014 1570 10
308 135 400 20 1104 1404 10
628 117 467 10 855 1181 10
917 112 467 10 1036 1292 10
276 90 477 18 944 1278 10
975 5 445 30 1193 1414 10
268 49 451 20 1063 1296 10
309 58 458 10 1093 1610 10
585 111 464 10 1076 1529 10
847 115 465 10 923 1296 10
668 112 433 29 879 1121 10
419 146 439 10 1007 1187 10
376 15 457 20 1102 1606 10
539 140 431 30 621 1154 10
