rc2_10_7

VEHICLE
NUMBER  CAPACITY
250   1000

CUSTOMER
CUST NO. XCOORD. YCOORD. DEMAND READY TIME DUE DATE SERVICE TIME

0  250  250   0   0  7284   0
619 64 437 11 3560 3905 10
357 133 455 25 3054 3530 10
348 48 437 4 3128 3422 10
913 130 494 6 2988 3202 10
899 13 465 31 2954 3354 10
119 44 440 24 2826 3604 10
255 115 395 11 3188 3454 10
770 84 377 10 3552 3978 10
359 59 388 20 2556 2866 10
111 0 422 8 3212 3477 10
946 76 462 18 3753 4015 10
280 150 484 16 2534 2587 10
340 58 391 16 3388 3791 10
551 107 374 8 3662 3772 10
120 7 382 27 2977 3307 10
138 163 472 9 2452 2895 10
