c1_10_3

VEHICLE
NUMBER   CAPACITY
250     200

CUSTOMER
CUST NO. XCOORD.  YCOORD.  DEMAND  READY TIME DUE DATE  SERVICE TIME

0   250    250     0     0    1824     0
455 266 405 20 680 745 90
303 172 488 10 310 374 90
404 165 337 20 0 1613 90
816 144 439 30 0 1518 90
345 186 472 20 0 1503 90
252 267 400 10 779 836 90
969 277 403 10 395 464 90
471 241 403 10 686 744 90
260 243 399 10 782 837 90
537 147 435 20 553 607 90
936 186 464 10 0 1511 90
124 146 439 10 642 707 90
771 208 396 20 401 462 90
160 134 428 20 935 992 90
281 215 395 20 0 1585 90
535 175 487 20 248 308 90
213 272 403 30 494 555 90
978 178 491 10 0 1483 90
510 169 336 30 0 1616 90
851 179 492 10 678 752 90
412 138 438 20 0 1516 90
739 188 462 40 0 1514 90
592 213 397 10 680 744 90
761 207 400 20 489 562 90
671 174 494 10 0 1479 90
857 169 340 10 0 1613 90
81 141 431 30 362 423 90
914 270 400 10 151 213 90
425 184 464 10 285 344 90
251 269 402 20 587 648 90
621 272 402 10 0 1581 90
149 182 463 30 0 1511 90
409 189 464 10 0 1512 90
391 220 392 20 970 1015 90
782 165 343 10 556 613 90
332 181 469 20 468 536 90
256 167 339 10 0 1613 90
815 211 386 20 141 212 90
506 250 411 30 492 554 90
772 249 407 10 403 455 90
125 162 336 20 0 1611 90
238 246 398 40 148 199 90
287 250 405 20 303 370 90
362 270 401 20 217 268 90
358 196 462 10 955 1003 90
485 267 394 10 0 1589 90
39 163 340 30 468 513 90
954 163 337 10 277 334 90
656 203 390 40 307 361 90
464 214 394 10 0 1586 90
168 210 398 10 0 1581 90
106 141 428 20 0 1526 90
158 140 431 30 280 324 90
626 245 408 10 585 652 90
658 210 391 30 202 272 90
981 163 331 40 118 179 90
86 268 400 20 0 1583 90
226 173 490 20 406 462 90
134 187 491 20 0 1485 90
597 248 404 30 0 1580 90
208 186 461 20 220 284 90
385 145 434 20 462 514 90
