rc2_10_6

VEHICLE
NUMBER  CAPACITY
250   1000

CUSTOMER
CUST NO. XCOORD. YCOORD. DEMAND READY TIME DUE DATE SERVICE TIME

0  250  250   0   0  7284   0
865 482 141 14 3983 4223 10
191 429 169 8 3551 3791 10
604 441 177 23 3945 4185 10
247 455 168 21 3407 3647 10
561 482 104 19 3170 3410 10
780 488 96 22 4205 4445 10
978 437 98 16 4395 4635 10
611 466 149 16 4684 4924 10
648 498 171 12 4966 5206 10
399 485 104 21 3118 3358 10
226 482 184 14 4367 4607 10
749 438 127 2 3704 3944 10
977 480 131 5 2690 2930 10
444 480 152 26 4026 4266 10
938 471 94 30 3935 4175 10
