c1_10_10

VEHICLE
NUMBER   CAPACITY
250     200

CUSTOMER
CUST NO. XCOORD.  YCOORD.  DEMAND  READY TIME DUE DATE  SERVICE TIME

0   250    250     0     0    1824     0
15 418 218 20 740 1264 90
141 428 291 10 564 898 90
638 321 277 10 75 516 90
647 413 287 10 1076 1567 90
339 394 333 20 357 701 90
293 413 217 20 166 643 90
836 335 255 20 85 494 90
31 379 196 20 443 935 90
755 400 286 10 154 447 90
276 378 199 10 507 1057 90
542 415 216 10 168 664 90
10 410 285 20 338 717 90
741 418 221 10 907 1466 90
676 312 270 30 698 1292 90
735 388 325 10 732 1264 90
673 390 325 30 646 1166 90
613 320 283 30 213 678 90
167 412 214 10 165 738 90
573 320 280 10 99 420 90
307 395 295 20 494 919 90
283 436 241 20 1068 1537 90
157 442 247 10 390 923 90
751 313 282 20 637 1000 90
457 395 332 10 364 878 90
687 391 293 20 611 990 90
924 311 266 10 63 465 90
220 421 294 10 642 1195 90
556 408 279 20 492 938 90
588 316 286 30 400 863 90
863 441 273 20 615 1260 90
117 444 271 10 392 929 90
1 387 297 10 144 681 90
250 439 266 10 189 478 90
734 402 264 20 152 702 90
657 443 272 10 585 1105 90
770 439 305 30 549 985 90
72 321 280 30 77 522 90
312 317 261 20 194 678 90
289 466 287 10 219 772 90
101 441 244 10 719 1145 90
534 446 319 30 207 741 90
166 393 301 30 287 739 90
951 341 257 20 234 681 90
29 440 247 20 503 993 90
162 406 257 10 401 832 90
107 404 264 20 176 681 90
314 442 310 20 464 877 90
976 421 292 20 176 714 90
576 312 267 10 703 1100 90
619 423 214 20 412 852 90
458 423 290 10 177 673 90
152 444 242 10 270 671 90
768 445 273 20 510 995 90
623 400 260 40 150 527 90
640 389 334 20 162 616 90
239 423 294 10 611 1041 90
21 337 257 20 595 1073 90
254 445 237 10 195 758 90
221 434 245 10 1119 1550 90
826 435 267 20 1034 1401 90
87 337 251 10 87 705 90
392 442 243 10 712 1336 90
947 316 284 20 311 768 90
940 439 312 30 198 646 90
446 425 215 10 469 978 90
717 401 281 20 761 1232 90
854 388 331 20 160 529 90
487 460 288 10 213 626 90
748 395 331 20 410 1013 90
469 415 223 20 1016 1544 90
69 337 256 20 87 658 90
325 398 325 30 600 1017 90
796 343 254 20 126 602 90
987 376 190 30 258 563 90
997 332 249 30 82 612 90
521 334 240 30 220 889 90
515 399 301 30 488 730 90
704 402 284 30 155 634 90
629 441 265 40 191 734 90
453 440 241 10 835 1398 90
776 403 262 30 259 781 90
41 371 200 10 656 1102 90
435 436 264 20 186 693 90
591 425 288 10 395 877 90
702 319 260 20 207 849 90
637 418 290 10 975 1419 90
963 371 193 20 133 713 90
420 338 260 20 489 810 90
650 459 295 20 1027 1455 90
99 406 285 20 188 680 90
73 417 218 10 937 1250 90
737 321 263 20 516 907 90
495 344 262 20 353 753 90
85 470 290 10 611 1120 90
554 468 295 10 710 1212 90
783 388 334 20 161 704 90
330 439 268 10 749 1316 90
590 316 258 20 90 596 90
848 416 288 20 1058 1521 90
508 443 237 20 193 638 90
572 465 287 10 426 748 90
439 315 287 30 474 972 90
112 443 246 20 254 876 90
598 405 276 20 625 994 90
738 444 313 20 211 762 90
617 390 294 20 614 1170 90
70 389 300 10 147 623 90
798 423 286 20 330 577 90
873 315 265 10 634 982 90
120 335 243 20 181 741 90
55 420 295 20 800 1220 90
365 337 241 20 161 576 90
233 466 295 20 831 1274 90
996 330 242 30 422 876 90
336 436 237 20 186 550 90
599 400 288 30 154 556 90
583 335 256 10 659 1193 90
861 391 334 20 215 657 90
733 421 218 10 590 1229 90
829 450 265 10 215 727 90
248 435 268 10 851 1403 90
860 439 243 20 979 1439 90
566 338 257 20 448 1038 90
199 320 262 10 376 864 90
899 467 285 20 219 666 90
255 461 284 10 213 653 90
337 318 280 20 110 593 90
655 415 289 20 169 646 90
694 342 254 10 92 511 90
757 440 244 10 613 1070 90
228 402 265 20 152 696 90
883 418 295 20 885 1318 90
224 315 260 10 65 479 90
807 443 313 30 333 823 90
273 402 281 20 698 1112 90
279 376 195 10 391 800 90
496 390 301 10 149 767 90
726 371 192 30 134 690 90
396 423 217 20 603 1030 90
585 339 244 30 89 685 90
231 385 295 20 142 599 90
801 374 190 20 137 520 90
466 375 191 30 197 806 90
928 417 217 30 170 753 90
649 407 280 10 419 828 90
611 439 310 10 198 526 90
51 424 286 10 368 721 90
155 312 264 20 63 504 90
950 466 291 10 406 956 90
423 468 291 30 435 1111 90
952 420 213 10 202 876 90
992 401 255 30 394 1029 90
881 460 293 30 857 1441 90
523 444 269 20 345 793 90
