rc2_10_5

VEHICLE
NUMBER  CAPACITY
250   1000

CUSTOMER
CUST NO. XCOORD. YCOORD. DEMAND READY TIME DUE DATE SERVICE TIME

0  250  250   0   0  7284   0
103 382 110 24 4414 4605 10
977 480 131 5 2590 3031 10
978 437 98 16 4457 4573 10
33 390 120 24 3770 4383 10
749 438 127 2 3629 4018 10
938 471 94 30 3752 4358 10
820 404 140 8 4984 5206 10
205 391 112 24 3790 4333 10
780 488 96 22 3991 4659 10
112 429 67 16 2817 3161 10
673 432 66 30 4225 4464 10
865 482 141 14 3839 4367 10
561 482 104 19 3152 3427 10
399 485 104 21 3230 3246 10
611 466 149 16 4698 4910 10
804 415 95 15 4615 4918 10
444 480 152 26 4000 4293 10
