rc1_10_9

VEHICLE
NUMBER  CAPACITY
250   200

CUSTOMER
CUST NO. XCOORD. YCOORD. DEMAND READY TIME DUE DATE SERVICE TIME

0  250  250   0   0  1821   0
192 350 199 21 1156 1276 10
595 347 192 18 1443 1563 10
541 359 246 18 1378 1498 10
447 458 213 22 1083 1203 10
284 330 281 14 1285 1405 10
801 409 255 23 1477 1597 10
912 489 338 17 1352 1472 10
178 322 290 23 1434 1554 10
226 482 184 14 1062 1182 10
877 405 187 34 1206 1326 10
338 360 294 9 1373 1493 10
722 371 315 18 1121 1241 10
650 418 251 21 1152 1272 10
478 365 190 22 1432 1552 10
222 370 262 15 1054 1174 10
224 330 308 24 1125 1245 10
