rc2_10_3

VEHICLE
NUMBER   CAPACITY
250     1000

CUSTOMER
CUST NO. XCOORD.  YCOORD.  DEMAND  READY TIME DUE DATE  SERVICE TIME

0   250    250     0     0    7284     0
452 397 18 10 1168 1288 10
198 389 17 10 1463 1583 10
844 398 23 10 0 7004 10
172 385 17 40 3235 3355 10
57 389 11 20 0 6998 10
282 391 18 10 1511 1631 10
364 398 20 20 1076 1196 10
646 351 5 12 0 7009 10
908 365 28 9 1073 1193 10
846 386 13 10 0 7001 10
377 397 20 20 0 7002 10
274 394 23 20 0 7006 10
901 394 47 5 0 7026 10
232 390 34 7 4241 4361 10
223 393 20 20 0 7004 10
726 397 57 17 5904 6024 10
952 384 16 20 0 7005 10
990 393 12 10 0 6997 10
