rc2_10_3

VEHICLE
NUMBER   CAPACITY
250     1000

CUSTOMER
CUST NO. XCOORD.  YCOORD.  DEMAND  READY TIME DUE DATE  SERVICE TIME

0   250    250     0     0    7284     0
148 267 394 10 1037 1157 10
2 214 394 10 0 7126 10
932 272 402 10 638 758 10
957 257 391 22 0 7133 10
549 245 408 10 0 7116 10
10 226 423 15 788 908 10
507 189 402 10 0 7111 10
327 250 405 20 0 7119 10
225 246 398 40 0 7126 10
906 250 411 30 0 7113 10
974 270 401 20 0 7122 10
281 213 399 18 936 1056 10
246 175 352 12 6660 6780 10
734 210 379 12 0 7139 10
657 207 400 20 762 882 10
218 272 420 7 5543 5663 10
534 267 400 10 929 1049 10
107 249 407 10 695 815 10
436 272 403 30 0 7120 10
442 250 441 5 0 7083 10
354 270 400 10 545 665 10
271 299 353 34 396 516 10
37 268 400 20 973 1093 10
487 241 403 10 0 7121 10
581 225 369 38 426 546 10
370 262 369 15 0 7155 10
347 216 341 19 0 7177 10
862 244 368 25 0 7156 10
448 215 395 20 0 7125 10
78 243 408 15 5735 5855 10
82 277 403 10 699 819 10
217 287 397 12 2257 2377 10
855 210 391 30 566 686 10
850 286 356 30 388 508 10
311 211 386 20 0 7133 10
330 263 418 25 1114 1234 10
238 210 398 10 817 937 10
440 220 392 20 0 7129 10
257 218 403 15 5277 5397 10
679 208 396 20 0 7123 10
240 248 404 30 0 7120 10
17 203 390 40 0 7127 10
876 213 397 10 869 989 10
362 266 405 20 868 988 10
853 243 399 10 939 1059 10
154 241 402 11 0 7122 10
626 170 347 15 0 7149 10
878 269 402 20 811 931 10
