rc2_10_3

VEHICLE
NUMBER   CAPACITY
250     1000

CUSTOMER
CUST NO. XCOORD.  YCOORD.  DEMAND  READY TIME DUE DATE  SERVICE TIME

0   250    250     0     0    7284     0
227 451 305 13 774 894 10
250 434 359 13 5569 5689 10
520 499 316 18 0 7017 10
577 471 368 19 1712 1832 10
843 487 320 21 0 7027 10
598 479 387 13 1590 1710 10
482 491 369 28 0 7006 10
133 460 328 13 876 996 10
912 489 338 17 5589 5709 10
491 453 318 30 0 7060 10
718 478 300 12 0 7041 10
918 489 274 31 2135 2255 10
928 490 286 29 0 7032 10
649 468 352 9 0 7034 10
184 492 335 10 3313 3433 10
