c2_10_4

VEHICLE
NUMBER  CAPACITY
250   700

CUSTOMER
CUST NO. XCOORD. YCOORD. DEMAND READY TIME DUE DATE SERVICE TIME

0  250  250   0   0  3914   0
174 323 229 10 0 3749 90
30 467 157 20 0 3588 90
128 317 235 20 0 3756 90
482 319 229 10 0 3752 90
824 475 145 30 0 3576 90
325 323 258 10 0 3751 90
328 316 234 10 0 3757 90
75 396 234 20 0 3678 90
533 278 230 10 0 3790 90
967 313 263 20 0 3760 90
56 321 224 30 0 3749 90
179 460 183 10 0 3604 90
723 388 228 10 0 3685 90
756 380 228 30 0 3693 90
495 444 157 10 0 3609 90
724 325 228 20 0 3746 90
34 456 154 10 0 3597 90
65 491 160 20 0 3567 90
686 293 245 10 0 3781 90
570 389 221 10 0 3683 90
249 305 212 20 0 3758 90
729 389 198 20 0 3676 90
389 346 211 10 0 3721 90
954 464 178 10 0 3599 90
976 297 250 30 0 3777 90
690 289 240 20 0 3784 90
766 463 161 30 0 3594 90
486 301 247 10 0 3773 90
144 484 161 10 0 3574 90
19 302 235 20 0 3770 90
844 307 227 30 0 3763 90
560 296 232 10 0 3775 90
818 475 136 20 0 3572 90
748 275 236 20 0 3796 90
64 382 197 20 0 3682 90
986 489 150 50 0 3565 90
793 367 239 20 0 3707 90
819 377 246 20 0 3697 90
48 457 160 10 0 3599 90
634 320 231 20 0 3752 90
796 446 169 10 0 3612 90
368 328 216 10 0 3739 90
529 315 232 10 0 3757 90
654 373 205 40 0 3694 90
487 388 220 20 0 3683 90
901 326 253 10 0 3748 90
171 470 152 30 0 3584 90
213 394 205 10 0 3674 90
276 379 245 10 0 3695 90
633 272 233 10 0 3797 90
942 293 249 10 0 3781 90
173 402 230 10 0 3671 90
573 325 251 20 0 3749 90
639 316 254 20 0 3758 90
745 371 207 10 0 3696 90
445 283 248 30 0 3791 90
410 465 176 20 0 3597 90
36 280 224 10 0 3785 90
739 319 257 20 0 3755 90
733 298 255 10 0 3776 90
717 387 224 30 0 3685 90
271 296 253 10 0 3778 90
330 321 228 30 0 3750 90
791 475 156 40 0 3581 90
616 398 231 20 0 3675 90
136 380 223 10 0 3692 90
646 389 233 20 0 3684 90
430 330 259 30 0 3744 90
471 446 139 20 0 3599 90
66 453 164 10 0 3604 90
396 481 156 20 0 3575 90
603 326 241 20 0 3748 90
579 283 229 30 0 3785 90
709 273 234 10 0 3796 90
798 312 252 20 0 3762 90
778 320 225 20 0 3750 90
155 441 157 10 0 3612 90
902 308 232 30 0 3764 90
163 383 246 20 0 3691 90
527 274 231 30 0 3794 90
439 460 173 20 0 3601 90
946 368 219 20 0 3702 90
645 354 219 10 0 3716 90
423 366 196 10 0 3697 90
772 457 142 20 0 3591 90
743 317 251 30 0 3757 90
349 384 235 20 0 3690 90
2 266 231 40 0 3800 90
192 483 170 30 0 3578 90
372 466 169 30 0 3594 90
485 471 154 20 0 3584 90
660 331 252 10 0 3743 90
