c1_10_2

VEHICLE
NUMBER  CAPACITY
250   200

CUSTOMER
CUST NO. XCOORD. YCOORD. DEMAND READY TIME DUE DATE SERVICE TIME

0  250  250   0   0  1824   0
132 419 422 20 0 1493 90
528 391 429 20 0 1507 90
118 325 466 40 0 1506 90
797 478 464 10 0 1422 90
104 422 420 20 0 1493 90
443 391 407 10 0 1523 90
580 459 372 20 0 1492 90
980 319 470 10 0 1504 90
547 328 458 10 0 1512 90
549 390 415 20 0 1518 90
684 457 374 10 0 1493 90
833 453 367 20 0 1500 90
210 323 471 30 0 1502 90
925 416 420 20 0 1497 90
346 390 408 30 0 1523 90
494 398 428 10 0 1503 90
555 391 426 10 0 1509 90
512 412 453 10 0 1475 90
584 471 484 10 0 1413 90
280 473 475 10 0 1418 90
440 408 453 10 0 1477 90
180 485 454 10 0 1423 90
7 393 408 30 0 1521 90
