rc1_10_1

VEHICLE
NUMBER  CAPACITY
250   200

CUSTOMER
CUST NO. XCOORD. YCOORD. DEMAND READY TIME DUE DATE SERVICE TIME

0  250  250   0   0  1821   0
999 470 475 30 314 344 10
848 473 475 10 417 447 10
443 471 484 10 340 370 10
962 468 475 10 313 343 10
3 476 483 10 355 385 10
71 404 447 20 250 280 10
658 469 489 4 555 585 10
262 405 455 40 341 371 10
213 475 480 30 379 409 10
200 475 477 20 405 435 10
56 419 459 20 316 346 10
773 472 481 20 327 357 10
948 481 454 14 320 350 10
15 408 452 10 272 302 10
499 477 478 20 392 422 10
939 470 473 10 431 461 10
468 494 468 31 352 382 10
630 405 450 20 253 283 10
671 408 453 10 283 313 10
582 412 453 10 297 327 10
949 477 483 20 366 396 10
290 457 492 7 508 538 10
104 438 488 18 327 357 10
253 406 450 20 259 289 10
