r1_10_3

VEHICLE
NUMBER   CAPACITY
250     200

CUSTOMER
CUST NO. XCOORD.  YCOORD.  DEMAND  READY TIME DUE DATE  SERVICE TIME

0   250    250     0     0    1925     0
578 411 396 23 0 1698 10
132 331 356 13 0 1782 10
849 398 329 17 0 1748 10
128 447 383 17 0 1678 10
828 434 359 13 1402 1412 10
696 382 360 26 188 198 10
5 377 385 6 876 886 10
995 410 399 25 244 254 10
771 394 322 12 1035 1045 10
672 405 349 15 532 542 10
40 406 408 15 0 1693 10
722 420 383 27 0 1700 10
355 398 341 33 949 959 10
19 387 394 8 0 1717 10
994 408 318 15 0 1743 10
862 381 328 12 0 1763 10
622 366 334 5 420 430 10
852 346 354 8 0 1774 10
772 348 348 23 945 955 10
123 413 391 8 0 1700 10
783 330 371 1 0 1770 10
848 387 349 9 0 1746 10
903 441 374 10 233 243 10
475 421 387 15 0 1696 10
381 332 382 2 1020 1030 10
133 374 346 27 0 1759 10
44 370 382 11 894 904 10
996 413 345 20 1228 1238 10
310 366 390 23 0 1734 10
127 371 332 14 540 550 10
833 401 314 25 986 996 10
899 376 385 12 184 194 10
998 380 350 15 876 886 10
705 396 417 13 0 1694 10
814 429 389 18 434 444 10
649 411 379 25 0 1709 10
180 414 378 23 505 515 10
950 418 399 20 448 458 10
523 421 386 29 834 844 10
