r1_10_3

VEHICLE
NUMBER   CAPACITY
250     200

CUSTOMER
CUST NO. XCOORD.  YCOORD.  DEMAND  READY TIME DUE DATE  SERVICE TIME

0   250    250     0     0    1925     0
587 392 1 11 615 625 10
668 404 59 13 923 933 10
467 432 66 30 0 1657 10
193 429 59 9 0 1654 10
348 392 87 23 0 1699 10
600 432 2 20 0 1608 10
376 420 80 24 0 1675 10
989 441 60 21 1469 1479 10
652 394 47 5 323 333 10
268 481 84 17 516 526 10
684 441 7 20 402 412 10
317 388 44 22 1141 1151 10
270 397 57 17 0 1673 10
115 476 61 36 0 1621 10
953 495 83 32 0 1619 10
978 440 77 14 0 1659 10
592 437 98 16 1124 1134 10
314 390 34 7 1070 1080 10
709 400 71 17 0 1682 10
892 426 38 23 619 629 10
36 492 34 5 0 1591 10
221 383 17 15 950 960 10
37 412 100 1 0 1695 10
76 407 35 11 0 1649 10
359 471 94 30 0 1645 10
149 398 49 21 0 1666 10
49 438 5 18 0 1607 10
778 393 98 13 0 1707 10
181 392 95 16 776 786 10
660 385 17 40 819 829 10
720 437 90 12 0 1669 10
809 466 96 22 1393 1403 10
311 436 25 19 1292 1302 10
601 396 83 15 1596 1606 10
774 385 58 24 0 1681 10
55 459 53 20 0 1628 10
241 441 100 31 0 1673 10
434 389 43 21 0 1666 10
20 472 57 17 0 1621 10
131 415 95 15 1187 1197 10
64 451 62 5 0 1640 10
187 450 45 24 0 1629 10
414 497 18 10 0 1577 10
232 429 67 16 742 752 10
154 488 3 3 0 1572 10
620 382 9 30 0 1641 10
793 418 75 11 0 1673 10
417 442 5 16 330 340 10
952 437 19 15 1024 1034 10
378 497 54 14 988 998 10
