r2_10_1

VEHICLE
NUMBER   CAPACITY
250     1000

CUSTOMER
CUST NO. XCOORD.  YCOORD.  DEMAND  READY TIME DUE DATE  SERVICE TIME

0   250    250     0     0    7697     0
490 191 215 17 211 338 10
80 177 156 25 639 818 10
437 174 122 14 2376 2491 10
805 213 185 21 233 366 10
237 188 119 44 3903 4016 10
499 193 138 30 2639 2768 10
283 149 214 7 1911 2066 10
535 188 151 7 5223 5270 10
934 158 179 37 373 557 10
400 181 185 19 6436 6594 10
743 178 135 21 6044 6187 10
986 180 162 9 653 855 10
951 219 215 32 116 259 10
107 153 192 13 3457 3588 10
275 178 150 33 2548 2625 10
818 210 219 7 134 271 10
553 199 203 20 5851 5928 10
781 186 135 24 2849 3012 10
994 203 211 20 5241 5330 10
947 206 172 29 3131 3293 10
606 223 178 20 4566 4645 10
782 176 199 28 302 416 10
137 241 180 13 6789 6887 10
77 176 200 17 2266 2394 10
775 197 202 29 4784 4966 10
165 248 176 32 5579 5753 10
795 171 188 30 2481 2604 10
944 209 212 18 6142 6200 10
190 245 176 20 4943 5055 10
381 219 210 14 152 252 10
336 217 207 26 5538 5642 10
204 173 182 25 383 438 10
113 231 167 15 246 435 10
415 212 186 11 6893 6999 10
943 206 174 14 3201 3318 10
273 226 175 23 6798 6871 10
385 148 208 22 2095 2237 10
