r2_10_1

VEHICLE
NUMBER   CAPACITY
250     1000

CUSTOMER
CUST NO. XCOORD.  YCOORD.  DEMAND  READY TIME DUE DATE  SERVICE TIME

0   250    250     0     0    7697     0
638 130 494 6 3036 3154 10
785 185 434 9 2326 2383 10
832 166 440 12 772 890 10
175 152 476 45 2112 2188 10
115 196 489 23 4135 4226 10
53 179 497 1 5633 5775 10
246 167 488 17 972 1148 10
657 207 487 4 2767 2868 10
575 181 441 25 2177 2278 10
544 161 416 25 4036 4173 10
333 149 458 13 4634 4796 10
510 133 455 25 3222 3362 10
60 208 445 22 5314 5465 10
813 132 477 25 1310 1429 10
959 199 438 3 5429 5575 10
780 178 420 18 4290 4401 10
616 164 473 26 1149 1340 10
176 176 470 14 2181 2312 10
865 182 480 31 1457 1581 10
445 148 462 10 2906 3028 10
288 185 431 15 1561 1656 10
149 173 474 14 5150 5250 10
997 167 445 7 5656 5761 10
202 122 422 3 5871 5904 10
13 222 499 7 3400 3483 10
732 141 426 23 2110 2261 10
572 230 487 20 4552 4605 10
787 177 486 20 6397 6501 10
562 163 472 9 2611 2736 10
177 195 450 16 5946 6061 10
758 225 488 28 2540 2664 10
501 138 406 8 4892 4956 10
827 136 430 14 2828 2973 10
192 139 438 24 865 966 10
150 135 400 20 1189 1319 10
249 150 484 16 2498 2623 10
110 208 488 22 1934 2007 10
757 211 446 15 4460 4647 10
228 132 479 11 997 1063 10
126 175 422 24 5771 5920 10
618 114 460 14 4371 4437 10
231 124 448 6 1430 1638 10
801 195 464 20 6160 6291 10
