r1_10_10

VEHICLE
NUMBER  CAPACITY
250   200

CUSTOMER
CUST NO. XCOORD. YCOORD. DEMAND READY TIME DUE DATE SERVICE TIME

0  250  250   0   0  1925   0
947 206 97 33 395 531 10
675 253 50 27 200 301 10
473 187 73 18 219 396 10
930 187 61 19 501 618 10
691 235 13 27 311 436 10
194 200 27 22 458 621 10
724 179 75 13 684 826 10
599 210 81 2 321 508 10
303 250 57 26 735 791 10
309 196 56 15 586 663 10
400 174 122 14 540 676 10
329 239 15 2 549 689 10
680 198 85 28 200 355 10
33 178 72 23 698 846 10
98 218 12 3 492 625 10
617 168 109 10 170 268 10
429 212 47 20 761 871 10
846 168 59 6 320 442 10
447 215 79 5 196 282 10
226 241 38 16 468 625 10
403 173 65 12 445 482 10
41 245 42 24 523 602 10
227 224 3 10 640 771 10
