c1_10_5

VEHICLE
NUMBER  CAPACITY
250   200

CUSTOMER
CUST NO. XCOORD. YCOORD. DEMAND READY TIME DUE DATE SERVICE TIME

0  250  250   0   0  1824   0
568 413 417 10 1111 1232 90
555 391 426 10 724 845 90
552 386 414 10 1082 1189 90
512 412 453 10 646 778 90
427 396 410 10 795 913 90
354 392 426 10 653 735 90
925 416 420 20 652 757 90
123 399 450 20 964 1063 90
67 393 410 20 889 1005 90
526 413 421 10 740 855 90
217 416 417 20 1011 1145 90
223 411 421 20 850 930 90
685 391 413 10 985 1097 90
939 405 455 40 857 974 90
342 391 425 20 818 934 90
397 419 459 20 766 857 90
549 390 415 20 1025 1108 90
558 392 424 10 917 1017 90
206 394 407 20 703 818 90
7 393 408 30 625 713 90
24 417 417 10 931 1044 90
