rc1_10_4

VEHICLE
NUMBER   CAPACITY
250     200

CUSTOMER
CUST NO. XCOORD.  YCOORD.  DEMAND  READY TIME DUE DATE  SERVICE TIME

0   250    250     0     0    1821     0
303 440 241 10 0 1621 10
216 402 284 30 0 1656 10
227 451 305 13 208 238 10
600 497 266 25 0 1564 10
755 399 301 30 194 224 10
260 436 241 20 327 357 10
960 393 301 30 0 1660 10
537 398 325 30 233 263 10
492 443 272 10 0 1617 10
683 434 245 10 342 372 10
416 390 294 20 0 1665 10
573 441 244 10 0 1620 10
24 371 332 14 0 1665 10
690 442 243 10 0 1619 10
863 381 328 12 717 747 10
560 440 244 10 266 296 10
210 391 293 20 0 1664 10
518 388 334 20 0 1650 10
693 441 273 20 0 1619 10
931 398 329 17 0 1644 10
934 408 318 15 643 673 10
481 385 295 20 0 1669 10
544 406 285 20 0 1652 10
483 445 273 20 0 1615 10
722 371 315 18 0 1674 10
301 442 289 25 0 1616 10
678 386 245 16 0 1675 10
631 394 322 12 0 1651 10
567 405 276 20 0 1654 10
81 407 280 10 0 1652 10
66 400 288 30 0 1657 10
36 440 292 24 940 970 10
146 395 332 10 0 1645 10
26 441 265 40 0 1620 10
201 390 325 30 0 1653 10
472 395 295 20 0 1660 10
63 388 331 20 160 190 10
973 388 325 10 0 1654 10
826 366 334 5 0 1668 10
691 402 281 20 0 1656 10
854 390 249 21 0 1671 10
777 435 268 10 0 1626 10
894 389 300 10 0 1664 10
181 385 285 13 0 1672 10
515 444 242 10 216 246 10
713 442 247 10 0 1619 10
430 374 306 4 0 1675 10
516 444 271 10 0 1616 10
548 435 267 20 323 353 10
650 418 251 21 0 1643 10
428 443 246 20 0 1618 10
495 440 284 25 0 1618 10
123 439 243 20 0 1622 10
188 439 268 10 0 1622 10
352 400 286 10 154 184 10
775 475 267 7 0 1586 10
603 401 281 20 261 291 10
764 450 265 10 0 1611 10
136 463 253 23 0 1598 10
758 380 350 15 0 1647 10
532 390 301 10 0 1662 10
491 453 318 30 374 404 10
315 394 333 20 0 1645 10
341 410 285 20 0 1648 10
545 391 334 20 0 1647 10
794 436 295 11 0 1620 10
718 478 300 12 0 1578 10
918 489 274 31 534 564 10
685 389 334 20 0 1649 10
971 440 247 20 0 1621 10
105 395 331 20 217 247 10
909 387 297 10 144 174 10
329 408 279 20 0 1651 10
707 444 269 20 0 1617 10
801 409 255 23 0 1652 10
928 490 286 29 0 1569 10
155 439 266 10 189 219 10
597 368 311 14 0 1679 10
375 436 264 20 186 216 10
