rc2_10_1

VEHICLE
NUMBER  CAPACITY
250   1000

CUSTOMER
CUST NO. XCOORD. YCOORD. DEMAND READY TIME DUE DATE SERVICE TIME

0  250  250   0   0  7284   0
718 478 300 12 3558 3678 10
495 440 284 25 3407 3527 10
912 489 338 17 5589 5709 10
36 440 292 24 3760 3880 10
447 458 213 22 4513 4633 10
184 492 335 10 3313 3433 10
136 463 253 23 4188 4308 10
843 487 320 21 3431 3551 10
207 426 231 24 4114 4234 10
299 500 228 8 3127 3247 10
801 409 255 23 6090 6210 10
775 475 267 7 3118 3238 10
650 418 251 21 4787 4907 10
600 497 266 25 2990 3110 10
