c1_10_6

VEHICLE
NUMBER  CAPACITY
250   200

CUSTOMER
CUST NO. XCOORD. YCOORD. DEMAND READY TIME DUE DATE SERVICE TIME

0  250  250   0   0  1824   0
697 290 46 20 755 974 90
659 363 22 20 892 1097 90
405 314 124 20 729 882 90
802 462 14 20 846 1099 90
835 489 17 10 724 865 90
514 403 93 10 1114 1198 90
192 269 48 20 789 923 90
746 407 88 10 966 1153 90
587 488 96 10 845 1036 90
803 347 54 10 776 964 90
229 361 14 10 709 715 90
42 357 26 20 1059 1304 90
26 379 80 20 704 823 90
961 492 95 30 713 980 90
601 393 20 20 1025 1386 90
232 394 23 20 1240 1358 90
730 361 17 20 737 872 90
814 288 53 40 850 1073 90
885 477 122 10 849 962 90
762 391 18 10 1014 1211 90
1000 287 144 20 790 932 90
290 467 114 10 1135 1247 90
700 435 16 10 767 958 90
507 464 134 20 1032 1123 90
398 285 163 10 618 876 90
327 305 107 20 505 936 90
146 435 62 30 1143 1231 90
609 477 120 10 935 1060 90
550 459 17 20 928 1204 90
892 465 136 30 966 1004 90
499 313 119 30 635 786 90
874 343 62 10 1276 1388 90
241 348 145 20 659 916 90
769 432 27 10 817 872 90
843 479 121 10 635 810 90
58 489 101 20 922 1149 90
693 389 17 10 979 1062 90
348 307 108 10 760 865 90
539 472 132 10 723 869 90
414 461 8 20 668 900 90
832 440 63 20 813 1007 90
169 346 150 20 933 1013 90
548 313 126 10 797 1000 90
450 476 102 20 778 885 90
292 408 84 10 749 810 90
724 432 24 20 927 1130 90
875 384 16 20 754 1098 90
942 478 121 40 713 914 90
706 386 13 10 745 918 90
921 398 103 30 769 777 90
525 428 25 20 1182 1244 90
540 349 158 20 1035 1109 90
831 492 94 10 636 875 90
754 437 15 30 586 954 90
917 399 106 20 904 1010 90
171 437 61 10 1024 1165 90
839 489 27 10 947 1206 90
88 366 20 10 716 1086 90
929 268 52 10 895 1187 90
858 491 20 20 856 921 90
665 379 82 10 716 995 90
128 346 60 10 979 1134 90
110 362 22 20 975 1195 90
205 406 87 10 886 1049 90
195 431 28 20 698 809 90
12 270 49 30 934 961 90
366 269 46 20 681 847 90
877 478 118 20 1018 1161 90
340 366 93 20 874 1050 90
668 344 62 10 1179 1304 90
716 389 11 20 656 820 90
430 464 13 20 862 898 90
135 433 25 20 898 975 90
447 483 27 20 1218 1412 90
622 478 102 10 712 766 90
696 404 83 30 782 965 90
361 491 25 10 881 1087 90
165 346 57 20 800 1126 90
838 292 41 10 663 875 90
270 440 61 30 984 1020 90
827 443 64 30 767 866 90
230 348 147 10 796 963 90
608 488 26 30 1119 1216 90
889 435 20 20 920 993 90
891 469 132 10 819 960 90
691 347 62 10 1077 1219 90
370 446 63 20 626 821 90
25 287 143 10 628 912 90
989 399 104 10 736 993 90
753 458 130 20 1116 1233 90
994 485 27 10 1223 1299 90
791 429 27 20 1235 1376 90
379 428 24 10 1095 1150 90
145 343 47 20 677 866 90
