rc2_10_2

VEHICLE
NUMBER  CAPACITY
250   1000

CUSTOMER
CUST NO. XCOORD. YCOORD. DEMAND READY TIME DUE DATE SERVICE TIME

0  250  250   0   0  7284   0
507 189 402 10 2144 2264 10
657 207 400 20 762 882 10
308 135 400 20 1194 1314 10
466 138 438 20 1149 1269 10
747 26 490 10 1899 2019 10
905 18 484 10 1300 1420 10
626 170 347 15 1743 1863 10
925 66 448 10 1021 1141 10
276 90 477 18 1051 1171 10
752 109 463 30 1334 1454 10
147 93 413 17 845 965 10
10 226 423 15 788 908 10
593 22 483 30 1244 1364 10
9 25 499 10 1780 1900 10
609 65 453 30 1127 1247 10
837 141 428 20 775 895 10
833 77 465 11 1044 1164 10
383 146 376 8 937 1057 10
606 21 488 10 1445 1565 10
397 16 497 20 1703 1823 10
268 49 451 20 1120 1240 10
335 50 438 20 1347 1467 10
984 154 392 9 626 746 10
634 11 403 18 1372 1492 10
309 58 458 10 1291 1411 10
281 213 399 18 936 1056 10
328 111 463 20 1286 1406 10
705 55 449 20 1054 1174 10
62 20 489 10 1533 1653 10
980 49 437 7 1710 1830 10
61 105 474 27 1883 2003 10
664 51 447 10 1178 1298 10
318 21 485 30 1353 1473 10
815 132 477 25 1309 1429 10
920 166 440 12 771 891 10
855 210 391 30 566 686 10
703 59 459 20 1245 1365 10
924 17 459 10 1688 1808 10
782 58 449 30 1451 1571 10
419 146 439 10 1037 1157 10
876 213 397 10 869 989 10
860 182 480 31 1459 1579 10
746 134 428 20 1232 1352 10
220 145 434 20 932 1052 10
489 21 487 10 1401 1521 10
628 117 467 10 958 1078 10
880 13 394 15 1490 1610 10
704 24 492 10 1848 1968 10
740 112 465 10 1197 1317 10
554 14 459 20 1343 1463 10
987 67 452 30 1078 1198 10
586 53 440 10 1292 1412 10
448 215 395 20 968 1088 10
847 115 465 10 1049 1169 10
197 111 459 20 1435 1555 10
783 16 460 20 1643 1763 10
102 54 445 10 1232 1352 10
76 176 470 14 2187 2307 10
835 102 422 23 905 1025 10
624 20 488 10 1489 1609 10
917 112 467 10 1104 1224 10
867 141 431 30 872 992 10
585 111 464 10 1242 1362 10
25 116 466 20 1004 1124 10
157 62 453 10 1179 1299 10
668 112 433 29 940 1060 10
839 144 439 30 1085 1205 10
461 17 458 10 1732 1852 10
739 53 466 9 1340 1460 10
238 210 398 10 817 937 10
812 44 496 32 1607 1727 10
