rc2_10_2

VEHICLE
NUMBER  CAPACITY
250   1000

CUSTOMER
CUST NO. XCOORD. YCOORD. DEMAND READY TIME DUE DATE SERVICE TIME

0  250  250   0   0  7284   0
829 460 2 20 1412 1532 10
242 460 13 20 1287 1407 10
337 462 14 20 1588 1708 10
873 459 17 20 1645 1765 10
998 485 24 20 1285 1405 10
456 459 14 20 1241 1361 10
708 491 20 20 1574 1694 10
110 483 14 10 1453 1573 10
454 488 3 3 1602 1722 10
953 492 34 5 3242 3362 10
365 481 26 30 1227 1347 10
121 459 53 20 4489 4609 10
195 481 20 20 1388 1508 10
320 476 61 36 1795 1915 10
183 464 13 20 1539 1659 10
965 489 27 10 1685 1805 10
231 458 16 20 1192 1312 10
288 483 27 20 1832 1952 10
122 491 25 10 1634 1754 10
