r1_10_3

VEHICLE
NUMBER  CAPACITY
250   200

CUSTOMER
CUST NO. XCOORD. YCOORD. DEMAND READY TIME DUE DATE SERVICE TIME

0  250  250   0   0  1925   0
347 486 324 15 0 1668 10
874 465 367 14 0 1671 10
215 492 335 10 0 1659 10
198 490 276 33 0 1674 10
536 460 328 13 0 1691 10
555 423 315 12 0 1731 10
188 453 318 30 0 1701 10
764 490 286 29 0 1673 10
910 468 360 16 0 1671 10
557 479 387 13 0 1649 10
714 436 295 11 0 1724 10
954 468 352 9 0 1675 10
803 471 368 19 0 1665 10
789 466 362 15 0 1672 10
939 478 300 12 0 1682 10
906 499 316 18 0 1658 10
250 442 289 25 0 1720 10
219 491 369 28 0 1647 10
304 475 352 33 0 1668 10
570 433 319 11 0 1720 10
