rc1_10_10

VEHICLE
NUMBER   CAPACITY
250     200

CUSTOMER
CUST NO. XCOORD.  YCOORD.  DEMAND  READY TIME DUE DATE  SERVICE TIME

0   250    250     0     0    1821     0
587 69 336 20 200 350 10
668 112 433 29 229 379 10
465 111 467 20 257 407 10
12 60 454 10 287 437 10
467 172 314 9 485 635 10
913 130 494 6 699 849 10
2 214 394 10 171 321 10
292 154 374 36 877 1027 10
229 110 459 30 288 438 10
993 3 292 20 250 400 10
461 17 458 10 373 523 10
348 48 437 4 744 894 10
697 167 445 7 1352 1502 10
197 111 459 20 299 449 10
930 86 268 10 164 314 10
785 162 388 11 1066 1216 10
376 15 457 20 313 463 10
128 103 464 22 1213 1363 10
276 90 477 18 277 427 10
835 102 422 23 226 376 10
920 166 440 12 207 357 10
10 226 423 15 174 324 10
689 59 457 30 281 431 10
424 91 268 10 185 335 10
507 189 402 10 476 626 10
593 22 483 30 325 475 10
837 141 428 20 208 358 10
805 88 287 30 203 353 10
696 52 303 25 381 531 10
268 49 451 20 284 434 10
328 111 463 20 262 412 10
369 40 304 16 1085 1235 10
75 30 302 10 226 376 10
613 90 274 20 161 311 10
589 13 459 20 315 465 10
335 50 438 20 277 427 10
163 64 294 12 1041 1191 10
307 25 307 10 232 382 10
283 111 392 18 1109 1259 10
937 35 304 30 221 371 10
157 62 453 10 276 426 10
703 59 459 20 283 433 10
728 0 297 10 254 404 10
924 17 459 10 362 512 10
220 145 434 20 211 361 10
433 33 278 18 1427 1577 10
509 146 313 22 1135 1285 10
641 159 299 12 956 1106 10
822 67 335 20 201 351 10
160 38 301 20 236 386 10
664 51 447 10 280 430 10
858 12 463 20 319 469 10
281 213 399 18 174 324 10
923 80 286 10 173 323 10
966 12 451 20 311 461 10
830 67 334 20 201 351 10
246 175 352 12 1535 1685 10
258 149 341 6 344 494 10
489 21 487 10 329 479 10
752 109 463 30 274 424 10
734 210 379 12 649 799 10
657 207 400 20 156 306 10
130 44 344 12 1019 1169 10
40 80 290 10 174 324 10
575 1 293 10 252 402 10
535 8 300 10 296 446 10
770 84 377 10 866 1016 10
745 224 320 36 1224 1374 10
907 19 273 25 957 1107 10
139 29 336 22 272 422 10
140 84 453 19 1163 1313 10
60 71 333 10 197 347 10
119 44 440 24 729 879 10
847 115 465 10 253 403 10
739 53 466 9 292 442 10
32 18 462 20 338 488 10
842 5 281 16 1312 1462 10
30 83 300 26 440 590 10
634 11 403 18 283 433 10
111 0 422 8 761 911 10
825 132 479 11 257 407 10
586 53 440 10 273 423 10
45 88 286 10 192 342 10
619 64 437 11 858 1008 10
152 62 326 20 226 376 10
880 13 394 15 313 463 10
503 185 434 9 514 664 10
857 24 259 19 310 460 10
623 51 286 14 1399 1549 10
397 16 497 20 366 516 10
419 146 439 10 215 365 10
19 7 300 30 285 435 10
340 58 391 16 822 972 10
505 71 282 29 582 732 10
615 35 306 20 222 372 10
539 140 431 30 211 361 10
221 33 286 11 1442 1592 10
628 117 467 10 254 404 10
251 118 314 26 278 428 10
61 105 474 27 411 561 10
309 58 458 10 283 433 10
550 16 462 10 326 476 10
76 176 470 14 487 637 10
608 122 422 3 1397 1547 10
902 16 287 12 236 386 10
359 59 388 20 603 753 10
46 69 414 6 1203 1353 10
925 66 448 10 270 420 10
747 26 490 10 415 565 10
243 0 293 30 253 403 10
62 20 489 10 331 481 10
469 35 303 20 221 371 10
449 85 288 20 169 319 10
581 225 369 38 121 271 10
366 63 444 20 320 470 10
980 49 437 7 367 517 10
387 142 360 20 1472 1622 10
308 135 400 20 239 389 10
987 67 452 30 272 422 10
347 216 341 19 594 744 10
25 116 466 20 254 404 10
304 100 266 20 150 300 10
147 93 413 17 226 376 10
704 24 492 10 402 552 10
624 20 488 10 330 480 10
13 239 486 3 1422 1572 10
606 21 488 10 330 480 10
448 215 395 20 182 332 10
811 7 292 10 246 396 10
513 44 311 27 347 497 10
782 58 449 30 303 453 10
421 6 292 10 247 397 10
367 89 290 20 165 315 10
622 196 489 23 970 1120 10
382 6 296 10 260 410 10
97 5 297 10 271 421 10
815 132 477 25 267 417 10
737 95 277 20 214 364 10
855 210 391 30 146 296 10
554 14 459 20 315 465 10
783 16 460 20 351 501 10
77 96 270 20 155 305 10
311 211 386 20 141 291 10
666 141 426 23 471 621 10
182 179 497 1 1351 1501 10
238 210 398 10 153 303 10
144 142 372 18 162 312 10
9 25 499 10 385 535 10
440 220 392 20 198 348 10
601 66 336 10 203 353 10
280 150 484 16 565 715 10
257 218 403 15 1259 1409 10
100 2 295 30 252 402 10
334 73 328 20 193 343 10
609 65 453 30 274 424 10
917 112 467 10 257 407 10
679 208 396 20 151 301 10
120 7 382 27 710 860 10
17 203 390 40 147 297 10
876 213 397 10 157 307 10
295 0 356 13 1026 1176 10
381 63 336 20 206 356 10
635 89 272 10 162 312 10
996 147 435 20 211 361 10
845 90 296 20 166 316 10
358 16 463 20 316 466 10
551 107 374 8 854 1004 10
357 133 455 25 748 898 10
434 149 458 13 1104 1254 10
882 56 268 28 1004 1154 10
642 95 382 19 203 353 10
583 104 349 20 949 1099 10
905 18 484 10 329 479 10
625 13 455 10 313 463 10
860 182 480 31 305 455 10
645 30 301 10 225 375 10
113 195 464 20 1441 1591 10
185 27 464 21 1231 1381 10
698 179 286 8 281 431 10
946 76 462 18 896 1046 10
975 5 445 30 313 463 10
833 77 465 11 275 425 10
899 13 465 31 714 864 10
255 115 395 11 755 905 10
138 163 472 9 593 743 10
414 87 285 30 181 331 10
823 92 270 20 197 347 10
867 141 431 30 211 361 10
168 175 422 24 1386 1536 10
705 55 449 20 278 428 10
228 226 316 21 70 220 10
318 21 485 30 328 478 10
383 146 376 8 174 324 10
746 134 428 20 248 398 10
102 54 445 10 276 426 10
106 230 487 20 1070 1220 10
839 144 439 30 216 366 10
511 37 281 17 433 583 10
626 170 347 15 376 526 10
203 91 266 10 173 323 10
279 8 497 40 348 498 10
496 13 314 14 245 395 10
869 69 334 30 199 349 10
569 32 319 21 341 491 10
972 28 467 34 1283 1433 10
618 79 291 10 175 325 10
585 111 464 10 255 405 10
791 96 346 26 181 331 10
812 44 496 32 342 492 10
86 97 288 22 1224 1374 10
466 138 438 20 227 377 10
803 90 285 40 216 366 10
766 12 358 7 1164 1314 10
984 154 392 9 171 321 10
134 89 270 10 162 312 10
417 67 451 5 1156 1306 10
740 112 465 10 255 405 10
