rc1_10_5

VEHICLE
NUMBER   CAPACITY
250     200

CUSTOMER
CUST NO. XCOORD.  YCOORD.  DEMAND  READY TIME DUE DATE  SERVICE TIME

0   250    250     0     0    1821     0
913 130 494 6 757 791 10
697 167 445 7 1399 1455 10
920 166 440 12 207 262 10
825 132 479 11 257 277 10
503 185 434 9 572 605 10
76 176 470 14 528 596 10
13 239 486 3 1486 1508 10
622 196 489 23 994 1097 10
182 179 497 1 1385 1467 10
280 150 484 16 623 657 10
434 149 458 13 1151 1207 10
860 182 480 31 357 403 10
113 195 464 20 1519 1591 10
138 163 472 9 623 713 10
656 255 487 19 401 425 10
106 230 487 20 1122 1168 10
