rc1_10_5

VEHICLE
NUMBER   CAPACITY
250     200

CUSTOMER
CUST NO. XCOORD.  YCOORD.  DEMAND  READY TIME DUE DATE  SERVICE TIME

0   250    250     0     0    1821     0
467 172 314 9 520 600 10
451 228 287 21 43 108 10
161 192 265 10 100 179 10
647 197 267 10 99 148 10
437 221 291 9 50 116 10
407 214 245 8 36 82 10
484 195 273 22 59 156 10
65 200 261 10 148 215 10
509 146 313 22 1175 1245 10
641 159 299 12 993 1069 10
967 197 270 30 56 171 10
246 175 352 12 1572 1685 10
258 149 341 6 398 440 10
349 200 270 20 53 140 10
745 224 320 36 1266 1331 10
976 198 271 20 56 170 10
458 235 316 2 649 693 10
818 133 273 20 119 135 10
744 215 282 21 1405 1506 10
6 175 239 23 75 148 10
427 225 269 30 1272 1300 10
374 200 265 10 155 180 10
347 216 341 19 649 689 10
368 246 314 36 1451 1470 10
955 153 235 10 98 135 10
886 250 328 24 230 298 10
244 211 248 26 39 77 10
911 214 274 24 1356 1413 10
90 230 320 8 1169 1246 10
173 180 283 23 753 764 10
868 198 264 20 118 193 10
302 157 269 31 1577 1606 10
922 210 276 5 47 75 10
610 206 261 10 177 218 10
698 179 286 8 316 396 10
464 199 268 20 63 110 10
547 201 278 13 56 102 10
228 226 316 21 70 91 10
126 201 270 10 52 125 10
626 170 347 15 418 483 10
838 204 269 30 49 110 10
538 166 247 1 84 188 10
