c1_10_6

VEHICLE
NUMBER  CAPACITY
250   200

CUSTOMER
CUST NO. XCOORD. YCOORD. DEMAND READY TIME DUE DATE SERVICE TIME

0  250  250   0   0  1824   0
771 208 396 20 416 447 90
168 210 398 10 451 788 90
506 250 411 30 470 575 90
9 76 345 30 425 701 90
652 101 384 30 200 463 90
937 7 292 10 246 437 90
285 73 328 20 193 280 90
918 197 267 10 504 704 90
329 136 290 20 260 343 90
948 56 428 20 306 591 90
208 186 461 20 220 468 90
96 54 430 20 502 761 90
345 186 472 20 558 638 90
52 200 270 20 138 329 90
789 117 467 10 254 446 90
492 67 452 30 276 452 90
938 80 290 10 305 600 90
772 249 407 10 329 528 90
958 97 385 30 464 670 90
626 245 408 10 542 696 90
472 69 334 30 302 460 90
13 219 325 10 504 579 90
782 165 343 10 477 692 90
102 1 293 10 393 652 90
400 54 445 10 537 589 90
125 162 336 20 207 221 90
981 163 331 40 118 129 90
34 35 306 20 328 481 90
658 210 391 30 194 280 90
39 163 340 30 468 513 90
61 30 302 10 534 669 90
238 246 398 40 148 255 90
81 141 431 30 320 466 90
335 199 268 20 187 466 90
818 79 291 10 487 601 90
906 89 270 10 536 702 90
158 140 431 30 211 493 90
425 184 464 10 223 405 90
882 51 447 10 376 562 90
934 0 293 30 583 645 90
17 77 347 20 410 531 90
581 204 269 30 49 88 90
219 65 453 30 439 475 90
945 132 294 20 439 536 90
103 115 465 10 289 585 90
671 174 494 10 426 630 90
181 6 292 10 247 496 90
910 80 286 10 563 714 90
577 139 291 10 118 287 90
535 175 487 20 248 457 90
736 35 304 30 221 520 90
586 89 272 10 428 625 90
711 12 451 20 311 348 90
4 78 346 30 286 473 90
116 102 264 10 148 195 90
571 57 425 20 260 371 90
463 90 274 20 329 540 90
954 163 337 10 249 362 90
654 197 270 30 480 541 90
404 165 337 20 369 426 90
287 250 405 20 311 362 90
912 25 307 10 403 606 90
612 212 319 30 163 357 90
393 69 336 20 383 563 90
364 66 448 10 270 437 90
986 85 288 20 328 386 90
840 96 270 20 253 422 90
823 101 385 20 251 331 90
380 80 342 10 193 309 90
537 147 435 20 497 664 90
49 21 485 30 441 585 90
972 111 467 20 560 684 90
149 182 463 30 302 510 90
20 129 292 10 539 623 90
332 181 469 20 403 601 90
729 14 459 20 513 669 90
317 100 387 10 398 549 90
664 18 484 10 336 505 90
403 13 455 10 362 449 90
725 215 317 10 75 309 90
331 112 467 10 438 624 90
533 137 290 10 149 272 90
91 55 428 20 523 555 90
970 15 457 20 448 549 90
170 62 453 10 516 584 90
553 116 466 20 254 479 90
407 3 292 20 299 562 90
356 71 333 10 197 456 90
656 203 390 40 280 387 90
368 198 271 20 379 459 90
106 141 428 20 208 512 90
130 218 316 20 73 199 90
922 35 303 20 221 239 90
933 201 270 10 64 222 90
78 221 325 10 554 713 90
258 101 386 20 353 411 90
249 135 293 30 322 467 90
761 207 400 20 462 590 90
489 21 487 10 547 664 90
385 145 434 20 389 586 90
855 217 323 20 432 465 90
226 173 490 20 414 454 90
44 77 344 10 248 325 90
79 22 483 30 325 369 90
904 216 319 10 208 501 90
570 55 449 20 278 357 90
240 59 459 20 617 675 90
978 178 491 10 469 777 90
967 67 334 20 461 671 90
350 49 451 20 332 418 90
303 172 488 10 282 402 90
411 90 296 20 166 214 90
597 248 404 30 154 383 90
681 54 424 10 266 441 90
813 100 266 20 150 380 90
563 89 290 20 165 419 90
815 211 386 20 141 301 90
