c2_10_10

VEHICLE
NUMBER  CAPACITY
250   700

CUSTOMER
CUST NO. XCOORD. YCOORD. DEMAND READY TIME DUE DATE SERVICE TIME

0  250  250   0   0  3914   0
372 466 169 30 2142 3022 90
30 467 157 20 1947 2827 90
986 489 150 50 1438 2318 90
990 440 70 10 2011 2891 90
785 438 60 30 1820 2700 90
725 490 159 20 1537 2417 90
774 441 63 20 1914 2794 90
65 491 160 20 1629 2509 90
681 437 61 20 1728 2608 90
32 436 54 20 1631 2511 90
192 483 170 30 1837 2717 90
392 443 70 20 2104 2984 90
832 500 162 20 1728 2608 90
766 463 161 30 2043 2923 90
