r2_10_5

VEHICLE
NUMBER  CAPACITY
250   1000

CUSTOMER
CUST NO. XCOORD. YCOORD. DEMAND READY TIME DUE DATE SERVICE TIME

0  250  250   0   0  7697   0
209 67 378 26 1822 2062 10
160 92 259 4 1538 1778 10
771 105 474 27 1823 2063 10
228 132 479 11 910 1150 10
395 68 303 22 825 1065 10
106 68 450 18 2470 2710 10
996 32 319 21 1542 1782 10
7 36 301 21 760 1000 10
835 37 281 17 1913 2153 10
257 60 246 25 640 880 10
194 61 441 27 2115 2355 10
318 35 263 27 1021 1261 10
150 135 400 20 1134 1374 10
255 65 343 38 769 1009 10
668 80 251 14 1154 1394 10
49 24 259 19 1420 1660 10
327 29 336 22 1266 1506 10
556 100 266 5 1819 2059 10
732 141 426 23 2066 2306 10
264 93 490 2 1457 1697 10
337 96 346 26 681 921 10
405 95 382 19 865 1105 10
108 34 239 16 816 1056 10
492 71 282 29 2507 2747 10
482 83 290 14 2370 2610 10
833 112 433 29 880 1120 10
561 62 375 16 1335 1575 10
111 93 413 17 785 1025 10
686 46 389 22 967 1207 10
889 50 383 20 980 1220 10
914 77 465 11 984 1224 10
740 84 255 13 1068 1308 10
867 110 251 23 1931 2171 10
924 53 466 9 1280 1520 10
278 94 344 26 2669 2909 10
599 72 477 46 1034 1274 10
654 41 232 16 761 1001 10
588 62 236 29 2172 2412 10
549 79 467 22 1346 1586 10
476 118 314 26 1290 1530 10
729 3 471 13 2783 3023 10
866 9 233 31 1165 1405 10
397 134 276 15 473 713 10
811 44 311 27 1570 1810 10
788 49 437 7 1650 1890 10
54 67 352 20 1433 1673 10
208 80 357 1 2062 2302 10
629 33 268 18 2723 2963 10
161 59 388 20 2591 2831 10
563 13 314 14 915 1155 10
635 10 407 36 1678 1918 10
698 71 304 19 2696 2936 10
633 80 458 30 1422 1662 10
892 5 445 30 1184 1424 10
387 16 287 12 1023 1263 10
983 136 265 12 340 580 10
602 1 252 5 1041 1281 10
124 146 376 8 877 1117 10
393 137 377 23 560 800 10
813 132 477 25 1249 1489 10
827 136 430 14 2781 3021 10
174 18 225 8 2705 2945 10
646 20 480 25 2221 2461 10
445 148 462 10 2847 3087 10
678 142 372 18 532 772 10
705 66 314 26 659 899 10
731 90 477 18 991 1231 10
910 48 293 22 1044 1284 10
941 63 420 19 2018 2258 10
37 130 247 17 360 600 10
649 87 311 7 576 816 10
469 133 273 20 357 597 10
280 12 367 27 1243 1483 10
931 2 264 40 2558 2798 10
345 14 232 18 1160 1400 10
249 150 484 16 2441 2681 10
1000 26 342 12 1224 1464 10
458 44 496 32 1547 1787 10
736 55 318 13 1188 1428 10
231 124 448 6 1414 1654 10
815 11 403 18 1312 1552 10
610 52 303 25 1705 1945 10
377 102 422 23 845 1085 10
748 10 237 19 2406 2646 10
587 29 358 23 2383 2623 10
192 139 438 24 796 1036 10
417 83 300 26 1939 2179 10
879 13 394 15 1430 1670 10
456 77 372 19 727 967 10
530 126 391 19 1031 1271 10
