rc1_10_8

VEHICLE
NUMBER  CAPACITY
250   200

CUSTOMER
CUST NO. XCOORD. YCOORD. DEMAND READY TIME DUE DATE SERVICE TIME

0  250  250   0   0  1821   0
116 94 235 20 156 294 10
80 34 169 11 444 554 10
18 92 233 10 162 315 10
510 21 146 21 442 561 10
614 39 162 18 507 653 10
900 92 232 10 159 273 10
887 91 231 30 160 275 10
305 111 178 18 156 262 10
286 91 235 10 205 363 10
50 86 199 23 250 335 10
786 47 208 30 207 323 10
772 89 185 16 537 693 10
694 31 175 24 231 397 10
395 95 235 10 155 242 10
627 92 230 20 159 313 10
945 92 236 20 210 335 10
408 92 234 10 184 315 10
355 95 234 10 155 256 10
919 61 214 4 291 422 10
988 34 239 16 216 348 10
995 18 225 8 647 765 10
684 90 232 10 161 295 10
497 72 227 25 522 636 10
462 43 135 31 236 340 10
425 103 177 28 556 726 10
47 41 232 16 209 252 10
742 93 235 10 195 327 10
