c2_10_4

VEHICLE
NUMBER   CAPACITY
250     700

CUSTOMER
CUST NO. XCOORD.  YCOORD.  DEMAND  READY TIME DUE DATE  SERVICE TIME

0   250    250     0     0    3914     0
227 277 434 20 0 3639 90
549 346 487 10 0 3569 90
969 314 436 10 2101 2261 90
175 331 486 10 0 3575 90
500 318 493 10 825 985 90
735 345 496 20 0 3561 90
305 277 431 30 0 3641 90
178 326 498 10 0 3565 90
361 332 486 20 1912 2072 90
558 336 479 20 0 3580 90
687 267 436 30 0 3638 90
630 269 428 20 0 3645 90
672 329 459 10 0 3601 90
858 298 430 30 469 629 90
117 311 496 10 0 3571 90
43 329 471 30 0 3590 90
489 347 479 10 0 3576 90
730 322 454 20 0 3608 90
218 275 431 10 0 3642 90
301 327 483 20 2098 2258 90
851 300 443 10 1996 2156 90
847 292 456 20 0 3614 90
810 283 425 20 0 3646 90
338 297 430 20 378 538 90
354 275 448 10 0 3625 90
353 340 449 10 0 3606 90
744 279 436 20 0 3636 90
419 316 453 20 224 384 90
200 294 455 30 0 3615 90
834 289 452 20 0 3619 90
826 290 416 30 0 3654 90
456 344 478 20 2296 2456 90
692 291 450 10 2705 2865 90
979 247 447 10 0 3627 90
479 325 490 10 0 3573 90
366 348 466 20 0 3587 90
448 276 428 20 1048 1208 90
782 297 442 20 0 3627 90
364 317 467 20 0 3597 90
264 357 445 20 0 3602 90
653 302 470 20 2227 2387 90
238 280 423 10 0 3649 90
9 294 437 30 661 821 90
820 310 484 30 0 3583 90
242 332 491 30 1211 1371 90
463 352 500 30 1505 1665 90
614 299 442 10 0 3626 90
120 349 476 10 0 3578 90
929 290 425 30 280 440 90
133 355 480 20 0 3572 90
840 351 480 30 0 3573 90
845 233 441 20 0 3633 90
434 338 489 30 0 3570 90
991 320 476 30 0 3588 90
625 298 438 10 567 727 90
927 290 440 40 0 3630 90
887 345 468 10 2677 2837 90
998 298 456 30 0 3613 90
460 314 449 30 0 3615 90
279 290 417 10 0 3653 90
42 292 445 10 0 3625 90
981 292 434 10 755 915 90
326 293 454 20 0 3616 90
874 328 498 20 0 3565 90
208 337 453 30 0 3604 90
