c2_10_4

VEHICLE
NUMBER   CAPACITY
250     700

CUSTOMER
CUST NO. XCOORD.  YCOORD.  DEMAND  READY TIME DUE DATE  SERVICE TIME

0   250    250     0     0    3914     0
156 13 266 20 0 3587 90
587 144 266 30 0 3717 90
196 139 262 30 0 3713 90
193 39 278 10 1601 1761 90
161 90 298 10 2104 2264 90
22 19 297 20 0 3589 90
716 106 295 20 0 3674 90
930 124 247 20 0 3698 90
604 152 241 20 0 3726 90
742 138 272 20 1821 1981 90
828 91 303 20 0 3657 90
424 108 245 20 0 3682 90
632 36 284 10 0 3608 90
696 121 249 20 0 3695 90
906 117 319 10 0 3675 90
344 134 265 20 2666 2826 90
272 73 303 10 0 3640 90
122 112 243 20 0 3686 90
568 16 285 30 0 3588 90
363 55 282 40 305 465 90
306 110 241 20 0 3684 90
923 140 265 40 0 3713 90
544 91 298 10 0 3658 90
289 111 244 10 0 3685 90
212 32 247 20 0 3606 90
978 11 269 10 0 3585 90
101 125 264 20 0 3699 90
483 26 269 30 0 3600 90
60 118 256 10 0 3692 90
859 148 270 10 0 3721 90
842 128 240 10 0 3702 90
557 121 236 10 0 3695 90
619 22 283 30 0 3594 90
806 101 295 30 0 3669 90
880 127 278 10 2106 2266 90
866 132 272 30 0 3704 90
710 16 281 10 0 3588 90
425 129 267 10 2480 2640 90
7 43 269 30 687 847 90
6 25 293 20 0 3595 90
3 89 284 20 1436 1596 90
399 130 304 10 0 3693 90
14 143 266 10 0 3716 90
476 116 259 20 0 3690 90
994 109 250 10 1540 1700 90
37 90 270 10 565 725 90
925 136 296 30 0 3702 90
243 81 283 10 1624 1784 90
109 32 256 10 0 3606 90
961 102 289 20 1242 1402 90
777 94 247 30 853 1013 90
308 152 260 10 0 3726 90
25 115 269 10 0 3688 90
304 16 280 10 0 3589 90
606 46 277 10 0 3619 90
862 143 257 10 0 3717 90
367 132 314 30 0 3690 90
256 153 295 20 3382 3542 90
622 44 279 10 0 3616 90
627 112 251 10 0 3686 90
41 94 275 10 469 629 90
548 138 276 10 1915 2075 90
346 111 279 30 141 301 90
737 23 306 20 0 3591 90
855 101 263 20 0 3675 90
850 103 251 10 0 3677 90
470 109 325 20 0 3665 90
666 106 248 20 0 3680 90
795 133 278 10 0 3704 90
949 163 277 10 0 3733 90
373 141 267 10 0 3714 90
821 47 280 10 403 563 90
440 83 301 20 0 3650 90
938 37 295 20 0 3607 90
90 131 269 10 0 3704 90
100 85 317 30 0 3646 90
944 96 269 10 0 3669 90
191 139 269 20 0 3712 90
285 155 242 10 0 3729 90
92 29 282 10 1410 1570 90
27 113 229 30 0 3686 90
55 80 281 10 0 3652 90
532 129 244 30 2908 3068 90
189 149 273 20 212 372 90
564 67 302 30 0 3634 90
563 104 246 10 0 3678 90
996 40 288 20 1793 1953 90
551 103 266 30 0 3677 90
642 119 285 40 0 3689 90
474 146 245 20 0 3720 90
186 39 296 20 1983 2143 90
39 17 283 20 0 3589 90
860 76 287 20 0 3647 90
113 35 308 30 3072 3232 90
833 56 287 20 0 3627 90
138 54 287 20 209 369 90
552 98 286 30 0 3668 90
337 95 243 20 0 3669 90
150 131 241 10 3378 3538 90
656 90 277 30 662 822 90
50 113 289 10 0 3682 90
943 83 228 20 0 3656 90
694 116 255 20 0 3690 90
116 96 292 10 0 3665 90
705 83 282 10 0 3654 90
228 119 232 10 1939 2099 90
102 131 253 10 0 3705 90
154 25 290 30 0 3596 90
290 132 273 10 0 3704 90
839 101 290 20 0 3670 90
612 131 267 10 0 3704 90
626 62 301 20 0 3630 90
817 123 242 20 3190 3350 90
618 99 307 20 0 3663 90
214 95 294 10 0 3663 90
595 77 287 10 0 3648 90
812 105 317 10 0 3665 90
790 34 279 20 0 3607 90
571 129 264 20 0 3703 90
466 125 245 20 3002 3162 90
928 29 302 20 0 3597 90
180 95 279 20 0 3667 90
950 5 296 10 0 3575 90
565 114 296 40 0 3681 90
522 53 297 30 0 3622 90
740 129 255 10 0 3703 90
538 128 249 20 0 3702 90
881 140 252 20 0 3714 90
378 107 311 40 2813 2973 90
316 101 237 20 1831 1991 90
