r1_10_7

VEHICLE
NUMBER  CAPACITY
250   200

CUSTOMER
CUST NO. XCOORD. YCOORD. DEMAND READY TIME DUE DATE SERVICE TIME

0  250  250   0   0  1925   0
510 417 212 12 910 940 10
827 386 225 13 919 949 10
745 415 207 18 900 930 10
639 458 213 22 1128 1158 10
560 449 190 2 1140 1170 10
679 435 180 37 225 255 10
524 399 175 13 747 777 10
868 455 168 21 867 897 10
812 450 194 27 625 655 10
67 440 201 29 893 923 10
4 439 237 11 939 969 10
119 426 231 24 1028 1058 10
725 484 224 7 300 330 10
991 452 206 31 492 522 10
988 495 199 25 337 367 10
676 441 177 23 1001 1031 10
797 443 167 17 543 573 10
869 428 202 24 904 934 10
782 405 187 34 1251 1281 10
454 423 170 27 513 543 10
