c2_10_4

VEHICLE
NUMBER  CAPACITY
250   700

CUSTOMER
CUST NO. XCOORD. YCOORD. DEMAND READY TIME DUE DATE SERVICE TIME

0  250  250   0   0  3914   0
920 229 78 20 2496 2656 90
52 368 17 20 2021 2181 90
355 447 88 20 2963 3123 90
395 322 78 20 2464 2624 90
773 244 94 20 1795 1955 90
294 390 9 30 1263 1423 90
712 223 114 20 332 492 90
443 395 30 20 2796 2956 90
894 346 13 20 1686 1846 90
655 381 20 20 1828 1988 90
331 382 17 20 1734 1894 90
853 427 64 30 1292 1452 90
621 390 42 20 2588 2748 90
789 414 66 30 1592 1752 90
210 260 104 20 157 317 90
365 335 54 30 1853 2013 90
788 236 92 10 2210 2370 90
547 238 84 10 1634 1794 90
392 443 70 20 2464 2624 90
343 241 77 30 1225 1385 90
909 351 31 20 813 973 90
838 250 72 20 1125 1285 90
274 230 95 20 1899 2059 90
863 393 2 30 979 1139 90
233 432 80 40 908 1068 90
205 383 18 20 1643 1803 90
990 440 70 10 2371 2531 90
477 374 55 30 2792 2952 90
910 361 15 20 2118 2278 90
685 347 21 20 1386 1546 90
345 420 95 30 345 505 90
989 415 73 20 1495 1655 90
284 224 93 20 2191 2351 90
757 425 118 10 219 379 90
770 383 41 20 2685 2845 90
952 366 34 10 2086 2246 90
323 356 77 20 2249 2409 90
12 225 125 20 127 287 90
88 290 75 20 191 351 90
598 405 5 20 786 946 90
808 215 108 20 2760 2920 90
427 329 56 20 1457 1617 90
172 228 124 20 141 301 90
965 216 92 20 2382 2542 90
91 236 96 20 1604 1764 90
706 384 24 10 2601 2761 90
224 308 60 20 776 936 90
515 375 31 20 2185 2345 90
188 204 90 20 1094 1254 90
77 332 55 30 211 371 90
455 341 37 20 434 594 90
715 386 28 20 2507 2667 90
720 211 107 10 531 691 90
107 420 20 30 575 735 90
