c2_10_1

VEHICLE
NUMBER   CAPACITY
250     700

CUSTOMER
CUST NO. XCOORD.  YCOORD.  DEMAND  READY TIME DUE DATE  SERVICE TIME

0   250    250     0     0    3914     0
156 13 266 20 1204 1364 90
193 39 278 10 1601 1761 90
22 19 297 20 2282 2442 90
632 36 284 10 1698 1858 90
568 16 285 30 2492 2652 90
363 55 282 40 305 465 90
212 32 247 20 802 962 90
978 11 269 10 1110 1270 90
483 26 269 30 1005 1165 90
619 22 283 30 1313 1473 90
710 16 281 10 2676 2836 90
7 43 269 30 687 847 90
6 25 293 20 2964 3124 90
109 32 256 10 901 1061 90
304 16 280 10 2767 2927 90
606 46 277 10 589 749 90
622 44 279 10 496 656 90
737 23 306 20 2182 2342 90
821 47 280 10 403 563 90
938 37 295 20 1891 2051 90
92 29 282 10 1410 1570 90
996 40 288 20 1793 1953 90
186 39 296 20 1983 2143 90
39 17 283 20 2584 2744 90
113 35 308 30 3072 3232 90
833 56 287 20 197 357 90
138 54 287 20 209 369 90
154 25 290 30 2871 3031 90
626 62 301 20 3400 3560 90
790 34 279 20 1506 1666 90
928 29 302 20 2085 2245 90
950 5 296 10 2386 2546 90
522 53 297 30 3300 3460 90
