c2_10_1

VEHICLE
NUMBER   CAPACITY
250     700

CUSTOMER
CUST NO. XCOORD.  YCOORD.  DEMAND  READY TIME DUE DATE  SERVICE TIME

0   250    250     0     0    3914     0
303 375 342 10 939 1099 90
835 378 326 30 160 320 90
689 383 351 20 167 327 90
589 368 325 30 139 299 90
394 361 337 50 363 523 90
53 341 367 30 2530 2690 90
159 386 357 20 1433 1593 90
509 360 338 10 272 432 90
246 358 359 20 2639 2799 90
130 368 340 10 461 621 90
400 378 363 30 1749 1909 90
722 369 351 20 838 998 90
89 346 344 10 3212 3372 90
269 386 344 20 1239 1399 90
26 377 356 10 1846 2006 90
221 361 349 10 3016 3176 90
359 370 353 10 746 906 90
446 391 334 20 1047 1207 90
939 359 371 10 2422 2582 90
854 372 354 30 1941 2101 90
347 367 358 30 2133 2293 90
536 364 364 20 2230 2390 90
702 353 346 20 3114 3274 90
916 366 352 10 2830 2990 90
580 366 341 20 553 713 90
362 386 361 30 1527 1687 90
185 360 356 10 2733 2893 90
682 365 360 20 2040 2200 90
169 358 365 30 2326 2486 90
230 366 346 20 648 808 90
106 389 342 10 1145 1305 90
105 373 364 20 3170 3330 90
649 363 351 20 2923 3083 90
385 384 346 20 1331 1491 90
