c2_10_1

VEHICLE
NUMBER   CAPACITY
250     700

CUSTOMER
CUST NO. XCOORD.  YCOORD.  DEMAND  READY TIME DUE DATE  SERVICE TIME

0   250    250     0     0    3914     0
668 206 313 20 2091 2251 90
913 179 311 10 311 471 90
141 189 327 10 420 580 90
816 183 340 10 2677 2837 90
945 179 284 30 1031 1191 90
919 176 358 10 2075 2235 90
836 197 350 30 1186 1346 90
755 198 334 20 2203 2363 90
665 174 304 20 110 270 90
35 216 307 20 2516 2676 90
797 188 356 20 1882 2042 90
237 173 328 10 2481 2641 90
401 185 301 20 1330 1490 90
613 200 297 30 553 713 90
891 190 292 10 745 905 90
751 170 338 20 2284 2444 90
728 222 317 30 2415 2575 90
220 176 296 20 1230 1390 90
974 197 351 20 1277 1437 90
28 205 343 20 902 1062 90
535 185 293 10 930 1090 90
300 180 335 20 2581 2741 90
540 194 296 20 650 810 90
333 198 284 10 76 236 90
648 209 307 10 1811 1971 90
959 207 289 20 2997 3157 90
964 196 348 10 1094 1254 90
314 188 330 30 513 673 90
567 192 306 20 1523 1683 90
769 194 353 20 1371 1531 90
671 206 295 10 2809 2969 90
441 201 331 20 707 867 90
397 188 293 30 837 997 90
239 200 327 30 3150 3310 90
865 204 291 20 2903 3063 90
170 191 352 20 117 277 90
628 184 354 30 1976 2136 90
973 206 312 40 2000 2160 90
781 211 308 30 1903 2063 90
872 199 305 30 1620 1780 90
432 165 333 20 2381 2541 90
940 186 372 20 1685 1845 90
804 196 302 20 274 434 90
997 175 282 10 1126 1286 90
202 216 316 20 2319 2479 90
713 191 308 20 82 242 90
332 206 326 30 3246 3406 90
256 153 295 20 3382 3542 90
97 201 273 30 54 214 90
582 167 304 20 207 367 90
783 200 342 10 997 1157 90
596 187 362 20 1786 1946 90
949 163 277 10 3492 3652 90
194 201 307 10 1713 1873 90
911 195 300 10 458 618 90
884 216 300 30 2613 2773 90
261 184 340 10 2768 2928 90
296 189 368 20 144 304 90
882 218 298 30 2706 2866 90
341 189 339 50 2863 3023 90
829 194 301 30 366 526 90
114 169 360 20 2172 2332 90
526 190 332 20 606 766 90
473 197 301 10 183 343 90
142 191 309 10 1430 1590 90
511 207 337 20 805 965 90
585 199 327 10 3059 3219 90
948 189 338 10 2954 3114 90
