rc1_10_9

VEHICLE
NUMBER   CAPACITY
250     200

CUSTOMER
CUST NO. XCOORD.  YCOORD.  DEMAND  READY TIME DUE DATE  SERVICE TIME

0   250    250     0     0    1821     0
429 306 42 11 432 552 10
22 347 54 10 250 370 10
322 364 71 5 1303 1423 10
490 324 99 10 293 413 10
96 371 71 21 242 362 10
502 330 138 18 1065 1185 10
870 299 98 30 159 279 10
175 343 49 10 221 341 10
676 335 57 30 210 330 10
751 342 54 20 216 336 10
721 344 62 10 301 421 10
570 344 70 24 1101 1221 10
819 347 62 10 288 408 10
103 382 110 24 1067 1187 10
636 304 102 30 157 277 10
982 337 41 8 957 1077 10
533 300 108 10 150 270 10
557 297 131 25 1120 1240 10
709 313 126 10 198 318 10
769 331 134 11 1079 1199 10
866 319 124 20 143 263 10
21 307 108 10 192 312 10
553 346 57 20 263 383 10
674 374 116 9 542 662 10
371 323 29 7 1092 1212 10
781 341 72 9 760 880 10
941 343 47 20 232 352 10
129 325 56 13 751 871 10
643 352 63 6 1133 1253 10
933 317 123 20 145 265 10
325 304 97 20 162 282 10
796 271 128 12 301 421 10
997 335 99 25 1173 1293 10
720 303 78 12 179 299 10
732 340 54 10 215 335 10
264 323 118 20 150 270 10
470 341 59 27 745 865 10
787 324 127 30 143 263 10
403 335 46 18 1297 1417 10
884 307 102 40 165 285 10
287 346 60 10 276 396 10
926 351 128 15 1208 1328 10
1000 341 58 10 212 332 10
235 326 118 10 152 272 10
474 339 60 20 209 329 10
236 365 74 24 803 923 10
767 315 121 10 158 278 10
762 305 107 20 180 300 10
142 343 62 10 312 432 10
612 313 119 30 171 291 10
42 307 52 23 875 995 10
667 295 89 23 697 817 10
620 376 92 10 946 1066 10
326 297 102 10 155 275 10
51 314 124 20 186 306 10
48 323 77 36 1360 1480 10
