c2_10_7

VEHICLE
NUMBER  CAPACITY
250   700

CUSTOMER
CUST NO. XCOORD. YCOORD. DEMAND READY TIME DUE DATE SERVICE TIME

0  250  250   0   0  3914   0
634 320 231 20 2332 2596 90
902 308 232 30 2615 3440 90
975 305 233 20 3002 3240 90
486 301 247 10 2797 3773 90
328 316 234 10 2309 3173 90
482 319 229 10 2038 2707 90
675 308 235 10 2999 3431 90
976 297 250 30 3080 3746 90
724 325 228 20 1337 2443 90
56 321 224 30 1843 2529 90
368 328 216 10 1688 2296 90
529 315 232 10 2421 3246 90
84 317 234 10 2150 2967 90
844 307 227 30 2523 3343 90
778 320 225 20 1718 2471 90
330 321 228 30 1917 2643 90
686 293 245 10 3365 3654 90
128 317 235 20 2310 2989 90
