r2_10_10

VEHICLE
NUMBER   CAPACITY
250     1000

CUSTOMER
CUST NO. XCOORD.  YCOORD.  DEMAND  READY TIME DUE DATE  SERVICE TIME

0   250    250     0     0    7697     0
932 7 82 25 1421 1991 10
697 9 101 16 2492 2957 10
696 21 70 15 2881 3409 10
418 51 89 19 4652 5133 10
360 44 140 11 3242 3825 10
407 32 94 14 3519 4043 10
765 44 115 24 720 1250 10
995 79 80 19 5377 5799 10
558 16 68 11 940 1432 10
118 1 101 8 4885 5293 10
45 62 94 16 3641 4084 10
143 64 135 11 3224 3841 10
666 75 118 21 1439 1953 10
182 41 120 22 2615 3073 10
915 43 135 31 693 1202 10
240 26 67 15 5078 5576 10
845 49 118 3 4134 4557 10
236 24 71 11 1203 1685 10
545 30 97 23 4658 5144 10
814 80 117 24 3093 3620 10
883 65 62 15 3728 4203 10
579 66 88 2 3159 3598 10
909 65 82 13 2847 3190 10
48 56 75 24 5580 6041 10
