r2_10_10

VEHICLE
NUMBER   CAPACITY
250     1000

CUSTOMER
CUST NO. XCOORD.  YCOORD.  DEMAND  READY TIME DUE DATE  SERVICE TIME

0   250    250     0     0    7697     0
12 48 162 15 690 1168 10
647 61 170 20 3840 4326 10
293 72 227 25 2114 2516 10
345 14 232 18 1046 1515 10
398 26 221 28 3787 4304 10
225 83 169 21 2898 3435 10
394 33 152 17 5083 5597 10
721 46 163 8 3514 4014 10
174 18 225 8 2612 3039 10
433 66 163 6 1429 1855 10
588 62 236 29 2020 2564 10
966 21 146 21 1779 2235 10
43 87 213 18 2338 2787 10
734 57 183 15 4202 4721 10
953 86 189 21 713 1221 10
140 94 192 1 4112 4650 10
859 30 155 9 4951 5413 10
30 39 162 18 2052 2589 10
709 61 214 4 1195 1659 10
857 68 160 21 4317 4889 10
640 43 210 20 620 1066 10
866 9 233 31 1041 1528 10
674 31 175 24 795 1298 10
62 34 169 11 1703 2293 10
748 10 237 19 2268 2784 10
754 47 208 30 708 1223 10
804 23 235 43 3926 4380 10
778 74 215 10 754 1197 10
304 6 196 20 4641 5104 10
955 7 194 29 3625 4105 10
963 63 155 7 3663 4174 10
266 60 231 32 3944 4383 10
938 77 172 23 2962 3442 10
463 82 183 17 4138 4796 10
120 38 190 23 978 1421 10
654 41 232 16 639 1124 10
44 45 166 22 3837 4389 10
302 13 214 21 5242 5707 10
362 39 153 26 3022 3480 10
991 86 199 23 906 1436 10
232 0 188 26 3537 4040 10
767 64 198 10 4208 4620 10
142 28 180 34 1329 1876 10
222 53 204 8 3964 4595 10
406 67 190 25 4494 5012 10
466 32 191 5 2154 2655 10
108 34 239 16 721 1150 10
611 89 185 16 2200 2718 10
277 5 224 19 4022 4535 10
375 48 150 15 2427 2934 10
