r2_10_10

VEHICLE
NUMBER   CAPACITY
250     1000

CUSTOMER
CUST NO. XCOORD.  YCOORD.  DEMAND  READY TIME DUE DATE  SERVICE TIME

0   250    250     0     0    7697     0
455 250 57 26 2824 3281 10
253 239 15 2 2233 2718 10
962 235 33 30 5194 5621 10
328 200 27 22 1935 2383 10
683 257 57 18 4748 5179 10
422 282 1 18 4003 4457 10
300 224 56 13 4542 5069 10
331 202 28 22 3523 4071 10
723 253 74 20 5222 5699 10
477 251 63 14 3744 4276 10
619 224 3 10 2627 3017 10
146 218 12 3 1961 2511 10
546 273 70 36 2304 2771 10
432 288 70 24 521 1032 10
449 292 32 14 755 1199 10
985 241 38 16 1984 2389 10
831 235 13 27 1215 1774 10
491 253 50 27 739 1187 10
763 244 13 24 3883 4342 10
310 245 42 24 2067 2432 10
860 240 34 28 6042 6555 10
645 282 10 30 4885 5328 10
383 210 29 13 4023 4503 10
971 212 47 20 2994 3535 10
565 231 29 14 4762 5169 10
486 265 0 10 3410 3879 10
