r1_10_8

VEHICLE
NUMBER  CAPACITY
250   200

CUSTOMER
CUST NO. XCOORD. YCOORD. DEMAND READY TIME DUE DATE SERVICE TIME

0  250  250   0   0  1925   0
333 161 416 25 0 1727 10
432 225 488 28 0 1676 10
710 261 359 10 0 1806 10
293 163 472 9 0 1677 10
545 207 487 4 0 1675 10
901 213 399 18 0 1762 10
413 250 441 5 0 1724 10
484 185 434 9 0 1720 10
567 230 487 20 0 1678 10
451 274 442 17 0 1722 10
150 210 379 12 0 1780 10
840 195 450 16 0 1708 10
408 174 376 8 0 1768 10
641 202 391 30 0 1767 10
907 318 497 21 0 1659 10
663 181 441 25 0 1712 10
445 268 351 7 0 1813 10
851 237 420 15 0 1745 10
522 274 403 17 0 1761 10
412 244 422 14 0 1743 10
395 185 431 15 0 1723 10
77 225 369 38 0 1794 10
908 256 441 34 0 1724 10
926 199 438 3 0 1721 10
615 311 422 29 0 1733 10
436 179 497 1 0 1658 10
925 231 410 14 0 1754 10
327 150 484 16 0 1661 10
358 313 391 5 0 1761 10
474 243 408 15 0 1757 10
856 243 402 13 0 1763 10
981 175 422 24 0 1728 10
799 279 355 9 0 1807 10
569 240 362 23 0 1803 10
744 248 386 22 0 1779 10
183 211 411 15 0 1750 10
837 173 474 14 0 1679 10
272 278 450 29 0 1714 10
850 239 486 3 0 1679 10
460 189 402 10 0 1752 10
306 286 356 30 0 1804 10
470 196 489 23 0 1670 10
203 182 480 31 0 1676 10
619 195 464 20 0 1695 10
102 274 441 12 0 1723 10
352 222 499 7 0 1665 10
353 211 446 15 0 1716 10
346 283 454 14 0 1709 10
539 167 445 7 0 1704 10
900 241 402 11 0 1763 10
439 152 476 45 0 1669 10
99 228 399 14 0 1765 10
374 307 412 8 0 1744 10
817 246 407 12 0 1758 10
97 218 403 15 0 1759 10
670 149 458 13 0 1684 10
779 208 488 22 0 1674 10
875 164 473 26 0 1676 10
669 288 439 16 0 1723 10
450 284 457 17 0 1706 10
238 208 445 22 0 1716 10
757 255 487 19 0 1678 10
548 268 458 24 0 1707 10
340 177 404 17 0 1745 10
462 166 440 12 0 1708 10
12 260 472 33 0 1693 10
96 262 369 15 0 1796 10
369 177 486 20 0 1668 10
466 313 493 20 0 1664 10
905 215 434 9 0 1728 10
