r1_10_5

VEHICLE
NUMBER  CAPACITY
250   200

CUSTOMER
CUST NO. XCOORD. YCOORD. DEMAND READY TIME DUE DATE SERVICE TIME

0  250  250   0   0  1925   0
871 391 112 24 1000 1030 10
351 413 127 28 831 861 10
494 376 92 10 991 1021 10
601 396 83 15 1586 1616 10
181 392 95 16 766 796 10
661 382 110 24 1112 1142 10
464 339 113 14 761 791 10
56 386 154 31 1101 1131 10
711 438 127 2 941 971 10
778 393 98 13 753 783 10
406 397 153 29 882 912 10
348 392 87 23 1183 1213 10
633 404 140 8 1259 1289 10
131 415 95 15 1177 1207 10
153 367 97 17 988 1018 10
935 375 145 12 929 959 10
170 389 156 27 716 746 10
584 351 128 15 1253 1283 10
955 390 120 24 1004 1034 10
163 384 149 18 1197 1227 10
