rc1_10_8

VEHICLE
NUMBER  CAPACITY
250   200

CUSTOMER
CUST NO. XCOORD. YCOORD. DEMAND READY TIME DUE DATE SERVICE TIME

0  250  250   0   0  1821   0
653 132 55 10 227 343 10
310 133 26 10 280 374 10
125 150 68 23 416 459 10
373 144 35 26 239 361 10
190 187 73 18 236 378 10
827 125 39 20 245 341 10
530 122 35 10 250 336 10
947 124 56 20 231 370 10
563 125 29 30 253 404 10
733 132 57 20 226 300 10
31 136 52 10 250 365 10
543 168 59 6 341 421 10
479 133 53 20 245 343 10
212 132 30 20 279 402 10
743 125 32 30 251 330 10
621 129 27 10 253 387 10
885 130 57 40 227 372 10
916 126 30 10 252 419 10
44 131 56 10 227 358 10
898 109 56 27 239 406 10
457 120 17 30 266 419 10
632 125 61 26 548 705 10
