c2_10_2

VEHICLE
NUMBER  CAPACITY
250   700

CUSTOMER
CUST NO. XCOORD. YCOORD. DEMAND READY TIME DUE DATE SERVICE TIME

0  250  250   0   0  3914   0
814 213 76 20 0 3647 90
404 389 33 20 0 3567 90
1000 342 52 10 0 3606 90
898 323 60 10 0 3621 90
13 448 103 30 0 3578 90
545 226 120 30 0 3692 90
327 231 97 20 0 3670 90
244 373 22 10 0 3565 90
268 236 95 30 0 3669 90
704 319 77 30 0 3638 90
617 312 74 20 0 3638 90
779 316 80 30 0 3642 90
899 308 82 30 0 3647 90
699 447 102 10 0 3578 90
302 363 62 20 0 3605 90
516 426 80 20 0 3580 90
700 366 16 20 0 3563 90
451 336 7 10 0 3567 90
201 351 33 20 0 3585 90
815 417 56 20 0 3569 90
803 230 105 10 0 3678 90
953 429 80 20 0 3578 90
58 259 76 10 0 3650 90
918 347 23 30 0 3578 90
922 293 67 20 0 3637 90
843 253 81 10 0 3655 90
727 396 4 10 0 3538 90
124 343 27 20 0 3583 90
896 315 57 20 0 3621 90
999 208 101 10 0 3670 90
437 259 90 30 0 3664 90
415 259 88 20 0 3662 90
912 397 27 20 0 3557 90
663 232 87 30 0 3661 90
864 385 28 10 0 3565 90
592 430 86 20 0 3581 90
510 390 17 30 0 3553 90
247 216 93 10 0 3664 90
988 426 85 10 0 3583 90
465 345 15 20 0 3571 90
203 261 96 40 0 3670 90
490 367 59 10 0 3601 90
165 395 1 30 0 3536 90
681 437 61 20 0 3559 90
72 414 62 10 0 3575 90
732 256 117 20 0 3691 90
869 245 96 20 0 3670 90
265 212 71 20 0 3642 90
435 335 64 10 0 3620 90
752 245 109 20 0 3683 90
8 216 117 10 0 3687 90
846 311 47 10 0 3613 90
