c2_10_9

VEHICLE
NUMBER  CAPACITY
250   700

CUSTOMER
CUST NO. XCOORD. YCOORD. DEMAND READY TIME DUE DATE SERVICE TIME

0  250  250   0   0  3914   0
764 250 367 20 1740 2645 90
282 222 356 20 1625 1751 90
872 199 305 30 1106 2294 90
245 255 371 40 1701 2877 90
61 236 361 30 1322 2263 90
755 198 334 20 1622 2944 90
374 258 350 20 918 2886 90
973 206 312 40 1748 2412 90
596 187 362 20 1520 2211 90
403 261 350 10 1609 2008 90
312 232 378 20 1839 2709 90
519 239 369 30 1496 2286 90
878 222 357 30 981 2212 90
584 234 383 10 1876 2482 90
628 184 354 30 1432 2681 90
797 188 356 20 1333 2590 90
907 262 352 10 1106 2327 90
348 239 373 10 1548 2422 90
940 186 372 20 1328 2203 90
146 241 375 10 1546 2610 90
794 210 359 10 1191 2106 90
194 201 307 10 1387 2199 90
567 192 306 20 1043 2163 90
781 211 308 30 1369 2597 90
20 259 355 20 1096 2898 90
919 176 358 10 1742 2569 90
114 169 360 20 1733 2771 90
648 209 307 10 1276 2506 90
521 254 357 20 1562 2623 90
494 263 351 10 994 2255 90
668 206 313 20 1812 2529 90
