r2_10_10

VEHICLE
NUMBER  CAPACITY
250   1000

CUSTOMER
CUST NO. XCOORD. YCOORD. DEMAND READY TIME DUE DATE SERVICE TIME

0  250  250   0   0  7697   0
448 84 377 10 3535 3996 10
495 80 279 19 4416 4966 10
919 80 337 28 4329 4745 10
103 144 331 13 3539 4031 10
933 34 329 2 4010 4454 10
71 59 276 11 3378 3881 10
186 89 322 21 3889 4396 10
292 19 273 25 3877 4376 10
992 91 326 4 3695 4130 10
212 44 344 12 4131 4625 10
401 104 349 20 3857 4336 10
21 0 356 13 4168 4642 10
764 51 360 13 4345 4932 10
979 40 304 16 4372 4906 10
321 58 391 16 3313 3866 10
855 64 294 12 4252 4677 10
790 35 344 21 3297 3728 10
980 56 268 28 4077 4555 10
56 40 278 10 4260 4695 10
