r2_10_9

VEHICLE
NUMBER   CAPACITY
250     1000

CUSTOMER
CUST NO. XCOORD.  YCOORD.  DEMAND  READY TIME DUE DATE  SERVICE TIME

0   250    250     0     0    7697     0
668 80 251 14 1037 1512 10
292 19 273 25 3619 4633 10
293 72 227 25 2143 2488 10
345 14 232 18 1057 1504 10
835 37 281 17 1722 2343 10
398 26 221 28 3845 4246 10
602 1 252 5 929 1393 10
174 18 225 8 2582 3069 10
556 100 266 5 1700 2178 10
160 92 259 4 1565 1750 10
588 62 236 29 2234 2349 10
43 87 213 18 2211 2914 10
734 57 183 15 4387 4536 10
931 2 264 40 2551 2806 10
953 86 189 21 798 1136 10
140 94 192 1 4279 4484 10
57 33 278 18 5734 6283 10
709 61 214 4 1210 1643 10
640 43 210 20 756 931 10
866 9 233 31 1072 1498 10
498 68 240 11 3117 3358 10
343 5 281 16 5405 5687 10
399 79 257 26 3592 4153 10
748 10 237 19 2352 2699 10
754 47 208 30 763 1169 10
49 24 259 19 1273 1808 10
804 23 235 43 4029 4278 10
778 74 215 10 823 1127 10
980 56 268 28 3936 4695 10
304 6 196 20 4579 5166 10
629 33 268 18 2750 2936 10
955 7 194 29 3632 4099 10
495 80 279 19 4535 4847 10
266 60 231 32 4020 4307 10
257 60 246 25 641 879 10
463 82 183 17 4254 4679 10
120 38 190 23 999 1399 10
654 41 232 16 629 1134 10
71 59 276 11 3388 3871 10
302 13 214 21 5261 5687 10
991 86 199 23 873 1470 10
232 0 188 26 3578 3998 10
767 64 198 10 4198 4630 10
867 110 251 23 1847 2254 10
318 35 263 27 949 1333 10
222 53 204 8 4157 4403 10
626 69 266 12 2858 3328 10
869 46 248 9 3179 3452 10
406 67 190 25 4673 4834 10
466 32 191 5 2270 2540 10
56 40 278 10 4362 4593 10
108 34 239 16 763 1108 10
611 89 185 16 2282 2637 10
277 5 224 19 4127 4430 10
740 84 255 13 1043 1333 10
