c2_10_10

VEHICLE
NUMBER   CAPACITY
250     700

CUSTOMER
CUST NO. XCOORD.  YCOORD.  DEMAND  READY TIME DUE DATE  SERVICE TIME

0   250    250     0     0    3914     0
455 341 37 20 231 1111 90
465 345 15 20 1122 2002 90
205 383 18 20 1283 2163 90
319 378 46 30 2704 3584 90
932 294 64 10 191 1071 90
957 425 99 20 231 1111 90
451 336 7 10 1224 2104 90
404 389 33 20 2623 3503 90
294 390 9 30 903 1783 90
490 367 59 10 2721 3601 90
759 366 57 20 2716 3596 90
454 310 81 30 2486 3366 90
785 438 60 30 1820 2700 90
849 392 31 20 2530 3410 90
345 420 95 30 230 1110 90
989 415 73 20 1135 2015 90
468 449 140 20 370 1250 90
471 446 139 20 277 1157 90
832 500 162 20 1728 2608 90
864 385 28 10 1926 2806 90
988 426 85 10 267 1147 90
5 435 77 20 642 1522 90
369 416 48 10 1520 2400 90
416 362 17 10 1524 2404 90
34 456 154 10 227 1107 90
499 347 40 30 231 1111 90
124 343 27 20 836 1716 90
457 406 37 40 264 1144 90
65 491 160 20 1629 2509 90
52 368 17 20 1661 2541 90
715 386 28 20 2147 3027 90
588 432 105 10 2712 3592 90
863 393 2 30 619 1499 90
164 352 38 10 266 1146 90
518 408 20 30 279 1159 90
693 387 21 10 1188 2068 90
770 383 41 20 2325 3205 90
72 414 62 10 1326 2206 90
139 420 168 10 2756 3636 90
953 429 80 20 455 1335 90
531 312 64 20 222 1102 90
331 382 17 20 1374 2254 90
510 390 17 30 1093 1973 90
534 351 75 10 1794 2674 90
986 489 150 50 1438 2318 90
678 356 28 20 640 1520 90
898 323 60 10 910 1790 90
32 436 54 20 1631 2511 90
477 374 55 30 2432 3312 90
30 467 157 20 1947 2827 90
355 447 88 20 2603 3483 90
592 430 86 20 2406 3286 90
107 420 20 30 286 1166 90
323 356 77 20 1889 2769 90
700 366 16 20 1618 2498 90
372 466 169 30 2142 3022 90
576 401 15 20 325 1205 90
818 475 136 20 669 1549 90
81 440 173 10 2739 3619 90
66 453 164 10 2724 3604 90
254 329 48 10 1195 2075 90
201 351 33 20 361 1241 90
546 344 46 30 1300 2180 90
143 301 67 40 189 1069 90
63 301 53 20 609 1489 90
621 390 42 20 2228 3108 90
392 443 70 20 2104 2984 90
88 290 75 20 179 1059 90
427 329 56 20 1097 1977 90
749 334 47 20 219 1099 90
871 448 94 20 2692 3572 90
49 452 154 30 223 1103 90
211 337 63 30 1685 2565 90
701 348 16 30 1420 2300 90
779 316 80 30 2292 3172 90
894 346 13 20 1326 2206 90
370 370 55 10 2526 3406 90
409 363 55 10 2623 3503 90
796 446 169 10 2732 3612 90
147 428 64 20 841 1721 90
515 375 31 20 1825 2705 90
704 319 77 30 2198 3078 90
935 405 24 10 274 1154 90
13 448 103 30 2698 3578 90
351 325 75 30 2010 2890 90
516 426 80 20 362 1242 90
435 335 64 10 1593 2473 90
699 447 102 10 2698 3578 90
650 405 47 10 255 1135 90
885 438 72 10 738 1618 90
815 417 56 20 1422 2302 90
772 457 142 20 469 1349 90
495 444 157 10 215 1095 90
77 332 55 30 211 1091 90
244 373 22 10 1952 2832 90
165 395 1 30 527 1407 90
439 460 173 20 2527 3407 90
144 484 161 10 1336 2216 90
908 468 135 10 572 1452 90
450 425 85 10 240 1120 90
598 405 5 20 426 1306 90
774 441 63 20 1914 2794 90
727 396 4 10 713 1593 90
738 317 62 20 317 1197 90
617 312 74 20 2389 3269 90
607 393 13 20 998 1878 90
846 311 47 10 710 1590 90
706 384 24 10 2241 3121 90
70 353 32 10 545 1425 90
190 446 86 10 2689 3569 90
876 341 26 10 928 1808 90
295 335 52 20 1401 2281 90
381 391 23 10 2338 3218 90
912 397 27 20 2028 2908 90
365 335 54 30 1493 2373 90
661 440 81 20 2305 3185 90
1000 342 52 10 218 1098 90
44 326 57 20 1004 1884 90
11 365 18 20 1853 2733 90
302 363 62 20 2725 3605 90
922 293 67 20 187 1067 90
233 432 80 40 548 1428 90
896 315 57 20 811 1691 90
259 378 25 10 2048 2928 90
485 471 154 20 959 1839 90
131 450 72 10 2201 3081 90
530 425 87 20 239 1119 90
583 477 154 10 1146 2026 90
861 308 55 30 511 1391 90
171 470 152 30 866 1746 90
910 361 15 20 1758 2638 90
899 308 82 30 2579 3459 90
297 397 40 40 2131 3011 90
954 464 178 10 2331 3211 90
223 394 10 40 809 1689 90
192 483 170 30 1837 2717 90
655 381 20 20 1468 2348 90
853 427 64 30 932 1812 90
179 460 183 10 2427 3307 90
757 425 118 10 219 1099 90
395 322 78 20 2104 2984 90
824 475 145 30 768 1648 90
883 432 87 10 2498 3378 90
224 308 60 20 416 1296 90
918 347 23 30 740 1620 90
685 347 21 20 1026 1906 90
496 374 17 10 1565 2445 90
726 420 78 20 1038 1918 90
410 465 176 20 2239 3119 90
396 481 156 20 1240 2120 90
909 351 31 20 453 1333 90
791 475 156 40 1053 1933 90
443 395 30 20 2436 3316 90
408 293 81 10 174 1054 90
766 463 161 30 2043 2923 90
134 450 153 20 222 1102 90
155 441 157 10 212 1092 90
681 437 61 20 1728 2608 90
952 366 34 10 1726 2606 90
789 414 66 30 1232 2112 90
48 457 160 10 2631 3511 90
725 490 159 20 1537 2417 90
990 440 70 10 2011 2891 90
