rc2_10_1

VEHICLE
NUMBER  CAPACITY
250   1000

CUSTOMER
CUST NO. XCOORD. YCOORD. DEMAND READY TIME DUE DATE SERVICE TIME

0  250  250   0   0  7284   0
320 476 61 36 1795 1915 10
846 386 13 10 1348 1468 10
504 483 22 10 1336 1456 10
856 433 15 20 1131 1251 10
57 389 11 20 1293 1413 10
952 384 16 20 1402 1522 10
364 398 20 20 1076 1196 10
165 437 12 20 1318 1438 10
108 488 26 30 1731 1851 10
122 491 25 10 1634 1754 10
110 483 14 10 1453 1573 10
708 491 20 20 1574 1694 10
282 391 18 10 1511 1631 10
873 459 17 20 1645 1765 10
16 451 62 5 1129 1249 10
274 394 23 20 1615 1735 10
377 397 20 20 1120 1240 10
682 440 7 20 1255 1375 10
183 464 13 20 1539 1659 10
616 437 15 30 1421 1541 10
844 398 23 10 1024 1144 10
167 459 10 10 1340 1460 10
365 481 26 30 1227 1347 10
998 485 24 20 1285 1405 10
965 489 27 10 1685 1805 10
198 389 17 10 1463 1583 10
131 418 75 11 1792 1912 10
990 393 12 10 1237 1357 10
195 481 20 20 1388 1508 10
288 483 27 20 1832 1952 10
223 393 20 20 1563 1683 10
231 458 16 20 1192 1312 10
456 459 14 20 1241 1361 10
701 461 8 20 1476 1596 10
337 462 14 20 1588 1708 10
242 460 13 20 1287 1407 10
41 439 15 20 1373 1493 10
452 397 18 10 1168 1288 10
278 435 16 10 1470 1590 10
829 460 2 20 1412 1532 10
263 485 27 10 1784 1904 10
336 441 7 20 1566 1686 10
380 432 2 20 1866 1986 10
454 488 3 3 1602 1722 10
729 435 20 20 1526 1646 10
809 435 11 40 1189 1309 10
969 489 17 10 1520 1640 10
