c1_10_3

VEHICLE
NUMBER  CAPACITY
250   200

CUSTOMER
CUST NO. XCOORD. YCOORD. DEMAND READY TIME DUE DATE SERVICE TIME

0  250  250   0   0  1824   0
709 43 71 40 0 1461 90
750 21 68 20 0 1442 90
500 13 51 10 0 1425 90
536 26 45 30 0 1431 90
247 22 33 10 0 1420 90
564 39 50 30 0 1444 90
301 44 47 20 0 1445 90
763 37 55 10 0 1446 90
452 22 38 20 0 1423 90
264 23 67 30 0 1443 90
635 26 36 10 0 1425 90
642 24 68 20 0 1444 90
991 46 74 20 0 1465 90
113 22 37 10 0 1422 90
95 20 73 10 0 1444 90
310 30 72 10 0 1452 90
834 15 69 10 0 1438 90
641 48 78 20 0 1469 90
672 49 76 20 0 1469 90
966 24 41 10 0 1427 90
360 37 51 10 0 1443 90
80 24 65 10 0 1442 90
