rc1_10_9

VEHICLE
NUMBER  CAPACITY
250   200

CUSTOMER
CUST NO. XCOORD. YCOORD. DEMAND READY TIME DUE DATE SERVICE TIME

0  250  250   0   0  1821   0
444 480 152 26 977 1097 10
611 466 149 16 1141 1261 10
938 471 94 30 954 1074 10
648 498 171 12 1211 1331 10
673 432 66 30 1026 1146 10
780 488 96 22 1021 1141 10
121 459 53 20 1077 1197 10
159 386 154 31 1056 1176 10
804 415 95 15 1132 1252 10
620 376 92 10 946 1066 10
196 436 25 19 1237 1357 10
205 391 112 24 955 1075 10
103 382 110 24 1067 1187 10
820 404 140 8 1214 1334 10
546 437 19 15 969 1089 10
661 441 60 21 1414 1534 10
232 390 34 7 1015 1135 10
529 384 149 18 1152 1272 10
726 397 57 17 1431 1551 10
33 390 120 24 959 1079 10
749 438 127 2 896 1016 10
865 482 141 14 966 1086 10
978 437 98 16 1069 1189 10
132 472 57 17 1250 1370 10
