rc1_10_6

VEHICLE
NUMBER  CAPACITY
250   200

CUSTOMER
CUST NO. XCOORD. YCOORD. DEMAND READY TIME DUE DATE SERVICE TIME

0  250  250   0   0  1821   0
160 38 301 20 281 341 10
902 16 287 12 256 316 10
414 87 285 30 226 286 10
923 80 286 10 209 269 10
845 90 296 20 166 226 10
243 0 293 30 264 324 10
449 85 288 20 169 229 10
869 69 334 30 199 259 10
469 35 303 20 221 281 10
100 2 295 30 291 351 10
993 3 292 20 250 310 10
40 80 290 10 182 242 10
575 1 293 10 253 313 10
822 67 335 20 227 287 10
728 0 297 10 278 338 10
811 7 292 10 246 306 10
381 63 336 20 251 311 10
367 89 290 20 165 225 10
496 13 314 14 245 305 10
830 67 334 20 216 276 10
645 30 301 10 263 323 10
60 71 333 10 197 257 10
45 88 286 10 237 297 10
334 73 328 20 193 253 10
618 79 291 10 194 254 10
587 69 336 20 203 263 10
803 90 285 40 261 321 10
382 6 296 10 305 365 10
421 6 292 10 247 307 10
307 25 307 10 234 294 10
937 35 304 30 221 281 10
601 66 336 10 238 298 10
791 96 346 26 181 241 10
615 35 306 20 222 282 10
152 62 326 20 271 331 10
75 30 302 10 252 312 10
805 88 287 30 248 308 10
