r2_10_10

VEHICLE
NUMBER  CAPACITY
250   1000

CUSTOMER
CUST NO. XCOORD. YCOORD. DEMAND READY TIME DUE DATE SERVICE TIME

0  250  250   0   0  7697   0
978 146 313 22 4627 5055 10
671 179 318 2 4276 4809 10
912 215 282 21 5568 6075 10
294 213 283 14 5692 6196 10
329 157 269 31 6139 6591 10
896 244 277 18 5023 5507 10
179 221 269 14 4883 5361 10
303 230 320 8 4538 5118 10
338 224 320 36 4951 5439 10
426 162 301 16 6255 6770 10
557 214 274 24 5335 5737 10
384 178 302 19 3417 3796 10
184 218 271 16 6117 6593 10
973 167 291 27 6300 6894 10
667 171 303 18 6171 6663 10
411 228 260 12 6253 6712 10
452 225 269 30 4912 5374 10
848 229 322 11 6448 6955 10
887 190 267 36 6871 7278 10
710 240 240 35 6641 7076 10
741 159 299 12 3860 4384 10
702 164 320 12 4201 4677 10
87 246 314 36 5596 6086 10
593 161 275 21 5228 5666 10
95 240 255 33 6294 6713 10
