c2_10_9

VEHICLE
NUMBER  CAPACITY
250   700

CUSTOMER
CUST NO. XCOORD. YCOORD. DEMAND READY TIME DUE DATE SERVICE TIME

0  250  250   0   0  3914   0
819 377 246 20 2316 3697 90
793 367 239 20 2628 3707 90
349 384 235 20 2472 3033 90
486 301 247 10 2860 3773 90
975 305 233 20 2564 3678 90
844 307 227 30 2504 3361 90
163 383 246 20 2583 3312 90
324 253 244 20 2314 3329 90
215 253 241 20 2383 3447 90
529 315 232 10 2406 3261 90
645 354 219 10 3390 3519 90
934 382 245 20 2781 3297 90
276 379 245 10 2454 3252 90
384 363 212 30 3130 3577 90
902 308 232 30 2884 3171 90
976 297 250 30 3048 3777 90
675 308 235 10 2917 3513 90
686 293 245 10 3021 3781 90
478 249 251 20 2856 3375 90
328 316 234 10 2255 3228 90
637 245 239 20 2397 3629 90
