rc2_10_9

VEHICLE
NUMBER  CAPACITY
250   1000

CUSTOMER
CUST NO. XCOORD. YCOORD. DEMAND READY TIME DUE DATE SERVICE TIME

0  250  250   0   0  7284   0
373 144 35 26 719 1199 10
563 125 29 30 953 1433 10
31 136 52 10 991 1471 10
525 88 95 20 901 1381 10
885 130 57 40 750 1230 10
312 94 97 20 676 1156 10
743 125 32 30 858 1338 10
653 132 55 10 889 1369 10
190 187 73 18 988 1468 10
800 93 96 20 722 1202 10
212 132 30 20 1123 1603 10
306 91 101 10 1013 1493 10
44 131 56 10 843 1323 10
621 129 27 10 1010 1490 10
310 133 26 10 1067 1547 10
543 168 59 6 1284 1764 10
530 122 35 10 801 1281 10
898 109 56 27 719 1199 10
342 96 97 20 628 1108 10
947 124 56 20 685 1165 10
479 133 53 20 938 1418 10
125 150 68 23 1511 1991 10
788 87 96 30 947 1427 10
356 128 113 22 1271 1751 10
596 95 92 20 831 1311 10
733 132 57 20 798 1278 10
827 125 39 20 741 1221 10
457 120 17 30 936 1416 10
916 126 30 10 907 1387 10
137 97 93 20 782 1262 10
632 125 61 26 2267 2747 10
