r1_10_7

VEHICLE
NUMBER  CAPACITY
250   200

CUSTOMER
CUST NO. XCOORD. YCOORD. DEMAND READY TIME DUE DATE SERVICE TIME

0  250  250   0   0  1925   0
734 475 267 7 780 810 10
941 347 184 15 1079 1109 10
125 447 267 19 980 1010 10
745 415 207 18 900 930 10
4 439 237 11 939 969 10
67 440 201 29 893 923 10
868 455 168 21 867 897 10
186 428 302 27 1016 1046 10
204 385 285 13 868 898 10
812 450 194 27 625 655 10
343 440 292 24 940 970 10
771 394 322 12 1025 1055 10
119 426 231 24 1028 1058 10
922 497 266 25 748 778 10
510 417 212 12 910 940 10
322 389 255 15 785 815 10
43 440 294 16 960 990 10
676 441 177 23 1001 1031 10
827 386 225 13 919 949 10
787 363 225 35 856 886 10
104 370 262 15 1099 1129 10
438 497 296 14 613 643 10
509 440 284 25 852 882 10
72 424 288 13 1057 1087 10
524 399 175 13 747 777 10
869 428 202 24 904 934 10
713 333 293 27 617 647 10
611 385 239 21 786 816 10
554 457 280 17 1000 1030 10
565 374 306 4 994 1024 10
93 366 288 29 684 714 10
60 352 241 5 792 822 10
833 401 314 25 976 1006 10
