c2_10_6

VEHICLE
NUMBER  CAPACITY
250   700

CUSTOMER
CUST NO. XCOORD. YCOORD. DEMAND READY TIME DUE DATE SERVICE TIME

0  250  250   0   0  3914   0
307 48 385 20 783 1394 90
129 43 355 20 1388 1963 90
71 59 389 20 1487 2069 90
647 90 391 10 383 859 90
459 80 376 40 243 730 90
167 46 383 30 1090 1647 90
758 80 398 10 698 1114 90
76 74 390 20 592 1163 90
33 54 357 10 1525 2028 90
561 87 369 10 201 839 90
811 77 397 10 729 1269 90
905 95 395 30 212 717 90
391 96 407 20 237 791 90
718 96 377 10 199 664 90
234 72 391 10 1181 1803 90
24 56 388 20 1637 2105 90
895 47 388 20 981 1566 90
257 81 373 10 421 919 90
255 88 394 10 560 1054 90
763 40 378 20 1230 1703 90
937 88 390 30 478 948 90
162 71 388 20 1353 1816 90
786 80 374 20 264 893 90
241 96 356 10 186 707 90
57 73 395 20 1051 1555 90
62 78 371 20 210 692 90
251 47 389 30 918 1446 90
429 76 391 30 1093 1702 90
462 88 379 20 450 1089 90
802 56 357 10 1637 2099 90
915 66 397 10 895 1516 90
199 35 358 20 1322 1831 90
340 66 391 20 1469 1892 90
426 57 379 20 774 1201 90
398 76 408 30 849 1352 90
229 78 375 10 212 867 90
