r1_10_5

VEHICLE
NUMBER  CAPACITY
250   200

CUSTOMER
CUST NO. XCOORD. YCOORD. DEMAND READY TIME DUE DATE SERVICE TIME

0  250  250   0   0  1925   0
488 87 51 35 514 544 10
595 128 113 22 363 393 10
111 114 102 21 507 537 10
107 100 85 14 351 381 10
410 16 68 11 296 326 10
702 144 35 26 239 269 10
225 103 123 8 490 520 10
786 3 23 11 391 421 10
448 109 56 27 239 269 10
890 143 158 12 141 171 10
573 71 12 2 297 327 10
502 150 68 23 423 453 10
515 132 151 22 154 184 10
210 75 118 21 409 439 10
683 142 80 12 492 522 10
155 44 115 24 246 276 10
963 130 140 17 194 224 10
433 105 140 27 182 212 10
222 7 82 25 412 442 10
402 24 71 11 346 376 10
628 120 17 30 279 309 10
120 105 137 32 452 482 10
979 43 135 31 236 266 10
388 135 30 12 474 504 10
