rc1_10_8

VEHICLE
NUMBER  CAPACITY
250   200

CUSTOMER
CUST NO. XCOORD. YCOORD. DEMAND READY TIME DUE DATE SERVICE TIME

0  250  250   0   0  1821   0
583 104 349 20 967 1082 10
766 12 358 7 1177 1302 10
257 218 403 15 1260 1409 10
842 5 281 16 1333 1441 10
697 167 445 7 1383 1471 10
387 142 360 20 1488 1606 10
295 0 356 13 1030 1173 10
433 33 278 18 1433 1571 10
907 19 273 25 955 1109 10
120 7 382 27 734 837 10
163 64 294 12 1064 1168 10
46 69 414 6 1222 1335 10
168 175 422 24 1383 1540 10
770 84 377 10 902 981 10
221 33 286 11 1508 1592 10
619 64 437 11 867 1000 10
357 133 455 25 785 861 10
106 230 487 20 1097 1193 10
128 103 464 22 1244 1332 10
623 51 286 14 1423 1525 10
417 67 451 5 1178 1284 10
551 107 374 8 849 1009 10
913 130 494 6 701 847 10
185 27 464 21 1242 1370 10
340 58 391 16 851 944 10
899 13 465 31 716 861 10
113 195 464 20 1469 1591 10
972 28 467 34 1303 1412 10
608 122 422 3 1420 1523 10
434 149 458 13 1142 1216 10
119 44 440 24 744 863 10
283 111 392 18 1116 1253 10
292 154 374 36 893 1011 10
111 0 422 8 787 885 10
140 84 453 19 1196 1280 10
622 196 489 23 1002 1088 10
182 179 497 1 1383 1470 10
785 162 388 11 1080 1203 10
255 115 395 11 776 885 10
130 44 344 12 1029 1159 10
13 239 486 3 1447 1548 10
946 76 462 18 900 1041 10
348 48 437 4 778 860 10
246 175 352 12 1584 1685 10
369 40 304 16 1088 1231 10
