rc1_10_9

VEHICLE
NUMBER  CAPACITY
250   200

CUSTOMER
CUST NO. XCOORD. YCOORD. DEMAND READY TIME DUE DATE SERVICE TIME

0  250  250   0   0  1821   0
746 134 428 20 263 383 10
503 185 434 9 529 649 10
466 138 438 20 242 362 10
138 163 472 9 608 728 10
280 150 484 16 580 700 10
860 182 480 31 320 440 10
920 166 440 12 207 327 10
539 140 431 30 211 331 10
867 141 431 30 211 331 10
220 145 434 20 211 331 10
76 176 470 14 502 622 10
666 141 426 23 486 606 10
996 147 435 20 211 331 10
839 144 439 30 226 346 10
419 146 439 10 215 335 10
837 141 428 20 208 328 10
