c2_10_3

VEHICLE
NUMBER  CAPACITY
250   700

CUSTOMER
CUST NO. XCOORD. YCOORD. DEMAND READY TIME DUE DATE SERVICE TIME

0  250  250   0   0  3914   0
712 223 114 20 332 492 90
267 379 208 10 835 995 90
287 221 102 20 2858 3018 90
515 375 31 20 2185 2345 90
745 371 207 10 241 401 90
351 325 75 30 2370 2530 90
917 221 87 20 1403 1563 90
578 247 89 20 2015 2175 90
837 243 88 20 1731 1891 90
650 405 47 10 255 415 90
861 308 55 30 871 1031 90
773 244 94 20 1795 1955 90
693 387 21 10 1548 1708 90
766 463 161 30 2403 2563 90
910 361 15 20 2118 2278 90
224 308 60 20 776 936 90
576 401 15 20 685 845 90
91 236 96 20 1604 1764 90
266 231 81 30 2403 2563 90
920 229 78 20 2496 2656 90
427 329 56 20 1457 1617 90
813 382 213 20 1715 1875 90
989 415 73 20 1495 1655 90
210 260 104 20 157 317 90
233 432 80 40 908 1068 90
372 466 169 30 2502 2662 90
749 334 47 20 331 491 90
370 370 55 10 2886 3046 90
274 230 95 20 1899 2059 90
720 211 107 10 531 691 90
259 378 25 10 2408 2568 90
607 393 13 20 1358 1518 90
789 414 66 30 1592 1752 90
818 475 136 20 1029 1189 90
284 224 93 20 2191 2351 90
723 388 228 10 1235 1395 90
662 384 206 20 739 899 90
808 215 108 20 2760 2920 90
380 232 85 10 2309 2469 90
409 363 55 10 2983 3143 90
402 385 235 10 2581 2741 90
88 290 75 20 191 351 90
954 464 178 10 2691 2851 90
63 301 53 20 969 1129 90
477 374 55 30 2792 2952 90
331 382 17 20 1734 1894 90
678 356 28 20 1000 1160 90
655 381 20 20 1828 1988 90
392 443 70 20 2464 2624 90
190 446 86 10 3056 3216 90
365 335 54 30 1853 2013 90
759 366 57 20 3076 3236 90
443 395 30 20 2796 2956 90
616 398 231 20 2296 2456 90
926 218 98 30 2002 2162 90
645 354 219 10 3375 3535 90
140 219 89 20 2692 2852 90
883 432 87 10 2858 3018 90
894 346 13 20 1686 1846 90
788 236 92 10 2210 2370 90
853 427 64 30 1292 1452 90
757 425 118 10 219 379 90
457 406 37 40 275 435 90
323 356 77 20 2249 2409 90
406 265 94 10 258 418 90
772 457 142 20 829 989 90
343 241 77 30 1225 1385 90
205 383 18 20 1643 1803 90
188 204 90 20 1094 1254 90
453 210 94 20 997 1157 90
321 384 217 20 1809 1969 90
439 460 173 20 2887 3047 90
369 416 48 10 1880 2040 90
546 344 46 30 1660 1820 90
495 444 157 10 215 375 90
136 380 223 10 1614 1774 90
761 226 86 10 2595 2755 90
838 250 72 20 1125 1285 90
849 392 31 20 2890 3050 90
345 420 95 30 345 505 90
530 425 87 20 444 604 90
395 322 78 20 2464 2624 90
936 211 97 20 812 972 90
952 366 34 10 2086 2246 90
581 392 213 20 2092 2252 90
863 393 2 30 979 1139 90
583 477 154 10 1506 1666 90
65 491 160 20 1989 2149 90
297 397 40 40 2491 2651 90
547 238 84 10 1634 1794 90
562 247 88 30 1924 2084 90
468 449 140 20 730 890 90
44 326 57 20 1364 1524 90
139 420 168 10 3393 3553 90
12 225 125 20 127 287 90
355 447 88 20 2963 3123 90
717 387 224 30 1517 1677 90
980 386 213 20 1996 2156 90
107 420 20 30 575 735 90
216 223 90 30 2787 2947 90
294 390 9 30 1263 1423 90
701 348 16 30 1780 1940 90
685 347 21 20 1386 1546 90
396 481 156 20 1600 1760 90
543 379 229 10 1045 1205 90
144 484 161 10 1696 1856 90
621 390 42 20 2588 2748 90
69 386 218 20 1901 2061 90
770 383 41 20 2685 2845 90
715 386 28 20 2507 2667 90
965 216 92 20 2382 2542 90
77 332 55 30 211 371 90
935 405 24 10 378 538 90
706 384 24 10 2601 2761 90
531 312 64 20 582 742 90
309 255 120 10 130 290 90
283 243 108 20 3061 3221 90
885 438 72 10 1098 1258 90
908 468 135 10 932 1092 90
52 368 17 20 2021 2181 90
384 363 212 30 3274 3434 90
81 440 173 10 3282 3442 90
49 452 154 30 332 492 90
729 389 198 20 543 703 90
832 500 162 20 2088 2248 90
455 341 37 20 434 594 90
909 351 31 20 813 973 90
254 329 48 10 1555 1715 90
408 293 81 10 174 334 90
990 440 70 10 2371 2531 90
134 450 153 20 533 693 90
725 490 159 20 1897 2057 90
598 405 5 20 786 946 90
172 228 124 20 141 301 90
147 428 64 20 1201 1361 90
