c2_10_3

VEHICLE
NUMBER  CAPACITY
250   700

CUSTOMER
CUST NO. XCOORD. YCOORD. DEMAND READY TIME DUE DATE SERVICE TIME

0  250  250   0   0  3914   0
499 347 40 30 0 3593 90
213 394 205 10 0 3674 90
173 402 230 10 0 3671 90
490 367 59 10 0 3601 90
869 245 96 20 0 3670 90
75 396 234 20 0 3678 90
516 426 80 20 0 3580 90
912 397 27 20 0 3557 90
64 382 197 20 0 3682 90
896 315 57 20 0 3621 90
223 394 10 40 0 3545 90
389 346 211 10 0 3721 90
814 213 76 20 0 3647 90
785 438 60 30 0 3557 90
404 389 33 20 0 3567 90
34 456 154 10 0 3597 90
899 308 82 30 0 3647 90
302 363 62 20 0 3605 90
58 259 76 10 0 3650 90
843 253 81 10 0 3655 90
381 391 23 10 0 3557 90
704 319 77 30 0 3638 90
688 216 96 10 0 3667 90
211 337 63 30 0 3618 90
663 232 87 30 0 3661 90
727 396 4 10 0 3538 90
488 235 81 20 0 3655 90
131 450 72 10 0 3557 90
988 426 85 10 0 3583 90
918 347 23 30 0 3578 90
192 483 170 30 0 3578 90
864 385 28 10 0 3565 90
898 323 60 10 0 3621 90
66 453 164 10 0 3604 90
179 460 183 10 0 3604 90
437 259 90 30 0 3664 90
11 365 18 20 0 3566 90
438 265 77 20 0 3651 90
752 245 109 20 0 3683 90
247 216 93 10 0 3664 90
803 230 105 10 0 3678 90
423 366 196 10 0 3697 90
681 437 61 20 0 3559 90
984 224 96 40 0 3668 90
756 380 228 30 0 3693 90
570 389 221 10 0 3683 90
646 389 233 20 0 3684 90
617 312 74 20 0 3638 90
30 467 157 20 0 3588 90
779 316 80 30 0 3642 90
871 448 94 20 0 3572 90
164 352 38 10 0 3589 90
986 489 150 50 0 3565 90
8 216 117 10 0 3687 90
654 373 205 40 0 3694 90
774 441 63 20 0 3557 90
410 465 176 20 0 3597 90
204 238 57 30 0 3631 90
732 256 117 20 0 3691 90
932 294 64 10 0 3633 90
957 425 99 20 0 3593 90
70 353 32 10 0 3583 90
5 435 77 20 0 3571 90
815 417 56 20 0 3569 90
922 293 67 20 0 3637 90
32 436 54 20 0 3554 90
143 301 67 40 0 3635 90
72 414 62 10 0 3575 90
555 210 98 10 0 3667 90
171 470 152 30 0 3584 90
726 420 78 20 0 3583 90
510 390 17 30 0 3553 90
219 261 84 10 0 3658 90
791 475 156 40 0 3581 90
48 457 160 10 0 3599 90
201 351 33 20 0 3585 90
999 208 101 10 0 3670 90
699 447 102 10 0 3578 90
450 425 85 10 0 3584 90
846 311 47 10 0 3613 90
471 446 139 20 0 3599 90
738 317 62 20 0 3625 90
435 335 64 10 0 3620 90
575 263 91 20 0 3665 90
268 236 95 30 0 3669 90
155 441 157 10 0 3612 90
319 378 46 30 0 3584 90
953 429 80 20 0 3578 90
368 328 216 10 0 3739 90
518 408 20 30 0 3545 90
592 430 86 20 0 3581 90
700 366 16 20 0 3563 90
240 241 98 20 0 3672 90
327 231 97 20 0 3670 90
465 345 15 20 0 3571 90
831 215 91 30 0 3662 90
1000 342 52 10 0 3606 90
588 432 105 10 0 3592 90
824 475 145 30 0 3576 90
485 471 154 20 0 3584 90
454 310 81 30 0 3645 90
165 395 1 30 0 3536 90
1 212 101 30 0 3671 90
641 212 96 10 0 3666 90
416 362 17 10 0 3566 90
876 341 26 10 0 3583 90
534 351 75 10 0 3622 90
661 440 81 20 0 3570 90
415 259 88 20 0 3662 90
13 448 103 30 0 3578 90
924 238 83 20 0 3657 90
265 212 71 20 0 3642 90
295 335 52 20 0 3609 90
451 336 7 10 0 3567 90
349 384 235 20 0 3690 90
487 388 220 20 0 3683 90
771 247 82 30 0 3656 90
796 446 169 10 0 3612 90
203 261 96 40 0 3670 90
124 343 27 20 0 3583 90
545 226 120 30 0 3692 90
946 368 219 20 0 3702 90
496 374 17 10 0 3561 90
244 373 22 10 0 3565 90
