r1_10_4

VEHICLE
NUMBER  CAPACITY
250   200

CUSTOMER
CUST NO. XCOORD. YCOORD. DEMAND READY TIME DUE DATE SERVICE TIME

0  250  250   0   0  1925   0
393 49 118 3 0 1675 10
503 67 24 10 0 1625 10
855 79 80 19 0 1674 10
666 80 117 24 0 1700 10
786 3 23 11 0 1580 10
896 41 120 22 0 1669 10
30 25 53 23 0 1616 10
441 64 5 14 0 1608 10
158 65 62 15 0 1652 10
356 26 67 15 0 1626 10
410 16 68 11 0 1619 10
316 57 43 15 0 1632 10
603 56 75 24 0 1654 10
529 30 97 23 0 1648 10
307 65 82 13 0 1666 10
999 19 38 15 0 1602 10
604 66 31 25 0 1629 10
715 62 94 16 0 1671 10
556 66 88 2 0 1670 10
701 15 11 15 0 1580 10
364 6 53 8 0 1602 10
27 58 39 12 0 1630 10
534 18 24 32 0 1592 10
252 38 15 3 0 1599 10
31 52 18 28 0 1610 10
