rc1_10_10

VEHICLE
NUMBER   CAPACITY
250     200

CUSTOMER
CUST NO. XCOORD.  YCOORD.  DEMAND  READY TIME DUE DATE  SERVICE TIME

0   250    250     0     0    1821     0
292 154 374 36 877 1027 10
785 162 388 11 1066 1216 10
283 111 392 18 1109 1259 10
509 146 313 22 1135 1285 10
246 175 352 12 1535 1685 10
258 149 341 6 344 494 10
770 84 377 10 866 1016 10
340 58 391 16 822 972 10
251 118 314 26 278 428 10
359 59 388 20 603 753 10
387 142 360 20 1472 1622 10
308 135 400 20 239 389 10
147 93 413 17 226 376 10
144 142 372 18 162 312 10
551 107 374 8 854 1004 10
642 95 382 19 203 353 10
583 104 349 20 949 1099 10
255 115 395 11 755 905 10
383 146 376 8 174 324 10
626 170 347 15 376 526 10
791 96 346 26 181 331 10
984 154 392 9 171 321 10
