rc1_10_10

VEHICLE
NUMBER   CAPACITY
250     200

CUSTOMER
CUST NO. XCOORD.  YCOORD.  DEMAND  READY TIME DUE DATE  SERVICE TIME

0   250    250     0     0    1821     0
879 53 204 8 995 1145 10
919 61 214 4 282 432 10
80 34 169 11 424 574 10
832 46 163 8 866 1016 10
995 18 225 8 631 781 10
47 41 232 16 209 359 10
305 111 178 18 156 306 10
313 30 155 9 1220 1370 10
28 80 117 24 764 914 10
43 111 192 11 1139 1289 10
510 21 146 21 427 577 10
462 43 135 31 236 386 10
970 13 214 21 1294 1444 10
254 75 118 21 349 499 10
425 103 177 28 566 716 10
748 44 115 24 246 396 10
536 105 181 19 1471 1621 10
772 89 185 16 540 690 10
614 39 162 18 505 655 10
177 7 194 29 891 1041 10
786 47 208 30 207 357 10
127 0 188 26 872 1022 10
566 68 160 21 1076 1226 10
50 86 199 23 218 368 10
694 31 175 24 231 381 10
688 57 183 15 1040 1190 10
