rc1_10_10

VEHICLE
NUMBER   CAPACITY
250     200

CUSTOMER
CUST NO. XCOORD.  YCOORD.  DEMAND  READY TIME DUE DATE  SERVICE TIME

0   250    250     0     0    1821     0
444 480 152 26 962 1112 10
756 484 171 10 246 396 10
493 447 184 27 364 514 10
604 441 177 23 941 1091 10
875 477 179 20 237 387 10
299 500 228 8 722 872 10
672 435 180 37 197 347 10
447 458 213 22 1068 1218 10
648 498 171 12 1196 1346 10
592 452 206 31 432 582 10
91 432 199 7 579 729 10
170 488 173 20 250 400 10
351 476 174 30 264 414 10
591 484 177 20 245 395 10
247 455 168 21 807 957 10
390 452 172 9 548 698 10
191 429 169 8 843 993 10
599 479 169 20 249 399 10
249 439 156 2 466 616 10
890 461 182 13 569 719 10
245 484 174 10 246 396 10
956 428 202 24 844 994 10
888 479 176 20 240 390 10
226 482 184 14 1047 1197 10
611 466 149 16 1126 1276 10
486 495 227 20 284 434 10
