rc2_10_9

VEHICLE
NUMBER   CAPACITY
250     1000

CUSTOMER
CUST NO. XCOORD.  YCOORD.  DEMAND  READY TIME DUE DATE  SERVICE TIME

0   250    250     0     0    7284     0
356 128 113 22 1271 1751 10
759 140 108 29 4105 4585 10
388 177 156 25 489 969 10
270 178 135 21 5875 6355 10
34 188 119 44 3719 4199 10
663 178 72 23 2847 3327 10
730 195 111 15 3812 4292 10
166 186 135 24 2691 3171 10
723 200 78 31 3791 4271 10
109 151 81 28 6052 6532 10
799 146 188 6 4760 5240 10
450 179 75 13 2780 3260 10
27 130 140 17 596 1076 10
190 187 73 18 988 1468 10
904 143 158 12 370 850 10
158 188 151 7 5007 5487 10
423 149 98 4 4480 4960 10
789 140 137 32 2099 2579 10
