rc2_10_9

VEHICLE
NUMBER   CAPACITY
250     1000

CUSTOMER
CUST NO. XCOORD.  YCOORD.  DEMAND  READY TIME DUE DATE  SERVICE TIME

0   250    250     0     0    7284     0
216 402 284 30 478 958 10
755 399 301 30 597 1077 10
542 321 277 10 75 555 10
989 343 276 15 146 626 10
398 348 348 23 3559 4039 10
960 393 301 30 533 1013 10
537 398 325 30 753 1233 10
416 390 294 20 769 1249 10
792 321 280 30 116 596 10
237 331 356 13 2667 3147 10
24 371 332 14 1938 2418 10
178 322 290 23 5736 6216 10
771 320 280 10 160 640 10
556 359 287 24 220 700 10
863 381 328 12 2689 3169 10
210 391 293 20 723 1203 10
518 388 334 20 452 932 10
931 398 329 17 431 911 10
67 299 285 3 4835 5315 10
934 408 318 15 2392 2872 10
481 385 295 20 329 809 10
544 406 285 20 535 1015 10
722 371 315 18 4483 4963 10
631 394 322 12 3919 4399 10
338 360 294 9 5491 5971 10
402 316 286 30 367 847 10
66 400 288 30 379 859 10
146 395 332 10 642 1122 10
201 390 325 30 825 1305 10
472 395 295 20 665 1145 10
63 388 331 20 400 880 10
973 388 325 10 873 1353 10
826 366 334 5 1461 1941 10
691 402 281 20 820 1300 10
87 316 284 20 319 799 10
393 320 283 30 262 742 10
494 366 288 29 2555 3035 10
894 389 300 10 435 915 10
181 385 285 13 3292 3772 10
202 346 354 8 3090 3570 10
284 330 281 14 5142 5622 10
430 374 306 4 3796 4276 10
352 400 286 10 427 907 10
603 401 281 20 864 1344 10
644 365 274 14 230 710 10
738 360 284 19 2486 2966 10
758 380 350 15 3286 3766 10
532 390 301 10 481 961 10
11 313 282 20 474 954 10
315 394 333 20 597 1077 10
296 297 283 28 5218 5698 10
545 391 334 20 544 1024 10
114 356 256 19 185 665 10
389 315 287 30 412 892 10
655 333 293 27 2288 2768 10
222 370 262 15 4218 4698 10
224 330 308 24 4502 4982 10
685 389 334 20 496 976 10
105 395 331 20 686 1166 10
909 387 297 10 381 861 10
265 330 371 1 2054 2534 10
983 318 280 20 208 688 10
597 368 311 14 3524 4004 10
992 340 291 22 1702 2182 10
