rc1_10_5

VEHICLE
NUMBER   CAPACITY
250     200

CUSTOMER
CUST NO. XCOORD.  YCOORD.  DEMAND  READY TIME DUE DATE  SERVICE TIME

0   250    250     0     0    1821     0
156 79 80 19 1383 1412 10
356 128 113 22 338 417 10
816 24 65 10 350 411 10
800 93 96 20 232 248 10
294 94 40 24 1045 1121 10
759 140 108 29 1049 1123 10
559 21 70 15 750 822 10
339 58 39 12 1136 1219 10
31 136 52 10 302 313 10
632 125 61 26 612 641 10
832 46 163 8 909 973 10
151 87 3 13 1441 1456 10
418 24 68 20 392 466 10
394 64 5 14 1120 1167 10
34 188 119 44 955 1024 10
663 178 72 23 737 806 10
313 30 155 9 1280 1310 10
457 120 17 30 277 312 10
687 18 24 32 598 688 10
306 91 101 10 259 367 10
422 18 63 10 324 385 10
174 71 12 2 297 353 10
28 80 117 24 808 871 10
543 168 59 6 368 394 10
574 57 43 15 978 1099 10
488 30 72 10 418 476 10
312 94 97 20 224 234 10
212 132 30 20 323 359 10
333 142 14 18 806 894 10
510 21 146 21 470 534 10
743 125 32 30 251 345 10
851 15 69 10 296 358 10
898 109 56 27 239 283 10
895 92 76 4 1133 1175 10
964 100 66 15 1380 1449 10
921 56 75 24 1414 1491 10
700 165 59 27 919 997 10
372 89 65 16 705 766 10
462 43 135 31 236 338 10
640 20 73 10 290 342 10
914 23 67 30 352 457 10
942 52 18 28 833 910 10
343 21 64 20 331 403 10
254 75 118 21 419 430 10
621 129 27 10 302 323 10
555 102 6 3 1441 1505 10
947 124 56 20 231 279 10
717 6 53 8 575 629 10
109 151 81 28 1559 1587 10
748 44 115 24 246 300 10
411 120 37 28 768 813 10
479 133 53 20 258 330 10
935 66 31 25 1021 1106 10
137 97 93 20 237 274 10
788 87 96 30 284 310 10
525 88 95 20 275 296 10
99 38 15 3 1048 1165 10
885 130 57 40 227 290 10
506 60 5 18 1032 1085 10
73 26 67 15 1294 1369 10
79 60 29 32 1351 1404 10
145 66 88 2 832 858 10
653 132 55 10 248 317 10
916 126 30 10 265 309 10
572 21 68 20 364 468 10
125 150 68 23 409 466 10
596 95 92 20 229 306 10
373 144 35 26 239 370 10
266 25 65 10 365 417 10
438 1 101 8 1249 1295 10
450 179 75 13 729 781 10
614 39 162 18 533 628 10
92 92 18 8 1101 1177 10
27 130 140 17 189 230 10
190 187 73 18 268 346 10
44 131 56 10 252 289 10
563 125 29 30 274 323 10
241 65 62 15 961 1021 10
827 125 39 20 245 267 10
530 122 35 10 250 326 10
733 132 57 20 226 309 10
204 17 65 20 339 344 10
310 133 26 10 322 331 10
566 68 160 21 1125 1177 10
187 157 38 3 1043 1083 10
526 95 64 4 758 804 10
415 132 32 18 773 826 10
943 16 68 20 296 391 10
904 143 158 12 141 201 10
342 96 97 20 217 269 10
410 30 7 23 1152 1256 10
423 149 98 4 1152 1208 10
789 140 137 32 548 621 10
881 15 68 10 297 347 10
