c1_10_1

VEHICLE
NUMBER  CAPACITY
250   200

CUSTOMER
CUST NO. XCOORD. YCOORD. DEMAND READY TIME DUE DATE SERVICE TIME

0  250  250   0   0  1824   0
949 232 47 10 262 327 90
767 231 43 10 447 513 90
369 287 43 10 555 609 90
38 273 55 20 196 246 90
214 232 42 10 545 599 90
618 275 42 30 537 608 90
262 274 48 10 368 405 90
212 278 46 20 205 269 90
648 230 49 20 201 253 90
859 279 42 40 262 338 90
421 285 44 10 459 522 90
633 277 50 10 257 329 90
324 283 47 10 373 420 90
63 275 45 20 444 515 90
197 233 47 20 356 415 90
