rc1_10_9

VEHICLE
NUMBER  CAPACITY
250   200

CUSTOMER
CUST NO. XCOORD. YCOORD. DEMAND READY TIME DUE DATE SERVICE TIME

0  250  250   0   0  1821   0
922 210 276 5 47 167 10
244 211 248 26 39 159 10
698 179 286 8 296 416 10
464 199 268 20 54 174 10
838 204 269 30 49 169 10
976 198 271 20 56 176 10
374 200 265 10 107 227 10
451 228 287 21 43 163 10
126 201 270 10 52 172 10
547 201 278 13 56 176 10
161 192 265 10 79 199 10
484 195 273 22 59 179 10
173 180 283 23 699 819 10
437 221 291 9 50 170 10
65 200 261 10 121 241 10
967 197 270 30 56 176 10
868 198 264 20 95 215 10
610 206 261 10 137 257 10
349 200 270 20 53 173 10
407 214 245 8 36 156 10
647 197 267 10 64 184 10
