rc1_10_9

VEHICLE
NUMBER  CAPACITY
250   200

CUSTOMER
CUST NO. XCOORD. YCOORD. DEMAND READY TIME DUE DATE SERVICE TIME

0  250  250   0   0  1821   0
477 265 240 9 18 138 10
647 197 267 10 64 184 10
244 211 248 26 39 159 10
93 273 300 30 55 175 10
760 228 199 10 89 209 10
5 230 197 40 77 197 10
101 237 254 20 38 158 10
124 210 185 20 76 196 10
234 219 215 32 46 166 10
838 204 269 30 49 169 10
607 231 204 20 105 225 10
991 236 247 20 14 134 10
407 214 245 8 36 156 10
500 204 185 20 118 238 10
659 244 254 20 55 175 10
484 195 273 22 59 179 10
248 224 191 20 64 184 10
464 199 268 20 54 174 10
808 202 186 20 106 226 10
126 201 270 10 52 172 10
314 208 184 20 78 198 10
344 238 210 30 89 209 10
538 166 247 1 84 204 10
706 224 192 10 63 183 10
272 236 213 20 39 159 10
374 200 265 10 107 227 10
955 153 235 10 98 218 10
230 244 250 10 6 126 10
605 231 203 20 50 170 10
959 206 186 10 143 263 10
388 177 156 25 122 242 10
161 192 265 10 79 199 10
261 238 203 10 49 169 10
779 243 248 30 7 127 10
660 233 207 10 46 166 10
695 234 202 10 50 170 10
610 206 261 10 137 257 10
59 246 255 10 68 188 10
451 228 287 21 43 163 10
476 176 199 28 89 209 10
386 233 204 20 49 169 10
871 240 250 10 10 130 10
501 226 191 20 63 183 10
929 247 219 17 31 151 10
149 249 258 30 82 202 10
228 226 316 21 70 190 10
967 197 270 30 56 176 10
859 237 213 10 102 222 10
346 200 178 20 87 207 10
961 204 187 30 130 250 10
6 175 239 23 75 195 10
206 224 203 20 53 173 10
176 248 251 20 2 122 10
864 213 185 21 74 194 10
868 198 264 20 95 215 10
793 245 251 10 5 125 10
976 198 271 20 56 176 10
437 221 291 9 50 170 10
922 210 276 5 47 167 10
453 238 204 20 60 180 10
754 201 188 10 94 214 10
686 241 205 30 73 193 10
944 195 185 20 85 205 10
904 143 158 12 141 261 10
547 201 278 13 56 176 10
584 173 182 25 102 222 10
727 293 228 19 48 168 10
349 200 270 20 53 173 10
65 200 261 10 121 241 10
753 199 187 20 82 202 10
275 306 235 25 57 177 10
293 225 196 10 59 179 10
252 234 246 10 20 140 10
763 231 195 20 64 184 10
508 134 211 35 122 242 10
