c1_10_1

VEHICLE
NUMBER  CAPACITY
250   200

CUSTOMER
CUST NO. XCOORD. YCOORD. DEMAND READY TIME DUE DATE SERVICE TIME

0  250  250   0   0  1824   0
951 341 257 20 424 490 90
534 446 319 30 364 416 90
420 338 260 20 622 678 90
798 423 286 20 430 477 90
849 388 418 10 217 283 90
267 421 415 30 297 364 90
268 319 468 10 289 353 90
495 344 262 20 522 585 90
694 342 254 10 244 301 90
199 320 262 10 585 656 90
337 318 280 20 319 384 90
585 339 244 30 251 299 90
213 272 403 30 494 555 90
51 424 286 10 517 571 90
969 277 403 10 395 464 90
836 335 255 20 85 124 90
457 395 332 10 593 648 90
584 471 484 10 571 618 90
68 480 460 20 549 627 90
962 405 450 20 311 376 90
346 390 408 30 450 520 90
599 400 288 30 154 232 90
776 403 262 30 493 547 90
72 321 280 30 143 194 90
515 399 301 30 584 634 90
69 337 256 20 154 201 90
924 311 266 10 63 126 90
702 319 260 20 489 566 90
255 461 284 10 275 340 90
155 312 264 20 131 179 90
458 423 290 10 329 389 90
443 391 407 10 549 605 90
613 320 283 30 421 471 90
104 422 420 20 490 545 90
251 269 402 20 587 648 90
573 320 280 10 221 298 90
440 408 453 10 575 661 90
188 380 498 10 523 582 90
476 390 423 10 290 336 90
152 444 242 10 441 501 90
339 394 333 20 492 567 90
28 374 489 20 269 339 90
976 421 292 20 245 287 90
772 249 407 10 403 455 90
940 439 312 30 257 324 90
365 337 241 20 334 403 90
738 444 313 20 462 511 90
527 382 498 10 619 669 90
997 332 249 30 82 144 90
487 460 288 10 213 265 90
861 391 334 20 402 470 90
254 445 237 10 349 402 90
336 436 237 20 186 264 90
224 315 260 10 223 278 90
959 462 367 20 481 545 90
115 404 447 20 250 280 90
996 330 242 30 627 671 90
605 389 404 10 267 331 90
228 402 265 20 306 365 90
506 250 411 30 492 554 90
231 385 295 20 142 182 90
638 321 277 10 75 140 90
649 407 280 10 595 653 90
640 389 334 20 316 373 90
783 388 334 20 227 280 90
621 272 402 10 317 353 90
590 316 258 20 317 368 90
591 425 288 10 603 669 90
45 478 461 10 462 529 90
572 465 287 10 556 617 90
6 322 465 10 226 291 90
655 415 289 20 169 228 90
162 406 257 10 596 637 90
914 270 400 10 151 213 90
523 444 269 20 544 593 90
837 419 418 10 394 454 90
960 455 365 20 235 306 90
611 439 310 10 198 256 90
112 443 246 20 536 593 90
70 389 300 10 293 364 90
574 322 468 20 575 625 90
482 468 475 10 313 373 90
99 406 285 20 412 456 90
496 390 301 10 391 450 90
620 460 367 20 392 450 90
312 317 261 20 398 473 90
841 461 369 10 579 633 90
743 408 452 10 490 564 90
166 393 301 30 482 545 90
578 388 408 10 361 425 90
788 389 428 20 380 435 90
854 388 331 20 160 230 90
623 400 260 40 150 212 90
521 334 240 30 526 582 90
287 250 405 20 303 370 90
132 419 422 20 575 647 90
451 386 405 20 206 266 90
755 400 286 10 217 276 90
980 319 470 10 383 442 90
625 470 475 30 381 429 90
250 439 266 10 267 293 90
899 467 285 20 380 428 90
10 410 285 20 499 556 90
210 323 471 30 469 546 90
508 443 237 20 248 318 90
238 246 398 40 148 199 90
734 402 264 20 216 273 90
947 316 284 20 510 570 90
796 343 254 20 334 394 90
1 387 297 10 200 270 90
157 442 247 10 623 689 90
289 466 287 10 467 525 90
107 404 264 20 395 462 90
829 450 265 10 444 498 90
435 436 264 20 186 248 90
775 376 494 30 334 396 90
588 316 286 30 601 662 90
120 335 243 20 428 495 90
810 459 368 10 299 361 90
362 270 401 20 217 268 90
363 474 461 30 307 379 90
785 422 409 10 234 290 90
597 248 404 30 214 274 90
973 378 493 30 426 487 90
704 402 284 30 313 367 90
494 398 428 10 561 634 90
797 478 464 10 360 446 90
486 406 450 20 405 464 90
87 337 251 10 145 210 90
528 391 429 20 475 525 90
807 443 313 30 554 602 90
990 472 481 20 477 527 90
629 441 265 40 344 400 90
