r2_10_10

VEHICLE
NUMBER  CAPACITY
250   1000

CUSTOMER
CUST NO. XCOORD. YCOORD. DEMAND READY TIME DUE DATE SERVICE TIME

0  250  250   0   0  7697   0
663 125 61 26 2298 2717 10
814 80 117 24 3093 3620 10
909 65 82 13 2847 3190 10
706 95 64 4 2886 3362 10
613 89 65 16 2690 3193 10
842 124 111 15 2999 3436 10
628 68 53 16 2830 3200 10
868 19 38 15 3195 3702 10
737 18 24 32 2330 2816 10
485 52 18 28 3264 3711 10
104 98 2 14 2175 2678 10
579 66 88 2 3159 3598 10
51 6 53 8 2183 2633 10
570 120 37 28 2899 3424 10
182 41 120 22 2615 3073 10
480 132 32 18 2931 3464 10
901 142 14 18 3212 3590 10
701 158 24 18 2236 2773 10
697 9 101 16 2492 2957 10
696 21 70 15 2881 3409 10
591 125 65 17 2989 3438 10
