rc2_10_5

VEHICLE
NUMBER  CAPACITY
250   1000

CUSTOMER
CUST NO. XCOORD. YCOORD. DEMAND READY TIME DUE DATE SERVICE TIME

0  250  250   0   0  7284   0
857 24 259 19 1495 1586 10
160 38 301 20 1055 1429 10
251 118 314 26 1300 1520 10
97 5 297 10 1075 1695 10
258 149 341 6 1469 1883 10
728 0 297 10 1060 1403 10
513 44 311 27 1423 1956 10
535 8 300 10 1382 1585 10
100 2 295 30 1160 1406 10
569 32 319 21 1494 1830 10
139 29 336 22 1237 1535 10
696 52 303 25 1809 1840 10
382 6 296 10 1167 1512 10
19 7 300 30 1340 1539 10
