c2_10_6

VEHICLE
NUMBER  CAPACITY
250   700

CUSTOMER
CUST NO. XCOORD. YCOORD. DEMAND READY TIME DUE DATE SERVICE TIME

0  250  250   0   0  3914   0
796 446 169 10 3054 3475 90
65 491 160 20 1839 2298 90
439 460 173 20 2723 3211 90
954 464 178 10 2477 3065 90
766 463 161 30 2220 2747 90
66 453 164 10 2861 3471 90
48 457 160 10 2855 3286 90
179 460 183 10 2596 3139 90
725 490 159 20 1732 2222 90
192 483 170 30 2073 2481 90
30 467 157 20 2130 2645 90
372 466 169 30 2268 2896 90
410 465 176 20 2333 3024 90
81 440 173 10 3101 3619 90
139 420 168 10 2983 3636 90
832 500 162 20 1905 2431 90
