rc1_10_3

VEHICLE
NUMBER  CAPACITY
250   200

CUSTOMER
CUST NO. XCOORD. YCOORD. DEMAND READY TIME DUE DATE SERVICE TIME

0  250  250   0   0  1821   0
582 412 453 10 297 327 10
83 498 456 27 1406 1436 10
962 468 475 10 313 343 10
848 473 475 10 417 447 10
939 470 473 10 431 461 10
949 477 483 20 366 396 10
651 489 437 29 707 737 10
798 422 409 10 234 264 10
392 493 493 20 856 886 10
194 448 404 15 599 629 10
910 433 447 20 794 824 10
58 450 416 25 577 607 10
290 457 492 7 508 538 10
443 471 484 10 340 370 10
473 413 417 10 356 386 10
499 477 478 20 392 422 10
213 475 480 30 379 409 10
658 469 489 4 555 585 10
598 479 387 13 397 427 10
892 419 418 10 249 279 10
828 419 422 20 276 306 10
