c1_10_4

VEHICLE
NUMBER  CAPACITY
250   200

CUSTOMER
CUST NO. XCOORD. YCOORD. DEMAND READY TIME DUE DATE SERVICE TIME

0  250  250   0   0  1824   0
815 211 386 20 141 212 90
408 16 462 10 935 986 90
260 243 399 10 782 837 90
142 95 384 30 719 785 90
185 64 426 10 1162 1223 90
535 175 487 20 248 308 90
403 13 455 10 381 430 90
17 77 347 20 436 505 90
882 51 447 10 438 501 90
178 60 454 10 892 952 90
516 97 387 10 823 869 90
425 184 464 10 285 344 90
489 21 487 10 582 629 90
669 20 489 10 856 901 90
393 69 336 20 440 507 90
385 145 434 20 462 514 90
505 94 383 10 636 687 90
919 77 350 10 997 1058 90
226 173 490 20 406 462 90
972 111 467 20 597 647 90
44 77 344 10 254 319 90
81 141 431 30 362 423 90
91 55 428 20 511 568 90
772 249 407 10 403 455 90
967 67 334 20 532 600 90
285 73 328 20 193 270 90
713 60 428 20 1059 1137 90
16 20 488 10 754 820 90
391 220 392 20 970 1015 90
380 80 342 10 193 275 90
812 16 460 20 1112 1180 90
332 181 469 20 468 536 90
845 17 458 10 1297 1360 90
287 250 405 20 303 370 90
626 245 408 10 585 652 90
851 179 492 10 678 752 90
471 241 403 10 686 744 90
