r2_10_8

VEHICLE
NUMBER  CAPACITY
250   1000

CUSTOMER
CUST NO. XCOORD. YCOORD. DEMAND READY TIME DUE DATE SERVICE TIME

0  250  250   0   0  7697   0
145 293 174 31 0 7600 10
942 347 184 15 0 7570 10
632 351 148 30 0 7544 10
603 303 186 10 0 7604 10
3 290 145 5 0 7575 10
528 339 113 14 0 7524 10
365 354 156 20 0 7547 10
690 351 128 15 0 7529 10
152 380 194 3 0 7546 10
685 355 174 33 0 7558 10
467 325 147 14 0 7560 10
675 339 144 13 0 7549 10
965 318 99 35 0 7522 10
793 344 203 14 0 7582 10
598 324 99 10 0 7519 10
216 292 136 28 0 7566 10
828 292 104 26 0 7536 10
167 343 205 26 0 7584 10
361 330 138 18 0 7550 10
830 321 149 18 0 7564 10
370 335 99 25 0 7514 10
568 365 190 22 0 7558 10
797 371 163 21 0 7538 10
31 361 178 5 0 7555 10
