r2_10_5

VEHICLE
NUMBER  CAPACITY
250   1000

CUSTOMER
CUST NO. XCOORD. YCOORD. DEMAND READY TIME DUE DATE SERVICE TIME

0  250  250   0   0  7697   0
914 77 465 11 984 1224 10
549 79 467 22 1346 1586 10
54 67 352 20 1433 1673 10
633 80 458 30 1422 1662 10
889 50 383 20 980 1220 10
456 77 372 19 727 967 10
280 12 367 27 1243 1483 10
124 146 376 8 877 1117 10
686 46 389 22 967 1207 10
941 63 420 19 2018 2258 10
393 137 377 23 560 800 10
924 53 466 9 1280 1520 10
771 105 474 27 1823 2063 10
194 61 441 27 2115 2355 10
208 80 357 1 2062 2302 10
561 62 375 16 1335 1575 10
377 102 422 23 845 1085 10
337 96 346 26 681 921 10
892 5 445 30 1184 1424 10
150 135 400 20 1134 1374 10
879 13 394 15 1430 1670 10
815 11 403 18 1312 1552 10
405 95 382 19 865 1105 10
833 112 433 29 880 1120 10
678 142 372 18 532 772 10
111 93 413 17 785 1025 10
231 124 448 6 1414 1654 10
731 90 477 18 991 1231 10
264 93 490 2 1457 1697 10
530 126 391 19 1031 1271 10
255 65 343 38 769 1009 10
1000 26 342 12 1224 1464 10
635 10 407 36 1678 1918 10
327 29 336 22 1266 1506 10
209 67 378 26 1822 2062 10
788 49 437 7 1650 1890 10
599 72 477 46 1034 1274 10
458 44 496 32 1547 1787 10
