r2_10_5

VEHICLE
NUMBER  CAPACITY
250   1000

CUSTOMER
CUST NO. XCOORD. YCOORD. DEMAND READY TIME DUE DATE SERVICE TIME

0  250  250   0   0  7697   0
501 138 406 8 4804 5044 10
21 0 356 13 4285 4525 10
822 84 453 19 4832 5072 10
618 114 460 14 4284 4524 10
768 67 451 5 4802 5042 10
919 80 337 28 4417 4657 10
764 51 360 13 4518 4758 10
762 103 464 22 5032 5272 10
514 48 412 7 4068 4308 10
212 44 344 12 4258 4498 10
196 111 392 18 4616 4856 10
401 104 349 20 3977 4217 10
566 89 358 23 4929 5169 10
125 12 358 7 4837 5077 10
186 89 322 21 4023 4263 10
916 27 444 22 4261 4501 10
933 34 329 2 4112 4352 10
655 69 414 6 4993 5233 10
