rc1_10_9

VEHICLE
NUMBER  CAPACITY
250   200

CUSTOMER
CUST NO. XCOORD. YCOORD. DEMAND READY TIME DUE DATE SERVICE TIME

0  250  250   0   0  1821   0
677 385 239 21 741 861 10
379 399 175 13 702 822 10
951 389 156 27 671 791 10
412 397 153 29 837 957 10
820 404 140 8 1214 1334 10
790 314 205 22 1482 1602 10
478 365 190 22 1432 1552 10
192 350 199 21 1156 1276 10
531 308 199 14 1463 1583 10
877 405 187 34 1206 1326 10
669 320 211 16 948 1068 10
595 347 192 18 1443 1563 10
85 355 174 33 670 790 10
529 384 149 18 1152 1272 10
159 386 154 31 1056 1176 10
