rc2_10_1

VEHICLE
NUMBER   CAPACITY
250     1000

CUSTOMER
CUST NO. XCOORD.  YCOORD.  DEMAND  READY TIME DUE DATE  SERVICE TIME

0   250    250     0     0    7284     0
444 480 152 26 4086 4206 10
756 484 171 10 1173 1293 10
493 447 184 27 1698 1818 10
716 479 127 20 1079 1199 10
529 384 149 18 4789 4909 10
604 441 177 23 4005 4125 10
345 479 121 10 1231 1351 10
665 478 118 20 1417 1537 10
471 423 221 9 1033 1153 10
35 467 114 10 1504 1624 10
360 376 190 30 621 741 10
889 420 224 10 1716 1836 10
875 477 179 20 891 1011 10
891 418 218 20 1068 1188 10
602 376 195 10 724 844 10
361 481 122 30 1182 1302 10
299 500 228 8 3127 3247 10
159 386 154 31 4404 4524 10
52 375 191 30 667 787 10
672 435 180 37 898 1018 10
588 359 182 20 837 957 10
117 474 96 30 1027 1147 10
447 458 213 22 4513 4633 10
958 421 218 10 1016 1136 10
978 437 98 16 4455 4575 10
300 412 214 10 604 724 10
331 480 119 7 2514 2634 10
412 397 153 29 3530 3650 10
813 478 99 10 1245 1365 10
951 389 156 27 2862 2982 10
648 498 171 12 5026 5146 10
162 371 192 30 519 639 10
592 452 206 31 1969 2089 10
323 418 221 10 1165 1285 10
219 477 120 10 1368 1488 10
780 488 96 22 4265 4385 10
89 415 223 20 1219 1339 10
576 481 96 20 1188 1308 10
806 379 196 20 776 896 10
877 405 187 34 5002 5122 10
768 420 213 10 814 934 10
91 432 199 7 2554 2674 10
865 482 141 14 4043 4163 10
170 488 173 20 1115 1235 10
143 371 193 20 475 595 10
399 485 104 21 3178 3298 10
350 357 181 20 598 718 10
749 438 127 2 3764 3884 10
446 476 94 20 1079 1199 10
561 482 104 19 3230 3350 10
778 409 155 19 681 801 10
629 413 217 20 656 776 10
776 470 125 20 952 1072 10
351 476 174 30 1297 1417 10
591 484 177 20 1006 1126 10
637 478 121 40 1275 1395 10
963 477 122 10 1320 1440 10
247 455 168 21 3467 3587 10
85 355 174 33 2861 2981 10
405 364 173 30 721 841 10
74 358 183 20 935 1055 10
985 493 111 26 2164 2284 10
390 452 172 9 2433 2553 10
820 404 140 8 5035 5155 10
514 361 181 20 788 908 10
938 471 94 30 3995 4115 10
731 417 218 10 1112 1232 10
191 429 169 8 3611 3731 10
285 344 203 14 669 789 10
675 478 102 10 1297 1417 10
379 399 175 13 2988 3108 10
517 359 179 20 649 769 10
478 365 190 22 5910 6030 10
233 423 214 20 867 987 10
896 476 102 20 1345 1465 10
599 479 169 20 1234 1354 10
298 417 217 30 754 874 10
519 401 164 13 2485 2605 10
38 391 202 14 536 656 10
927 352 176 20 444 564 10
954 371 200 10 897 1017 10
784 480 136 22 967 1087 10
552 477 97 10 1131 1251 10
192 350 199 21 4806 4926 10
150 472 129 10 1010 1130 10
249 439 156 2 2103 2223 10
33 390 120 24 4017 4137 10
890 461 182 13 2516 2636 10
883 360 184 10 886 1006 10
245 484 174 10 1058 1178 10
956 428 202 24 3615 3735 10
594 452 110 14 1361 1481 10
135 374 190 20 573 693 10
273 355 177 20 497 617 10
888 479 176 20 946 1066 10
977 480 131 5 2750 2870 10
595 347 192 18 5953 6073 10
68 378 199 10 829 949 10
426 367 178 20 721 841 10
226 482 184 14 4427 4547 10
571 481 84 17 2022 2142 10
611 466 149 16 4744 4864 10
950 481 124 10 1134 1254 10
874 423 217 20 967 1087 10
725 415 216 10 705 825 10
486 495 227 20 1376 1496 10
522 425 215 10 916 1036 10
316 355 180 30 549 669 10
