r2_10_3

VEHICLE
NUMBER   CAPACITY
250     1000

CUSTOMER
CUST NO. XCOORD.  YCOORD.  DEMAND  READY TIME DUE DATE  SERVICE TIME

0   250    250     0     0    7697     0
467 325 147 14 0 7560 10
913 257 133 19 0 7570 10
216 292 136 28 0 7566 10
348 267 162 6 0 7598 10
828 292 104 26 0 7536 10
589 333 163 32 4973 5068 10
361 330 138 18 0 7550 10
299 269 112 19 0 7548 10
157 327 139 13 5021 5158 10
690 351 128 15 5010 5136 10
830 321 149 18 0 7564 10
67 303 78 12 0 7508 10
32 261 138 1 0 7575 10
29 309 161 23 2287 2499 10
402 267 174 34 6470 6596 10
3 290 145 5 5130 5242 10
692 273 149 14 0 7584 10
427 281 96 1 4532 4594 10
987 253 118 19 2191 2307 10
145 293 174 31 279 420 10
949 331 134 11 4479 4631 10
603 303 186 10 0 7604 10
475 295 89 23 0 7520 10
528 339 113 14 3050 3154 10
598 324 99 10 1368 1455 10
100 264 180 33 0 7616 10
738 263 153 12 0 7590 10
675 339 144 13 0 7549 10
136 330 147 28 3383 3525 10
965 318 99 35 4854 4969 10
127 297 131 25 4640 4803 10
718 271 128 12 0 7564 10
423 268 113 21 2734 2823 10
597 345 146 27 5727 5905 10
605 264 135 1 0 7572 10
