c2_10_4

VEHICLE
NUMBER   CAPACITY
250     700

CUSTOMER
CUST NO. XCOORD.  YCOORD.  DEMAND  READY TIME DUE DATE  SERVICE TIME

0   250    250     0     0    3914     0
587 144 266 30 0 3717 90
196 139 262 30 0 3713 90
161 90 298 10 2104 2264 90
716 106 295 20 0 3674 90
930 124 247 20 0 3698 90
742 138 272 20 1821 1981 90
828 91 303 20 0 3657 90
424 108 245 20 0 3682 90
696 121 249 20 0 3695 90
906 117 319 10 0 3675 90
344 134 265 20 2666 2826 90
122 112 243 20 0 3686 90
306 110 241 20 0 3684 90
923 140 265 40 0 3713 90
544 91 298 10 0 3658 90
289 111 244 10 0 3685 90
101 125 264 20 0 3699 90
60 118 256 10 0 3692 90
859 148 270 10 0 3721 90
806 101 295 30 0 3669 90
880 127 278 10 2106 2266 90
866 132 272 30 0 3704 90
425 129 267 10 2480 2640 90
3 89 284 20 1436 1596 90
399 130 304 10 0 3693 90
14 143 266 10 0 3716 90
476 116 259 20 0 3690 90
994 109 250 10 1540 1700 90
37 90 270 10 565 725 90
925 136 296 30 0 3702 90
243 81 283 10 1624 1784 90
961 102 289 20 1242 1402 90
777 94 247 30 853 1013 90
308 152 260 10 0 3726 90
25 115 269 10 0 3688 90
862 143 257 10 0 3717 90
367 132 314 30 0 3690 90
627 112 251 10 0 3686 90
41 94 275 10 469 629 90
548 138 276 10 1915 2075 90
346 111 279 30 141 301 90
855 101 263 20 0 3675 90
850 103 251 10 0 3677 90
666 106 248 20 0 3680 90
795 133 278 10 0 3704 90
373 141 267 10 0 3714 90
440 83 301 20 0 3650 90
90 131 269 10 0 3704 90
944 96 269 10 0 3669 90
191 139 269 20 0 3712 90
55 80 281 10 0 3652 90
532 129 244 30 2908 3068 90
189 149 273 20 212 372 90
563 104 246 10 0 3678 90
551 103 266 30 0 3677 90
642 119 285 40 0 3689 90
552 98 286 30 0 3668 90
337 95 243 20 0 3669 90
656 90 277 30 662 822 90
50 113 289 10 0 3682 90
694 116 255 20 0 3690 90
116 96 292 10 0 3665 90
705 83 282 10 0 3654 90
102 131 253 10 0 3705 90
290 132 273 10 0 3704 90
839 101 290 20 0 3670 90
612 131 267 10 0 3704 90
817 123 242 20 3190 3350 90
618 99 307 20 0 3663 90
214 95 294 10 0 3663 90
812 105 317 10 0 3665 90
571 129 264 20 0 3703 90
466 125 245 20 3002 3162 90
180 95 279 20 0 3667 90
565 114 296 40 0 3681 90
740 129 255 10 0 3703 90
538 128 249 20 0 3702 90
881 140 252 20 0 3714 90
378 107 311 40 2813 2973 90
316 101 237 20 1831 1991 90
