rc2_10_5

VEHICLE
NUMBER   CAPACITY
250     1000

CUSTOMER
CUST NO. XCOORD.  YCOORD.  DEMAND  READY TIME DUE DATE  SERVICE TIME

0   250    250     0     0    7284     0
156 79 80 19 5530 5647 10
356 128 113 22 1246 1775 10
816 24 65 10 1415 1628 10
800 93 96 20 847 1077 10
294 94 40 24 4262 4402 10
759 140 108 29 4296 4394 10
559 21 70 15 2918 3372 10
339 58 39 12 4640 4783 10
31 136 52 10 1109 1353 10
632 125 61 26 2347 2667 10
832 46 163 8 3724 3804 10
151 87 3 13 5714 5871 10
418 24 68 20 1537 1899 10
394 64 5 14 4350 4801 10
34 188 119 44 3916 4002 10
663 178 72 23 2968 3206 10
313 30 155 9 5008 5355 10
457 120 17 30 1087 1265 10
687 18 24 32 2499 2648 10
306 91 101 10 1112 1394 10
422 18 63 10 1375 1457 10
174 71 12 2 1082 1382 10
28 80 117 24 3274 3439 10
543 168 59 6 1381 1668 10
574 57 43 15 4133 4175 10
488 30 72 10 1684 1889 10
312 94 97 20 821 1012 10
212 132 30 20 1111 1615 10
333 142 14 18 3293 3509 10
510 21 146 21 1947 2067 10
743 125 32 30 908 1287 10
851 15 69 10 1022 1431 10
898 109 56 27 890 1029 10
895 92 76 4 4328 4903 10
964 100 66 15 5437 5881 10
921 56 75 24 5526 6095 10
700 165 59 27 3758 3904 10
372 89 65 16 2798 3084 10
462 43 135 31 717 1178 10
640 20 73 10 1030 1292 10
914 23 67 30 1591 1642 10
942 52 18 28 3370 3605 10
343 21 64 20 1396 1542 10
254 75 118 21 1637 1755 10
621 129 27 10 1124 1377 10
555 102 6 3 5675 6113 10
947 124 56 20 808 1043 10
717 6 53 8 2404 2411 10
109 151 81 28 5996 6588 10
748 44 115 24 698 1272 10
411 120 37 28 3060 3263 10
479 133 53 20 1057 1298 10
935 66 31 25 4039 4469 10
137 97 93 20 946 1097 10
788 87 96 30 1056 1319 10
525 88 95 20 1016 1266 10
99 38 15 3 4342 4507 10
885 130 57 40 955 1024 10
506 60 5 18 4161 4309 10
73 26 67 15 5266 5389 10
79 60 29 32 5365 5657 10
145 66 88 2 3234 3524 10
653 132 55 10 1005 1253 10
916 126 30 10 1029 1265 10
572 21 68 20 1539 1793 10
125 150 68 23 1614 1888 10
596 95 92 20 1064 1078 10
373 144 35 26 937 980 10
266 25 65 10 1491 1639 10
438 1 101 8 4853 5326 10
450 179 75 13 2859 3181 10
614 39 162 18 2240 2402 10
92 92 18 8 4381 4733 10
27 130 140 17 794 879 10
190 187 73 18 915 1541 10
44 131 56 10 885 1281 10
563 125 29 30 1181 1205 10
241 65 62 15 3741 4190 10
827 125 39 20 792 1170 10
530 122 35 10 991 1090 10
733 132 57 20 934 1142 10
204 17 65 20 1304 1430 10
310 133 26 10 1179 1434 10
566 68 160 21 4528 4679 10
187 157 38 3 4034 4469 10
526 95 64 4 2884 3364 10
415 132 32 18 3085 3311 10
943 16 68 20 1246 1384 10
904 143 158 12 560 660 10
342 96 97 20 750 987 10
410 30 7 23 4625 5004 10
423 149 98 4 4624 4817 10
789 140 137 32 2215 2462 10
881 15 68 10 979 1563 10
