rc2_10_1

VEHICLE
NUMBER   CAPACITY
250     1000

CUSTOMER
CUST NO. XCOORD.  YCOORD.  DEMAND  READY TIME DUE DATE  SERVICE TIME

0   250    250     0     0    7284     0
319 80 251 14 1214 1334 10
193 60 231 32 4104 4224 10
945 92 236 20 1031 1151 10
879 53 204 8 4220 4340 10
930 86 268 10 869 989 10
919 61 214 4 1367 1487 10
80 34 169 11 1938 2058 10
742 93 235 10 985 1105 10
424 91 268 10 978 1098 10
832 46 163 8 3704 3824 10
805 88 287 30 1054 1174 10
988 34 239 16 876 996 10
684 90 232 10 846 966 10
613 90 274 20 717 837 10
995 18 225 8 2765 2885 10
47 41 232 16 821 941 10
497 72 227 25 2255 2375 10
286 91 235 10 1076 1196 10
923 80 286 10 896 1016 10
40 80 290 10 790 910 10
355 95 234 10 653 773 10
45 88 286 10 1010 1130 10
818 133 273 20 417 537 10
970 13 214 21 5414 5534 10
505 71 282 29 2567 2687 10
14 102 264 10 535 655 10
979 131 246 17 3328 3448 10
449 85 288 20 728 848 10
304 100 266 20 586 706 10
18 92 233 10 895 1015 10
367 89 290 20 670 790 10
627 92 230 20 755 875 10
737 95 277 20 1098 1218 10
77 96 270 20 649 769 10
614 39 162 18 2261 2381 10
562 120 261 5 3173 3293 10
177 7 194 29 3805 3925 10
786 47 208 30 906 1026 10
635 89 272 10 766 886 10
900 92 232 10 707 827 10
845 90 296 20 606 726 10
882 56 268 28 4256 4376 10
64 92 259 4 1598 1718 10
887 91 231 30 801 921 10
127 0 188 26 3728 3848 10
414 87 285 30 964 1084 10
823 92 270 20 1027 1147 10
50 86 199 23 1111 1231 10
694 31 175 24 986 1106 10
116 94 235 20 607 727 10
395 95 235 10 563 683 10
203 91 266 10 930 1050 10
817 130 247 17 420 540 10
618 79 291 10 835 955 10
86 97 288 22 5136 5256 10
408 92 234 10 939 1059 10
803 90 285 40 1105 1225 10
134 89 270 10 814 934 10
688 57 183 15 4401 4521 10
