rc2_10_1

VEHICLE
NUMBER   CAPACITY
250     1000

CUSTOMER
CUST NO. XCOORD.  YCOORD.  DEMAND  READY TIME DUE DATE  SERVICE TIME

0   250    250     0     0    7284     0
388 177 156 25 669 789 10
270 178 135 21 6055 6175 10
34 188 119 44 3899 4019 10
305 111 178 18 566 686 10
43 111 192 11 4798 4918 10
730 195 111 15 3992 4112 10
166 186 135 24 2871 2991 10
584 173 182 25 351 471 10
425 103 177 28 2506 2626 10
7 133 202 33 1842 1962 10
476 176 199 28 299 419 10
536 105 181 19 6125 6245 10
955 153 235 10 333 453 10
772 89 185 16 2399 2519 10
508 134 211 35 482 602 10
799 146 188 6 4940 5060 10
27 130 140 17 776 896 10
189 149 214 7 1928 2048 10
566 68 160 21 4543 4663 10
199 148 208 22 2106 2226 10
904 143 158 12 550 670 10
158 188 151 7 5187 5307 10
789 140 137 32 2279 2399 10
