rc2_10_1

VEHICLE
NUMBER   CAPACITY
250     1000

CUSTOMER
CUST NO. XCOORD.  YCOORD.  DEMAND  READY TIME DUE DATE  SERVICE TIME

0   250    250     0     0    7284     0
227 451 305 13 774 894 10
600 497 266 25 2990 3110 10
492 443 272 10 1080 1200 10
299 500 228 8 3127 3247 10
693 441 273 20 1129 1249 10
483 445 273 20 1031 1151 10
301 442 289 25 764 884 10
520 499 316 18 2487 2607 10
36 440 292 24 3760 3880 10
26 441 265 40 789 909 10
777 435 268 10 1247 1367 10
843 487 320 21 3431 3551 10
516 444 271 10 982 1102 10
548 435 267 20 1291 1411 10
495 440 284 25 3407 3527 10
188 439 268 10 1191 1311 10
775 475 267 7 3118 3238 10
764 450 265 10 865 985 10
136 463 253 23 4188 4308 10
133 460 328 13 876 996 10
912 489 338 17 5589 5709 10
491 453 318 30 1495 1615 10
794 436 295 11 2113 2233 10
718 478 300 12 3558 3678 10
918 489 274 31 2135 2255 10
707 444 269 20 934 1054 10
928 490 286 29 2089 2209 10
155 439 266 10 741 861 10
184 492 335 10 3313 3433 10
486 495 227 20 1376 1496 10
375 436 264 20 686 806 10
