c1_10_7

VEHICLE
NUMBER  CAPACITY
250   200

CUSTOMER
CUST NO. XCOORD. YCOORD. DEMAND READY TIME DUE DATE SERVICE TIME

0  250  250   0   0  1824   0
360 37 51 10 571 751 90
509 4 114 10 650 830 90
462 97 93 20 405 585 90
834 15 69 10 297 477 90
74 64 108 10 416 596 90
95 20 73 10 290 470 90
698 95 92 20 498 678 90
47 111 113 10 573 753 90
820 7 123 30 274 454 90
557 15 68 10 388 568 90
222 2 116 20 466 646 90
390 72 148 20 207 387 90
977 74 146 30 204 384 90
247 22 33 10 679 859 90
172 87 96 30 687 867 90
763 37 55 10 665 845 90
616 68 108 10 230 410 90
352 61 147 40 308 488 90
271 17 65 20 572 752 90
257 26 43 10 306 486 90
320 40 52 40 478 658 90
773 107 112 30 667 847 90
114 65 100 10 697 877 90
313 67 108 10 232 412 90
122 113 106 20 198 378 90
209 38 72 30 368 548 90
215 18 63 10 664 844 90
33 39 76 10 274 454 90
406 9 124 20 271 451 90
502 0 120 30 372 552 90
777 41 47 20 292 472 90
381 16 68 20 479 659 90
121 26 42 20 397 577 90
415 96 97 20 217 397 90
705 108 105 20 204 384 90
795 64 101 20 605 785 90
481 67 109 20 323 503 90
627 93 96 20 310 490 90
532 44 79 10 267 447 90
709 43 71 40 463 643 90
678 109 108 10 387 567 90
635 26 36 10 584 764 90
372 48 72 30 650 830 90
966 24 41 10 489 669 90
461 111 110 20 480 660 90
991 46 74 20 557 737 90
559 88 95 20 595 775 90
876 67 105 10 510 690 90
536 26 45 30 303 483 90
316 109 107 20 296 476 90
564 39 50 30 386 566 90
301 44 47 20 289 469 90
927 4 116 10 558 738 90
322 94 97 20 219 399 90
