rc1_10_1

VEHICLE
NUMBER  CAPACITY
250   200

CUSTOMER
CUST NO. XCOORD. YCOORD. DEMAND READY TIME DUE DATE SERVICE TIME

0  250  250   0   0  1821   0
834 284 319 17 817 847 10
761 245 461 8 649 679 10
442 250 441 5 756 786 10
503 185 434 9 574 604 10
76 176 470 14 547 577 10
507 189 402 10 536 566 10
324 274 441 12 695 725 10
347 216 341 19 654 684 10
237 331 356 13 712 742 10
734 210 379 12 709 739 10
265 330 371 1 559 589 10
217 287 397 12 564 594 10
968 311 422 29 988 1018 10
292 154 374 36 937 967 10
475 277 428 7 490 520 10
