rc1_10_1

VEHICLE
NUMBER  CAPACITY
250   200

CUSTOMER
CUST NO. XCOORD. YCOORD. DEMAND READY TIME DUE DATE SERVICE TIME

0  250  250   0   0  1821   0
387 142 360 20 1532 1562 10
168 175 422 24 1446 1476 10
182 179 497 1 1411 1441 10
208 260 472 33 1036 1066 10
218 272 420 7 1386 1416 10
78 243 408 15 1434 1464 10
141 294 421 26 1575 1605 10
106 230 487 20 1130 1160 10
785 162 388 11 1126 1156 10
246 175 352 12 1655 1685 10
622 196 489 23 1030 1060 10
90 230 320 8 1192 1222 10
154 241 402 11 1025 1055 10
13 239 486 3 1482 1512 10
745 224 320 36 1284 1314 10
697 167 445 7 1412 1442 10
257 218 403 15 1319 1349 10
113 195 464 20 1541 1571 10
957 257 391 22 1633 1663 10
