rc2_10_6

VEHICLE
NUMBER   CAPACITY
250     1000

CUSTOMER
CUST NO. XCOORD.  YCOORD.  DEMAND  READY TIME DUE DATE  SERVICE TIME

0   250    250     0     0    7284     0
429 306 42 11 1847 2087 10
22 347 54 10 1120 1360 10
322 364 71 5 5334 5574 10
96 371 71 21 1087 1327 10
175 343 49 10 1000 1240 10
676 335 57 30 724 964 10
751 342 54 20 939 1179 10
721 344 62 10 1326 1566 10
570 344 70 24 4523 4763 10
819 347 62 10 1274 1514 10
982 337 41 8 3949 4189 10
553 346 57 20 1173 1413 10
371 323 29 7 4490 4730 10
781 341 72 9 3159 3399 10
941 343 47 20 1048 1288 10
129 325 56 13 3126 3366 10
643 352 63 6 4653 4893 10
997 335 99 25 4814 5054 10
720 303 78 12 600 840 10
732 340 54 10 891 1131 10
646 351 5 12 1924 2164 10
470 341 59 27 3099 3339 10
908 365 28 9 1013 1253 10
403 335 46 18 5307 5547 10
287 346 60 10 1225 1465 10
1000 341 58 10 835 1075 10
474 339 60 20 784 1024 10
236 365 74 24 3334 3574 10
142 343 62 10 1370 1610 10
42 307 52 23 3622 3862 10
620 376 92 10 3902 4142 10
48 323 77 36 5560 5800 10
