r1_10_4

VEHICLE
NUMBER  CAPACITY
250   200

CUSTOMER
CUST NO. XCOORD. YCOORD. DEMAND READY TIME DUE DATE SERVICE TIME

0  250  250   0   0  1925   0
497 380 194 3 0 1774 10
575 447 184 27 0 1708 10
109 500 228 8 0 1665 10
679 435 180 37 0 1718 10
56 386 154 31 0 1749 10
870 432 199 7 0 1726 10
568 442 153 29 0 1700 10
973 401 164 13 0 1742 10
538 494 165 19 0 1657 10
159 404 207 6 0 1756 10
826 439 222 22 0 1724 10
195 498 171 12 0 1655 10
406 397 153 29 0 1739 10
100 492 188 33 0 1666 10
506 454 201 16 0 1706 10
94 452 172 9 0 1699 10
422 461 195 26 0 1697 10
602 489 159 29 0 1660 10
54 423 221 9 0 1740 10
745 415 207 18 0 1745 10
357 461 186 16 0 1695 10
163 384 149 18 0 1748 10
924 420 224 10 0 1744 10
168 488 173 25 0 1665 10
725 484 224 7 0 1680 10
139 409 155 19 0 1730 10
648 482 184 14 0 1674 10
169 439 156 2 0 1704 10
839 429 169 8 0 1719 10
399 481 207 34 0 1681 10
269 495 227 20 0 1669 10
756 461 182 13 0 1694 10
562 480 152 26 0 1665 10
988 495 199 25 0 1665 10
209 398 210 31 0 1762 10
288 456 157 20 0 1689 10
397 475 198 20 0 1685 10
960 391 202 14 0 1767 10
454 423 170 27 0 1725 10
