rc2_10_9

VEHICLE
NUMBER   CAPACITY
250     1000

CUSTOMER
CUST NO. XCOORD.  YCOORD.  DEMAND  READY TIME DUE DATE  SERVICE TIME

0   250    250     0     0    7284     0
216 402 284 30 478 958 10
755 399 301 30 597 1077 10
960 393 301 30 533 1013 10
416 390 294 20 769 1249 10
556 359 287 24 220 700 10
210 391 293 20 723 1203 10
481 385 295 20 329 809 10
544 406 285 20 535 1015 10
722 371 315 18 4483 4963 10
677 385 239 21 2962 3442 10
678 386 245 16 1736 2216 10
338 360 294 9 5491 5971 10
567 405 276 20 757 1237 10
81 407 280 10 654 1134 10
66 400 288 30 379 859 10
472 395 295 20 665 1145 10
691 402 281 20 820 1300 10
541 359 246 18 5511 5991 10
854 390 249 21 2147 2627 10
494 366 288 29 2555 3035 10
894 389 300 10 435 915 10
181 385 285 13 3292 3772 10
430 374 306 4 3796 4276 10
352 400 286 10 427 907 10
603 401 281 20 864 1344 10
644 365 274 14 230 710 10
738 360 284 19 2486 2966 10
532 390 301 10 481 961 10
341 410 285 20 591 1071 10
114 356 256 19 185 665 10
222 370 262 15 4218 4698 10
909 387 297 10 381 861 10
329 408 279 20 700 1180 10
801 409 255 23 5910 6390 10
597 368 311 14 3524 4004 10
