rc2_10_9

VEHICLE
NUMBER   CAPACITY
250     1000

CUSTOMER
CUST NO. XCOORD.  YCOORD.  DEMAND  READY TIME DUE DATE  SERVICE TIME

0   250    250     0     0    7284     0
196 436 25 19 4949 5429 10
132 472 57 17 4999 5479 10
454 488 3 3 1422 1902 10
856 433 15 20 951 1431 10
969 489 17 10 1340 1820 10
380 432 2 20 1686 2166 10
121 459 53 20 4309 4789 10
167 459 10 10 1160 1640 10
122 491 25 10 1454 1934 10
953 492 34 5 3062 3542 10
195 481 20 20 1208 1688 10
183 464 13 20 1359 1839 10
616 437 15 30 1241 1721 10
320 476 61 36 1615 2095 10
546 437 19 15 3876 4356 10
288 483 27 20 1652 2132 10
456 459 14 20 1061 1541 10
263 485 27 10 1604 2084 10
701 461 8 20 1296 1776 10
809 435 11 40 1009 1489 10
41 439 15 20 1193 1673 10
165 437 12 20 1138 1618 10
708 491 20 20 1394 1874 10
242 460 13 20 1107 1587 10
278 435 16 10 1290 1770 10
873 459 17 20 1465 1945 10
365 481 26 30 1047 1527 10
661 441 60 21 5655 6135 10
336 441 7 20 1386 1866 10
829 460 2 20 1232 1712 10
965 489 27 10 1505 1985 10
729 435 20 20 1346 1826 10
682 440 7 20 1075 1555 10
337 462 14 20 1408 1888 10
998 485 24 20 1105 1585 10
110 483 14 10 1273 1753 10
16 451 62 5 949 1429 10
504 483 22 10 1156 1636 10
231 458 16 20 1012 1492 10
108 488 26 30 1551 2031 10
