rc1_10_4

VEHICLE
NUMBER   CAPACITY
250     200

CUSTOMER
CUST NO. XCOORD.  YCOORD.  DEMAND  READY TIME DUE DATE  SERVICE TIME

0   250    250     0     0    1821     0
95 429 389 18 0 1585 10
802 449 428 25 0 1545 10
828 419 422 20 276 306 10
1 440 436 18 0 1546 10
250 434 359 13 0 1598 10
662 411 379 25 1193 1223 10
29 421 387 15 801 831 10
897 418 399 20 0 1587 10
892 419 418 10 0 1573 10
432 470 405 17 0 1542 10
98 414 378 23 495 525 10
211 411 421 20 0 1577 10
577 471 368 19 0 1561 10
332 420 383 27 0 1596 10
702 421 415 30 0 1574 10
431 413 421 10 0 1575 10
821 416 420 20 0 1574 10
194 448 404 15 0 1561 10
598 479 387 13 0 1545 10
482 491 369 28 0 1543 10
774 422 420 20 0 1570 10
70 421 386 29 0 1593 10
798 422 409 10 234 264 10
831 448 414 23 0 1554 10
512 416 417 20 0 1576 10
55 417 417 10 0 1575 10
840 470 417 11 0 1535 10
724 413 391 8 0 1596 10
910 433 447 20 794 824 10
58 450 416 25 577 607 10
473 413 417 10 0 1578 10
179 410 399 25 0 1593 10
649 468 352 9 0 1571 10
