rc1_10_4

VEHICLE
NUMBER   CAPACITY
250     200

CUSTOMER
CUST NO. XCOORD.  YCOORD.  DEMAND  READY TIME DUE DATE  SERVICE TIME

0   250    250     0     0    1821     0
156 79 80 19 0 1570 10
800 93 96 20 225 255 10
294 94 40 24 0 1550 10
339 58 39 12 1163 1193 10
151 87 3 13 1433 1463 10
394 64 5 14 0 1504 10
687 18 24 32 0 1488 10
306 91 101 10 0 1594 10
174 71 12 2 0 1514 10
574 57 43 15 0 1528 10
312 94 97 20 218 248 10
895 92 76 4 1139 1169 10
964 100 66 15 0 1574 10
921 56 75 24 1438 1468 10
372 89 65 16 0 1566 10
942 52 18 28 0 1506 10
555 102 6 3 0 1526 10
935 66 31 25 1048 1078 10
137 97 93 20 0 1592 10
788 87 96 30 0 1587 10
525 88 95 20 0 1587 10
99 38 15 3 0 1495 10
506 60 5 18 0 1501 10
79 60 29 32 0 1520 10
145 66 88 2 0 1566 10
596 95 92 20 0 1590 10
92 92 18 8 0 1531 10
241 65 62 15 0 1548 10
526 95 64 4 766 796 10
342 96 97 20 0 1594 10
410 30 7 23 0 1484 10
