rc1_10_4

VEHICLE
NUMBER   CAPACITY
250     200

CUSTOMER
CUST NO. XCOORD.  YCOORD.  DEMAND  READY TIME DUE DATE  SERVICE TIME

0   250    250     0     0    1821     0
132 472 57 17 1295 1325 10
454 488 3 3 0 1468 10
969 489 17 10 0 1478 10
121 459 53 20 0 1524 10
167 459 10 10 0 1493 10
122 491 25 10 0 1482 10
953 492 34 5 0 1487 10
195 481 20 20 347 377 10
183 464 13 20 0 1492 10
320 476 61 36 0 1517 10
288 483 27 20 0 1489 10
456 459 14 20 315 345 10
263 485 27 10 0 1488 10
701 461 8 20 0 1490 10
41 439 15 20 0 1510 10
708 491 20 20 394 424 10
242 460 13 20 322 352 10
873 459 17 20 0 1498 10
365 481 26 30 0 1490 10
336 441 7 20 392 422 10
829 460 2 20 0 1487 10
965 489 27 10 0 1485 10
682 440 7 20 314 344 10
337 462 14 20 0 1494 10
998 485 24 20 0 1485 10
110 483 14 10 0 1480 10
504 483 22 10 334 364 10
231 458 16 20 313 343 10
108 488 26 30 0 1485 10
