r2_10_3

VEHICLE
NUMBER  CAPACITY
250   1000

CUSTOMER
CUST NO. XCOORD. YCOORD. DEMAND READY TIME DUE DATE SERVICE TIME

0  250  250   0   0  7697   0
416 432 66 30 0 7429 10
659 497 54 14 0 7372 10
92 460 117 14 0 7439 10
908 480 136 22 0 7431 10
373 412 100 1 0 7467 10
676 492 34 5 0 7363 10
35 461 195 26 0 7469 10
825 409 155 19 0 7502 10
586 432 199 7 0 7498 10
274 488 3 3 0 7344 10
311 384 149 18 0 7520 10
369 386 154 31 0 7521 10
684 428 202 24 0 7503 10
500 451 62 5 0 7412 10
152 380 194 3 0 7546 10
797 371 163 21 0 7538 10
206 413 127 28 0 7483 10
340 438 127 2 0 7463 10
75 452 110 14 0 7442 10
642 449 190 2 0 7480 10
78 498 171 12 0 7427 10
344 441 60 21 0 7418 10
65 466 96 22 0 7422 10
749 458 213 22 0 7476 10
428 495 199 25 0 7437 10
119 420 80 24 0 7447 10
708 495 83 32 0 7391 10
379 440 201 29 0 7491 10
886 470 138 16 0 7441 10
719 484 224 7 0 7452 10
15 437 90 12 0 7441 10
223 480 152 26 0 7437 10
153 495 227 20 0 7441 10
408 401 164 13 0 7514 10
693 447 184 27 0 7480 10
308 435 180 37 0 7490 10
25 415 118 19 0 7476 10
365 354 156 20 0 7547 10
639 391 202 14 0 7539 10
798 398 210 31 0 7534 10
894 441 100 31 0 7445 10
26 440 77 14 0 7431 10
424 480 131 5 0 7429 10
853 482 104 19 0 7413 10
622 390 120 24 0 7496 10
717 481 84 17 0 7403 10
620 472 57 17 0 7393 10
948 471 94 30 0 7417 10
884 417 212 12 0 7516 10
148 459 53 20 0 7400 10
742 485 104 21 0 7411 10
834 452 172 9 0 7471 10
105 461 186 16 0 7467 10
