rc2_10_6

VEHICLE
NUMBER  CAPACITY
250   1000

CUSTOMER
CUST NO. XCOORD. YCOORD. DEMAND READY TIME DUE DATE SERVICE TIME

0  250  250   0   0  7284   0
580 303 186 10 5357 5597 10
669 320 211 16 3910 4150 10
85 355 174 33 2801 3041 10
478 365 190 22 5850 6090 10
529 384 149 18 4729 4969 10
192 350 199 21 4746 4986 10
595 347 192 18 5893 6133 10
379 399 175 13 2928 3168 10
159 386 154 31 4344 4584 10
531 308 199 14 5973 6213 10
951 389 156 27 2802 3042 10
412 397 153 29 3470 3710 10
877 405 187 34 4942 5182 10
790 314 205 22 6047 6287 10
820 404 140 8 4975 5215 10
