c2_10_6

VEHICLE
NUMBER  CAPACITY
250   700

CUSTOMER
CUST NO. XCOORD. YCOORD. DEMAND READY TIME DUE DATE SERVICE TIME

0  250  250   0   0  3914   0
479 325 490 10 746 1260 90
434 338 489 30 1164 1611 90
927 290 440 40 1370 2033 90
630 269 428 20 986 1463 90
448 276 428 20 959 1297 90
463 352 500 30 1366 1804 90
874 328 498 20 967 1419 90
218 275 431 10 963 1680 90
133 355 480 20 1512 1880 90
238 280 423 10 754 1308 90
227 277 434 20 1282 1732 90
305 277 431 30 1174 1653 90
178 326 498 10 862 1340 90
242 332 491 30 1177 1405 90
744 279 436 20 1423 1776 90
735 345 496 20 1170 1804 90
