c2_10_10

VEHICLE
NUMBER  CAPACITY
250   700

CUSTOMER
CUST NO. XCOORD. YCOORD. DEMAND READY TIME DUE DATE SERVICE TIME

0  250  250   0   0  3914   0
859 148 270 10 103 983 90
777 94 247 30 493 1373 90
191 139 269 20 1368 2248 90
881 140 252 20 237 1117 90
27 113 229 30 763 1643 90
875 108 222 10 1137 2017 90
14 143 266 10 108 988 90
308 152 260 10 98 978 90
862 143 257 10 141 1021 90
563 104 246 10 993 1873 90
987 152 225 30 634 1514 90
431 136 217 30 538 1418 90
196 139 262 30 1090 1970 90
108 132 218 10 122 1002 90
694 116 255 20 879 1759 90
983 145 221 20 348 1228 90
421 140 206 30 118 998 90
597 131 207 20 639 1519 90
166 120 210 20 922 1802 90
538 128 249 20 983 1863 90
405 151 214 10 151 1031 90
104 128 209 20 733 1613 90
382 137 227 20 115 995 90
189 149 273 20 103 983 90
923 140 265 40 1183 2063 90
903 118 223 10 134 1014 90
277 107 221 40 174 1054 90
285 155 242 10 526 1406 90
442 118 214 20 136 1016 90
666 106 248 20 1086 1966 90
373 141 267 10 1275 2155 90
474 146 245 20 336 1216 90
994 109 250 10 1180 2060 90
176 112 208 10 1241 2121 90
587 144 266 30 107 987 90
943 83 228 20 289 1169 90
393 125 212 10 827 1707 90
850 103 251 10 898 1778 90
627 112 251 10 1273 2153 90
604 152 241 20 433 1313 90
504 107 225 30 145 1025 90
94 148 225 40 253 1133 90
424 108 245 20 1370 2250 90
599 125 226 20 1029 1909 90
554 147 199 30 114 994 90
337 95 243 20 399 1279 90
586 140 220 30 443 1323 90
638 117 204 30 1338 2218 90
