c2_10_10

VEHICLE
NUMBER  CAPACITY
250   700

CUSTOMER
CUST NO. XCOORD. YCOORD. DEMAND READY TIME DUE DATE SERVICE TIME

0  250  250   0   0  3914   0
122 112 243 20 1961 2841 90
955 138 196 30 1633 2513 90
59 121 203 10 1432 2312 90
231 125 181 20 2358 3238 90
289 111 244 10 1869 2749 90
532 129 244 30 2548 3428 90
135 126 188 20 1738 2618 90
425 129 267 10 2120 3000 90
691 129 185 20 2454 3334 90
102 131 253 10 2449 3329 90
316 101 237 20 1471 2351 90
306 110 241 20 1776 2656 90
90 131 269 10 2028 2908 90
897 110 199 10 1847 2727 90
228 119 232 10 1579 2459 90
334 137 186 10 2552 3432 90
571 129 264 20 2401 3281 90
101 125 264 20 2495 3375 90
60 118 256 10 2159 3039 90
344 134 265 20 2306 3186 90
696 121 249 20 2061 2941 90
893 104 198 20 1943 2823 90
150 131 241 10 2825 3705 90
842 128 240 10 2822 3702 90
740 129 255 10 2356 3236 90
631 123 206 10 1525 2405 90
466 125 245 20 2642 3522 90
557 121 236 10 1674 2554 90
612 131 267 10 2212 3092 90
742 138 272 20 1461 2341 90
476 116 259 20 2253 3133 90
817 123 242 20 2817 3697 90
930 124 247 20 2735 3615 90
