rc2_10_5

VEHICLE
NUMBER  CAPACITY
250   1000

CUSTOMER
CUST NO. XCOORD. YCOORD. DEMAND READY TIME DUE DATE SERVICE TIME

0  250  250   0   0  7284   0
432 470 405 17 3553 3973 10
1 440 436 18 3544 3711 10
72 412 478 7 3771 4027 10
39 377 432 20 3344 3428 10
651 489 437 29 2771 3003 10
482 491 369 28 2865 3091 10
649 468 352 9 3042 3223 10
758 380 350 15 3422 3629 10
459 370 382 11 3380 3810 10
29 421 387 15 3070 3460 10
4 352 487 27 3617 3718 10
378 328 491 21 2634 2912 10
392 493 493 20 3321 3651 10
70 421 386 29 3168 3547 10
202 346 354 8 3153 3507 10
807 368 452 16 2696 2784 10
524 406 460 2 2870 3003 10
398 348 348 23 3729 3869 10
8 328 458 17 3111 3152 10
463 318 497 21 3394 3557 10
936 425 448 9 3072 3403 10
332 420 383 27 3941 4035 10
910 433 447 20 3145 3328 10
277 379 486 22 2708 2786 10
840 470 417 11 2891 3123 10
498 377 385 6 3416 3634 10
