rc1_10_6

VEHICLE
NUMBER   CAPACITY
250     200

CUSTOMER
CUST NO. XCOORD.  YCOORD.  DEMAND  READY TIME DUE DATE  SERVICE TIME

0   250    250     0     0    1821     0
753 199 187 20 112 172 10
293 225 196 10 59 119 10
864 213 185 21 74 134 10
760 228 199 10 119 179 10
500 204 185 20 148 208 10
5 230 197 40 107 167 10
686 241 205 30 103 163 10
153 212 186 11 1677 1737 10
317 241 180 13 1680 1740 10
765 273 149 14 1488 1548 10
344 238 210 30 119 179 10
115 264 180 33 1666 1726 10
124 210 185 20 76 136 10
272 236 213 20 39 99 10
53 226 175 23 1673 1733 10
291 291 213 23 1243 1303 10
695 234 202 10 65 125 10
859 237 213 10 132 192 10
477 265 240 9 18 78 10
959 206 186 10 173 233 10
314 208 184 20 78 138 10
872 199 203 20 1442 1502 10
754 201 188 10 124 184 10
961 204 187 30 160 220 10
391 263 153 12 397 457 10
660 233 207 10 46 106 10
453 238 204 20 90 150 10
420 209 212 18 1513 1573 10
346 200 178 20 87 147 10
580 303 186 10 1339 1399 10
607 231 204 20 135 195 10
944 195 185 20 97 157 10
706 224 192 10 63 123 10
929 247 219 17 31 91 10
386 233 204 20 49 109 10
501 226 191 20 78 138 10
261 238 203 10 79 139 10
763 231 195 20 94 154 10
248 224 191 20 66 126 10
757 272 234 26 1575 1635 10
808 202 186 20 136 196 10
714 217 207 26 1367 1427 10
396 203 211 20 1291 1351 10
406 267 162 6 1434 1494 10
206 224 203 20 53 113 10
234 219 215 32 46 106 10
605 231 203 20 52 112 10
