c1_10_6

VEHICLE
NUMBER  CAPACITY
250   200

CUSTOMER
CUST NO. XCOORD. YCOORD. DEMAND READY TIME DUE DATE SERVICE TIME

0  250  250   0   0  1824   0
946 134 285 20 1063 1210 90
225 136 288 10 947 1139 90
62 8 300 10 1074 1268 90
97 74 350 10 848 1022 90
905 134 288 20 894 1007 90
518 62 326 20 788 1094 90
522 92 270 20 972 1011 90
53 7 300 30 1049 1111 90
666 84 346 20 1066 1186 90
2 5 297 10 871 1101 90
811 95 277 20 1036 1142 90
680 88 287 30 860 977 90
919 77 350 10 961 1094 90
153 90 285 40 886 1136 90
