rc1_10_6

VEHICLE
NUMBER  CAPACITY
250   200

CUSTOMER
CUST NO. XCOORD. YCOORD. DEMAND READY TIME DUE DATE SERVICE TIME

0  250  250   0   0  1821   0
859 237 213 10 132 192 10
944 195 185 20 97 157 10
501 226 191 20 78 138 10
760 228 199 10 119 179 10
660 233 207 10 46 106 10
453 238 204 20 90 150 10
344 238 210 30 119 179 10
124 210 185 20 76 136 10
234 219 215 32 46 106 10
706 224 192 10 63 123 10
605 231 203 20 52 112 10
189 149 214 7 467 527 10
929 247 219 17 31 91 10
808 202 186 20 136 196 10
388 177 156 25 152 212 10
695 234 202 10 65 125 10
386 233 204 20 49 109 10
206 224 203 20 53 113 10
166 186 135 24 703 763 10
199 148 208 22 511 571 10
763 231 195 20 94 154 10
272 236 213 20 39 99 10
959 206 186 10 173 233 10
314 208 184 20 78 138 10
476 176 199 28 89 149 10
961 204 187 30 160 220 10
753 199 187 20 112 172 10
607 231 204 20 135 195 10
248 224 191 20 66 126 10
584 173 182 25 102 162 10
261 238 203 10 79 139 10
5 230 197 40 107 167 10
864 213 185 21 74 134 10
686 241 205 30 103 163 10
904 143 158 12 141 201 10
346 200 178 20 87 147 10
754 201 188 10 124 184 10
500 204 185 20 148 208 10
293 225 196 10 59 119 10
