c2_10_2

VEHICLE
NUMBER  CAPACITY
250   700

CUSTOMER
CUST NO. XCOORD. YCOORD. DEMAND READY TIME DUE DATE SERVICE TIME

0  250  250   0   0  3914   0
560 296 232 10 1268 1428 90
819 377 246 20 3054 3214 90
852 420 295 10 1752 1912 90
396 481 156 20 1600 1760 90
68 272 212 20 2330 2490 90
36 280 224 10 2226 2386 90
569 419 310 10 802 962 90
975 305 233 20 3041 3201 90
729 389 198 20 543 703 90
579 283 229 30 1371 1531 90
527 274 231 30 2126 2286 90
902 308 232 30 2948 3108 90
495 444 157 10 215 375 90
724 325 228 20 1810 1970 90
767 266 250 10 409 569 90
818 475 136 20 1029 1189 90
56 321 224 30 2106 2266 90
468 449 140 20 730 890 90
573 325 251 20 1425 1585 90
603 326 241 20 1615 1775 90
772 457 142 20 829 989 90
966 444 309 20 2425 2585 90
594 440 295 30 2136 2296 90
215 253 241 20 2835 2995 90
942 293 249 10 53 213 90
372 466 169 30 2502 2662 90
469 430 310 30 1176 1336 90
686 293 245 10 3430 3590 90
153 272 228 10 2033 2193 90
471 446 139 20 637 797 90
830 254 238 30 2646 2806 90
75 396 234 20 2390 2550 90
581 392 213 20 2092 2252 90
325 323 258 10 1328 1488 90
670 412 300 20 515 675 90
430 330 259 30 1231 1391 90
793 367 239 20 3156 3316 90
349 384 235 20 2672 2832 90
155 441 157 10 433 593 90
908 468 135 10 932 1092 90
192 483 170 30 2197 2357 90
615 265 218 20 2429 2589 90
739 319 257 20 656 816 90
995 428 314 20 992 1152 90
645 354 219 10 3375 3535 90
520 420 308 30 709 869 90
725 490 159 20 1897 2057 90
844 307 227 30 2853 3013 90
583 477 154 10 1506 1666 90
136 380 223 10 1614 1774 90
543 379 229 10 1045 1205 90
293 406 286 10 3314 3474 90
503 250 217 40 2534 2694 90
81 440 173 10 3282 3442 90
356 314 279 10 270 430 90
411 428 298 30 1654 1814 90
921 272 246 10 218 378 90
98 255 245 10 7 167 90
69 386 218 20 1901 2061 90
48 457 160 10 2991 3151 90
49 452 154 30 332 492 90
322 418 300 10 611 771 90
832 500 162 20 2088 2248 90
798 312 252 20 845 1005 90
796 446 169 10 3185 3345 90
119 259 243 20 22 182 90
46 429 282 20 3018 3178 90
823 313 266 20 373 533 90
375 428 312 10 1084 1244 90
954 464 178 10 2691 2851 90
328 316 234 10 2661 2821 90
662 384 206 20 739 899 90
717 387 224 30 1517 1677 90
324 253 244 20 2742 2902 90
611 426 279 30 3112 3272 90
65 491 160 20 1989 2149 90
286 440 302 20 1279 1439 90
723 388 228 10 1235 1395 90
660 331 252 10 1134 1294 90
123 448 302 20 2327 2487 90
901 326 253 10 1039 1199 90
174 323 229 10 1718 1878 90
813 382 213 20 1715 1875 90
171 470 152 30 1226 1386 90
967 313 263 20 466 626 90
980 386 213 20 1996 2156 90
616 398 231 20 2296 2456 90
634 320 231 20 2384 2544 90
533 278 230 10 1466 1626 90
410 465 176 20 2599 2759 90
19 302 235 20 1043 1203 90
144 484 161 10 1696 1856 90
934 382 245 20 2959 3119 90
85 439 297 30 2043 2203 90
487 388 220 20 1423 1583 90
271 296 253 10 834 994 90
134 450 153 20 533 693 90
267 379 208 10 835 995 90
986 489 150 50 1798 1958 90
445 283 248 30 33 193 90
318 267 260 20 509 669 90
439 460 173 20 2887 3047 90
745 371 207 10 241 401 90
84 317 234 10 2479 2639 90
714 448 297 10 2632 2792 90
748 275 236 20 1563 1723 90
336 268 235 10 1842 2002 90
402 385 235 10 2581 2741 90
482 319 229 10 2292 2452 90
30 467 157 20 2307 2467 90
492 441 287 40 2915 3075 90
982 436 301 20 1373 1533 90
766 463 161 30 2403 2563 90
321 384 217 20 1809 1969 90
743 317 251 30 940 1100 90
733 298 255 10 151 311 90
675 308 235 10 3135 3295 90
498 446 297 10 2232 2392 90
497 448 295 10 2724 2884 90
2 266 231 40 1936 2096 90
591 325 246 10 1520 1680 90
298 408 305 10 419 579 90
824 475 145 30 1128 1288 90
417 320 258 20 564 724 90
128 317 235 20 2570 2730 90
276 379 245 10 2773 2933 90
139 420 168 10 3393 3553 90
320 420 311 30 893 1053 90
64 382 197 20 640 800 90
384 363 212 30 3274 3434 90
