rc1_10_4

VEHICLE
NUMBER  CAPACITY
250   200

CUSTOMER
CUST NO. XCOORD. YCOORD. DEMAND READY TIME DUE DATE SERVICE TIME

0  250  250   0   0  1821   0
657 207 400 20 0 1655 10
354 270 400 10 0 1660 10
257 218 403 15 0 1655 10
362 266 405 20 0 1656 10
330 263 418 25 0 1643 10
534 267 400 10 0 1661 10
154 241 402 11 0 1659 10
107 249 407 10 0 1654 10
448 215 395 20 0 1662 10
855 210 391 30 0 1665 10
281 213 399 18 0 1658 10
218 272 420 7 0 1640 10
238 210 398 10 0 1658 10
82 277 403 10 0 1656 10
862 244 368 25 0 1693 10
311 211 386 20 0 1670 10
17 203 390 40 0 1664 10
370 262 369 15 0 1692 10
878 269 402 20 0 1658 10
240 248 404 30 0 1657 10
957 257 391 22 0 1670 10
327 250 405 20 0 1656 10
906 250 411 30 0 1650 10
734 210 379 12 0 1676 10
876 213 397 10 0 1660 10
37 268 400 20 0 1660 10
78 243 408 15 0 1653 10
974 270 401 20 0 1659 10
10 226 423 15 0 1637 10
932 272 402 10 0 1658 10
