r1_10_5

VEHICLE
NUMBER  CAPACITY
250   200

CUSTOMER
CUST NO. XCOORD. YCOORD. DEMAND READY TIME DUE DATE SERVICE TIME

0  250  250   0   0  1925   0
586 157 269 31 1576 1606 10
796 209 212 18 1528 1558 10
547 161 275 21 1347 1377 10
729 199 203 20 1457 1487 10
516 217 207 26 1382 1412 10
63 146 188 6 1235 1265 10
625 197 202 29 1204 1234 10
723 120 261 5 793 823 10
290 153 192 13 866 896 10
144 181 185 19 1614 1644 10
51 203 211 20 1306 1336 10
792 131 246 17 832 862 10
323 134 194 19 1652 1682 10
