rc2_10_5

VEHICLE
NUMBER  CAPACITY
250   1000

CUSTOMER
CUST NO. XCOORD. YCOORD. DEMAND READY TIME DUE DATE SERVICE TIME

0  250  250   0   0  7284   0
62 20 489 10 1585 1601 10
9 25 499 10 1665 2014 10
624 20 488 10 1530 1569 10
924 17 459 10 1682 1814 10
905 18 484 10 1266 1454 10
606 21 488 10 1426 1585 10
625 13 455 10 1036 1570 10
899 13 465 31 3036 3272 10
812 44 496 32 1625 1709 10
550 16 462 10 1423 1783 10
704 24 492 10 1680 2135 10
279 8 497 40 1437 1945 10
461 17 458 10 1757 1828 10
975 5 445 30 1095 1513 10
376 15 457 20 1172 1536 10
966 12 451 20 1036 1457 10
554 14 459 20 1297 1508 10
589 13 459 20 1270 1624 10
489 21 487 10 1340 1583 10
111 0 422 8 3162 3526 10
32 18 462 20 1627 1675 10
747 26 490 10 1753 2165 10
783 16 460 20 1573 1833 10
358 16 463 20 1490 1629 10
318 21 485 30 1346 1481 10
397 16 497 20 1684 1841 10
858 12 463 20 1468 1538 10
593 22 483 30 1170 1437 10
