rc1_10_5

VEHICLE
NUMBER  CAPACITY
250   200

CUSTOMER
CUST NO. XCOORD. YCOORD. DEMAND READY TIME DUE DATE SERVICE TIME

0  250  250   0   0  1821   0
671 408 453 10 268 329 10
256 329 456 19 246 283 10
262 405 455 40 328 383 10
88 334 403 26 174 204 10
582 412 453 10 299 325 10
639 376 494 30 274 353 10
439 332 459 35 351 416 10
915 374 489 20 269 334 10
986 399 450 20 306 442 10
353 351 481 10 303 370 10
15 408 452 10 265 310 10
297 371 423 10 211 232 10
719 378 493 30 274 331 10
56 419 459 20 276 387 10
404 381 495 20 307 367 10
681 380 498 10 280 357 10
630 405 450 20 253 301 10
49 340 416 36 280 393 10
84 384 491 20 341 385 10
164 381 494 10 310 386 10
680 380 489 20 386 402 10
480 387 488 20 350 403 10
409 347 459 25 473 516 10
712 398 476 25 390 476 10
71 404 447 20 250 313 10
289 382 498 10 289 360 10
253 406 450 20 259 290 10
