rc2_10_10

VEHICLE
NUMBER   CAPACITY
250     1000

CUSTOMER
CUST NO. XCOORD.  YCOORD.  DEMAND  READY TIME DUE DATE  SERVICE TIME

0   250    250     0     0    7284     0
292 154 374 36 3508 4108 10
785 162 388 11 4264 4864 10
283 111 392 18 4436 5036 10
509 146 313 22 4541 5141 10
246 175 352 12 6420 7020 10
258 149 341 6 1376 1976 10
770 84 377 10 3465 4065 10
387 142 360 20 5888 6488 10
308 135 400 20 954 1554 10
144 142 372 18 352 952 10
551 107 374 8 3417 4017 10
642 95 382 19 685 1285 10
583 104 349 20 3797 4397 10
255 115 395 11 3021 3621 10
383 146 376 8 697 1297 10
626 170 347 15 1503 2103 10
791 96 346 26 501 1101 10
984 154 392 9 386 986 10
