rc2_10_10

VEHICLE
NUMBER   CAPACITY
250     1000

CUSTOMER
CUST NO. XCOORD.  YCOORD.  DEMAND  READY TIME DUE DATE  SERVICE TIME

0   250    250     0     0    7284     0
879 53 204 8 3980 4580 10
919 61 214 4 1127 1727 10
80 34 169 11 1698 2298 10
832 46 163 8 3464 4064 10
988 34 239 16 636 1236 10
995 18 225 8 2525 3125 10
47 41 232 16 581 1181 10
313 30 155 9 4882 5482 10
510 21 146 21 1707 2307 10
462 43 135 31 647 1247 10
970 13 214 21 5174 5774 10
748 44 115 24 685 1285 10
438 1 101 8 4789 5389 10
614 39 162 18 2021 2621 10
177 7 194 29 3565 4165 10
786 47 208 30 666 1266 10
127 0 188 26 3488 4088 10
566 68 160 21 4303 4903 10
694 31 175 24 746 1346 10
688 57 183 15 4161 4761 10
