rc2_10_10

VEHICLE
NUMBER   CAPACITY
250     1000

CUSTOMER
CUST NO. XCOORD.  YCOORD.  DEMAND  READY TIME DUE DATE  SERVICE TIME

0   250    250     0     0    7284     0
95 429 389 18 1456 2056 10
802 449 428 25 4747 5347 10
828 419 422 20 865 1465 10
936 425 448 9 2938 3538 10
1 440 436 18 3328 3928 10
662 411 379 25 4533 5133 10
29 421 387 15 2965 3565 10
897 418 399 20 1511 2111 10
892 419 418 10 756 1356 10
498 377 385 6 3225 3825 10
432 470 405 17 3463 4063 10
98 414 378 23 1739 2339 10
211 411 421 20 1020 1620 10
332 420 383 27 3688 4288 10
702 421 415 30 701 1301 10
431 413 421 10 972 1572 10
821 416 420 20 919 1519 10
194 448 404 15 2156 2756 10
774 422 420 20 810 1410 10
70 421 386 29 3057 3657 10
798 422 409 10 637 1237 10
831 448 414 23 4651 5251 10
512 416 417 20 1132 1732 10
55 417 417 10 1088 1688 10
840 470 417 11 2707 3307 10
724 413 391 8 628 1228 10
910 433 447 20 2937 3537 10
58 450 416 25 2067 2667 10
473 413 417 10 1184 1784 10
179 410 399 25 695 1295 10
459 370 382 11 3295 3895 10
