rc2_10_2

VEHICLE
NUMBER  CAPACITY
250   1000

CUSTOMER
CUST NO. XCOORD. YCOORD. DEMAND READY TIME DUE DATE SERVICE TIME

0  250  250   0   0  7284   0
28 80 117 24 3297 3417 10
450 179 75 13 2960 3080 10
942 52 18 28 3428 3548 10
411 120 37 28 3101 3221 10
241 65 62 15 3906 4026 10
632 125 61 26 2447 2567 10
415 132 32 18 3138 3258 10
687 18 24 32 2513 2633 10
526 95 64 4 3064 3184 10
333 142 14 18 3341 3461 10
700 165 59 27 3771 3891 10
372 89 65 16 2881 3001 10
717 6 53 8 2348 2468 10
559 21 70 15 3085 3205 10
