rc2_10_2

VEHICLE
NUMBER  CAPACITY
250   1000

CUSTOMER
CUST NO. XCOORD. YCOORD. DEMAND READY TIME DUE DATE SERVICE TIME

0  250  250   0   0  7284   0
410 30 7 23 4754 4874 10
294 94 40 24 4272 4392 10
79 60 29 32 5451 5571 10
423 149 98 4 4660 4780 10
92 92 18 8 4497 4617 10
73 26 67 15 5267 5387 10
964 100 66 15 5599 5719 10
438 1 101 8 5029 5149 10
99 38 15 3 4364 4484 10
151 87 3 13 5732 5852 10
935 66 31 25 4194 4314 10
187 157 38 3 4191 4311 10
156 79 80 19 5528 5648 10
555 102 6 3 5834 5954 10
339 58 39 12 4652 4772 10
