r2_10_8

VEHICLE
NUMBER  CAPACITY
250   1000

CUSTOMER
CUST NO. XCOORD. YCOORD. DEMAND READY TIME DUE DATE SERVICE TIME

0  250  250   0   0  7697   0
897 406 408 15 0 7465 10
904 418 399 20 0 7463 10
112 371 332 14 0 7541 10
680 421 387 15 0 7468 10
276 371 423 10 0 7476 10
707 348 348 23 0 7549 10
700 396 417 13 0 7466 10
483 411 396 23 0 7470 10
872 313 391 5 0 7533 10
332 366 334 5 0 7544 10
351 382 360 26 0 7516 10
5 370 382 11 0 7509 10
846 398 329 17 0 7520 10
479 381 328 12 0 7535 10
205 398 341 33 0 7514 10
201 374 346 27 0 7531 10
99 420 383 27 0 7472 10
564 376 385 12 0 7503 10
927 405 349 15 0 7504 10
999 373 418 6 0 7479 10
808 387 394 8 0 7489 10
864 421 386 29 0 7469 10
677 387 349 9 0 7518 10
380 411 379 25 0 7481 10
260 332 382 2 0 7532 10
199 322 406 17 0 7516 10
567 331 356 13 0 7554 10
747 330 371 1 0 7542 10
988 413 391 8 0 7472 10
197 373 421 21 0 7477 10
