rc1_10_6

VEHICLE
NUMBER  CAPACITY
250   200

CUSTOMER
CUST NO. XCOORD. YCOORD. DEMAND READY TIME DUE DATE SERVICE TIME

0  250  250   0   0  1821   0
213 475 480 30 364 424 10
98 414 378 23 480 540 10
290 457 492 7 493 553 10
939 470 473 10 416 476 10
680 380 489 20 364 424 10
897 418 399 20 423 483 10
95 429 389 18 409 469 10
499 477 478 20 377 437 10
194 448 404 15 584 644 10
848 473 475 10 402 462 10
598 479 387 13 382 442 10
577 471 368 19 413 473 10
658 469 489 4 540 600 10
712 398 476 25 403 463 10
58 450 416 25 562 622 10
200 475 477 20 390 450 10
409 347 459 25 464 524 10
