rc1_10_6

VEHICLE
NUMBER  CAPACITY
250   200

CUSTOMER
CUST NO. XCOORD. YCOORD. DEMAND READY TIME DUE DATE SERVICE TIME

0  250  250   0   0  1821   0
392 493 493 20 841 901 10
936 425 448 9 779 839 10
29 421 387 15 786 846 10
72 412 478 7 945 1005 10
4 352 487 27 887 947 10
277 379 486 22 657 717 10
482 491 369 28 715 775 10
432 470 405 17 911 971 10
840 470 417 11 722 782 10
463 318 497 21 839 899 10
378 328 491 21 663 723 10
459 370 382 11 869 929 10
1 440 436 18 877 937 10
807 368 452 16 655 715 10
498 377 385 6 851 911 10
910 433 447 20 779 839 10
8 328 458 17 753 813 10
70 421 386 29 809 869 10
651 489 437 29 692 752 10
39 377 432 20 816 876 10
332 420 383 27 967 1027 10
524 406 460 2 704 764 10
