c1_10_1

VEHICLE
NUMBER  CAPACITY
250   200

CUSTOMER
CUST NO. XCOORD. YCOORD. DEMAND READY TIME DUE DATE SERVICE TIME

0  250  250   0   0  1824   0
689 132 291 10 736 797 90
315 63 336 20 822 861 90
105 75 347 10 810 872 90
46 128 291 10 639 706 90
126 2 295 30 774 828 90
541 86 268 10 689 735 90
89 72 344 20 618 695 90
18 73 346 10 726 772 90
934 0 293 30 591 637 90
720 0 297 10 679 737 90
189 88 286 10 795 859 90
906 89 270 10 590 647 90
138 132 290 10 818 898 90
27 87 285 30 709 764 90
910 80 286 10 601 677 90
886 91 266 10 776 840 90
688 66 336 10 719 778 90
474 67 335 20 629 684 90
911 38 301 20 768 814 90
744 30 301 10 660 726 90
