r1_10_5

VEHICLE
NUMBER  CAPACITY
250   200

CUSTOMER
CUST NO. XCOORD. YCOORD. DEMAND READY TIME DUE DATE SERVICE TIME

0  250  250   0   0  1925   0
410 16 68 11 296 326 10
552 21 70 15 771 801 10
402 24 71 11 346 376 10
71 9 101 16 666 696 10
534 18 24 32 628 658 10
275 68 53 16 739 769 10
222 7 82 25 412 442 10
786 3 23 11 391 421 10
364 6 53 8 587 617 10
573 71 12 2 297 327 10
307 65 82 13 740 770 10
556 66 88 2 830 860 10
813 89 65 16 720 750 10
999 19 38 15 847 877 10
488 87 51 35 514 544 10
31 52 18 28 857 887 10
