r1_10_5

VEHICLE
NUMBER  CAPACITY
250   200

CUSTOMER
CUST NO. XCOORD. YCOORD. DEMAND READY TIME DUE DATE SERVICE TIME

0  250  250   0   0  1925   0
30 25 53 23 1020 1050 10
354 30 7 23 1189 1219 10
338 91 27 14 1182 1212 10
665 1 101 8 1257 1287 10
200 92 18 8 1124 1154 10
701 15 11 15 952 982 10
603 56 75 24 1438 1468 10
27 58 39 12 1163 1193 10
356 26 67 15 1317 1347 10
855 79 80 19 1382 1412 10
39 60 5 18 1044 1074 10
158 65 62 15 976 1006 10
801 32 94 14 930 960 10
385 87 3 13 1433 1463 10
529 30 97 23 1210 1240 10
990 51 89 19 1208 1238 10
441 64 5 14 1129 1159 10
604 66 31 25 1048 1078 10
715 62 94 16 951 981 10
316 57 43 15 1023 1053 10
503 67 24 10 1018 1048 10
938 60 29 32 1363 1393 10
252 38 15 3 1091 1121 10
