rc2_10_4

VEHICLE
NUMBER   CAPACITY
250     1000

CUSTOMER
CUST NO. XCOORD.  YCOORD.  DEMAND  READY TIME DUE DATE  SERVICE TIME

0   250    250     0     0    7284     0
303 440 241 10 0 7084 10
493 447 184 27 0 7067 10
471 423 221 9 0 7099 10
260 436 241 20 1309 1429 10
492 443 272 10 0 7080 10
683 434 245 10 0 7090 10
401 443 237 20 754 874 10
889 420 224 10 1716 1836 10
891 418 218 20 0 7103 10
573 441 244 10 0 7083 10
299 500 228 8 0 7024 10
690 442 243 10 0 7082 10
447 458 213 22 4513 4633 10
560 440 244 10 0 7084 10
693 441 273 20 0 7082 10
958 421 218 10 0 7101 10
300 412 214 10 0 7109 10
483 445 273 20 1031 1151 10
677 385 239 21 0 7139 10
678 386 245 16 0 7138 10
592 452 206 31 0 7068 10
323 418 221 10 0 7104 10
89 415 223 20 0 7107 10
768 420 213 10 0 7101 10
91 432 199 7 0 7085 10
26 441 265 40 0 7083 10
692 445 237 10 0 7079 10
854 390 249 21 0 7134 10
777 435 268 10 0 7089 10
515 444 242 10 0 7080 10
629 413 217 20 0 7108 10
713 442 247 10 0 7082 10
516 444 271 10 982 1102 10
548 435 267 20 0 7089 10
650 418 251 21 4787 4907 10
428 443 246 20 0 7081 10
495 440 284 25 0 7081 10
123 439 243 20 1254 1374 10
188 439 268 10 1191 1311 10
775 475 267 7 0 7049 10
731 417 218 10 1112 1232 10
764 450 265 10 0 7074 10
136 463 253 23 4188 4308 10
233 423 214 20 867 987 10
298 417 217 30 0 7104 10
215 436 237 20 0 7088 10
207 426 231 24 0 7097 10
956 428 202 24 0 7090 10
971 440 247 20 0 7084 10
707 444 269 20 934 1054 10
801 409 255 23 0 7115 10
155 439 266 10 0 7085 10
874 423 217 20 0 7098 10
725 415 216 10 705 825 10
486 495 227 20 0 7028 10
375 436 264 20 0 7088 10
522 425 215 10 0 7096 10
