r2_10_10

VEHICLE
NUMBER  CAPACITY
250   1000

CUSTOMER
CUST NO. XCOORD. YCOORD. DEMAND READY TIME DUE DATE SERVICE TIME

0  250  250   0   0  7697   0
815 11 403 18 1207 1657 10
124 146 376 8 782 1213 10
635 10 407 36 1517 2079 10
660 210 379 12 2734 3056 10
139 235 288 18 40 437 10
732 141 426 23 1929 2442 10
54 67 352 20 1310 1795 10
278 94 344 26 2548 3030 10
549 79 467 22 1231 1701 10
879 13 394 15 1277 1823 10
327 29 336 22 1199 1574 10
264 93 490 2 1350 1803 10
788 49 437 7 1528 2012 10
563 13 314 14 838 1233 10
729 3 471 13 2628 3178 10
530 126 391 19 889 1412 10
587 29 358 23 2241 2764 10
192 139 438 24 706 1125 10
72 215 293 13 55 517 10
255 65 343 38 608 1171 10
705 66 314 26 605 953 10
983 136 265 12 232 688 10
638 130 494 6 2810 3381 10
39 161 276 8 375 813 10
833 112 433 29 712 1288 10
395 68 303 22 726 1165 10
20 179 286 8 1144 1705 10
337 96 346 26 566 1036 10
456 77 372 19 670 1024 10
435 226 423 15 608 1088 10
810 48 366 29 2724 3341 10
1000 26 342 12 1075 1613 10
736 55 318 13 1056 1559 10
657 207 487 4 2570 3064 10
417 83 300 26 1832 2285 10
131 172 314 9 2036 2447 10
476 118 314 26 1209 1611 10
387 16 287 12 922 1364 10
49 24 259 19 1294 1786 10
307 235 316 2 2417 2950 10
210 216 341 19 2473 2879 10
686 46 389 22 914 1260 10
583 214 311 14 70 572 10
731 90 477 18 883 1338 10
155 213 399 18 725 1267 10
36 187 263 35 70 445 10
228 132 479 11 834 1227 10
111 93 413 17 650 1160 10
318 35 263 27 878 1404 10
175 152 476 45 1854 2447 10
176 176 470 14 1976 2518 10
249 150 484 16 2365 2756 10
492 71 282 29 2378 2875 10
827 136 430 14 2696 3105 10
616 164 473 26 994 1495 10
440 13 465 31 2931 3377 10
752 222 331 10 1983 2453 10
288 185 431 15 1389 1827 10
867 110 251 23 1759 2342 10
7 36 301 21 652 1108 10
984 247 306 33 56 447 10
323 217 333 26 1459 1950 10
649 87 311 7 435 958 10
231 124 448 6 1267 1801 10
802 211 248 26 39 540 10
662 181 260 23 69 570 10
646 20 480 25 2087 2595 10
150 135 400 20 962 1546 10
377 102 422 23 729 1201 10
280 12 367 27 1161 1564 10
393 137 377 23 412 948 10
996 32 319 21 1469 1855 10
246 167 488 17 854 1266 10
533 202 391 30 2309 2800 10
354 246 407 12 1077 1536 10
317 120 261 5 3038 3429 10
626 69 266 12 2828 3359 10
740 84 255 13 897 1478 10
698 71 304 19 2548 3085 10
548 221 291 9 50 688 10
364 226 316 21 70 560 10
547 214 245 8 36 515 10
957 248 386 22 1390 1756 10
161 59 388 20 2428 2995 10
110 208 488 22 1700 2240 10
687 44 440 24 2974 3456 10
892 5 445 30 1085 1522 10
889 50 383 20 861 1340 10
629 33 268 18 2595 3091 10
610 52 303 25 1567 2083 10
445 148 462 10 2759 3175 10
875 94 497 31 2921 3457 10
405 95 382 19 715 1254 10
813 132 477 25 1153 1586 10
89 166 247 1 139 533 10
806 172 292 17 190 665 10
203 261 359 10 231 645 10
835 37 281 17 1789 2276 10
170 250 328 24 837 1272 10
397 134 276 15 316 869 10
561 62 375 16 1185 1724 10
482 83 290 14 2248 2733 10
316 210 276 5 47 405 10
832 166 440 12 634 1028 10
910 48 293 22 893 1435 10
924 53 466 9 1135 1666 10
575 181 441 25 1901 2553 10
235 162 306 22 356 717 10
284 169 305 21 479 935 10
349 195 273 22 59 470 10
458 44 496 32 1434 1901 10
494 244 368 25 1517 1916 10
758 225 488 28 2340 2865 10
668 80 251 14 1029 1519 10
876 7 382 27 2909 3374 10
599 72 477 46 965 1343 10
168 154 392 9 445 926 10
890 244 422 14 1985 2436 10
785 185 434 9 2141 2568 10
1 228 399 14 2152 2659 10
469 133 273 20 215 739 10
556 100 266 5 1695 2182 10
484 243 402 13 1430 1931 10
386 225 369 38 185 788 10
931 2 264 40 2403 2954 10
678 142 372 18 408 896 10
160 92 259 4 1449 1866 10
315 189 402 10 1967 2441 10
811 44 311 27 1448 1932 10
633 80 458 30 1367 1717 10
244 149 341 6 1451 1901 10
562 163 472 9 2415 2933 10
703 195 386 13 310 863 10
132 170 347 15 1526 2081 10
771 105 474 27 1617 2268 10
807 228 287 21 43 491 10
914 77 465 11 874 1333 10
941 63 420 19 1875 2401 10
946 201 278 13 56 624 10
209 67 378 26 1713 2171 10
865 182 480 31 1261 1778 10
187 180 283 23 2765 3305 10
522 215 434 9 594 1067 10
208 80 357 1 1914 2450 10
194 61 441 27 1971 2498 10
106 68 450 18 2355 2826 10
