r1_10_3

VEHICLE
NUMBER   CAPACITY
250     200

CUSTOMER
CUST NO. XCOORD.  YCOORD.  DEMAND  READY TIME DUE DATE  SERVICE TIME

0   250    250     0     0    1925     0
913 352 487 27 912 922 10
216 497 483 12 363 373 10
229 438 488 18 0 1612 10
578 411 396 23 0 1698 10
294 448 495 40 394 404 10
490 422 498 5 702 712 10
879 351 481 10 332 342 10
128 447 383 17 0 1678 10
276 371 423 10 0 1704 10
835 373 421 21 247 257 10
920 360 488 19 0 1653 10
969 473 491 23 0 1587 10
437 377 432 20 841 851 10
760 368 452 16 680 690 10
175 352 481 15 1295 1305 10
5 377 385 6 876 886 10
75 405 454 11 0 1659 10
995 410 399 25 244 254 10
34 406 460 2 729 739 10
124 370 493 22 581 591 10
174 413 476 34 1189 1199 10
822 469 489 4 565 575 10
118 421 499 23 0 1613 10
164 340 416 36 0 1727 10
130 489 437 29 717 727 10
40 406 408 15 0 1693 10
907 318 497 21 0 1659 10
730 485 428 22 1500 1510 10
531 498 457 15 0 1592 10
722 420 383 27 0 1700 10
533 334 481 32 0 1670 10
631 332 459 35 379 389 10
662 336 493 20 0 1658 10
557 479 387 13 0 1649 10
951 392 491 10 0 1636 10
825 494 468 31 362 372 10
480 413 493 26 0 1623 10
806 470 405 17 0 1646 10
419 448 404 15 0 1665 10
19 387 394 8 0 1717 10
146 425 448 9 804 814 10
7 342 481 18 1450 1460 10
6 449 428 25 1257 1267 10
550 398 476 25 0 1645 10
749 379 486 22 682 692 10
469 397 477 13 0 1645 10
933 371 427 23 0 1701 10
25 429 476 23 0 1627 10
391 355 485 10 0 1658 10
78 347 459 25 489 499 10
421 460 424 11 1465 1475 10
420 471 427 8 0 1632 10
217 440 436 18 0 1650 10
85 348 476 19 1207 1217 10
123 413 391 8 0 1700 10
405 470 417 11 747 757 10
783 330 371 1 0 1770 10
431 412 478 7 0 1636 10
949 489 457 13 0 1599 10
475 421 387 15 0 1696 10
266 487 446 9 0 1608 10
280 371 488 10 0 1649 10
727 395 474 26 397 407 10
644 345 431 12 355 365 10
334 381 457 28 481 491 10
191 433 447 20 804 814 10
287 463 406 23 867 877 10
929 481 454 14 0 1607 10
381 332 382 2 1020 1030 10
912 448 397 33 876 886 10
44 370 382 11 894 904 10
11 328 491 21 0 1662 10
233 498 456 27 0 1593 10
750 452 484 26 0 1606 10
763 329 456 19 0 1695 10
236 354 416 10 0 1720 10
310 366 390 23 0 1734 10
682 373 418 6 1269 1279 10
526 322 406 17 0 1744 10
899 376 385 12 184 194 10
705 396 417 13 0 1694 10
228 436 467 12 746 756 10
814 429 389 18 434 444 10
207 457 492 7 0 1597 10
594 448 414 23 0 1658 10
511 404 439 3 0 1672 10
342 493 493 20 866 876 10
972 328 458 17 778 788 10
579 450 416 25 0 1656 10
983 334 403 26 0 1741 10
466 313 493 20 1203 1213 10
649 411 379 25 0 1709 10
180 414 378 23 505 515 10
950 418 399 20 448 458 10
523 421 386 29 834 844 10
