rc2_10_10

VEHICLE
NUMBER   CAPACITY
250     1000

CUSTOMER
CUST NO. XCOORD.  YCOORD.  DEMAND  READY TIME DUE DATE  SERVICE TIME

0   250    250     0     0    7284     0
773 472 481 20 1066 1666 10
15 408 452 10 848 1448 10
95 429 389 18 1456 2056 10
404 381 495 20 1050 1650 10
802 449 428 25 4747 5347 10
253 406 450 20 797 1397 10
828 419 422 20 865 1465 10
84 384 491 20 1151 1751 10
468 494 468 31 1170 1770 10
8 328 458 17 2831 3431 10
962 468 475 10 953 1553 10
104 438 488 18 1069 1669 10
4 352 487 27 3367 3967 10
499 477 478 20 1329 1929 10
936 425 448 9 2938 3538 10
630 405 450 20 753 1353 10
1 440 436 18 3328 3928 10
164 381 494 10 1094 1694 10
72 412 478 7 3599 4199 10
213 475 480 30 1278 1878 10
680 380 489 20 1276 1876 10
289 382 498 10 997 1597 10
986 399 450 20 1195 1795 10
662 411 379 25 4533 5133 10
29 421 387 15 2965 3565 10
897 418 399 20 1511 2111 10
892 419 418 10 756 1356 10
480 387 488 20 1208 1808 10
671 408 453 10 892 1492 10
353 351 481 10 1047 1647 10
498 377 385 6 3225 3825 10
999 470 475 30 1001 1601 10
200 475 477 20 1378 1978 10
432 470 405 17 3463 4063 10
392 493 493 20 3186 3786 10
88 334 403 26 398 998 10
3 476 483 10 1179 1779 10
639 376 494 30 839 1439 10
939 470 473 10 1484 2084 10
98 414 378 23 1739 2339 10
49 340 416 36 1044 1644 10
211 411 421 20 1020 1620 10
409 347 459 25 1678 2278 10
577 471 368 19 1472 2072 10
332 420 383 27 3688 4288 10
256 329 456 19 756 1356 10
702 421 415 30 701 1301 10
712 398 476 25 1432 2032 10
582 412 453 10 948 1548 10
431 413 421 10 972 1572 10
848 473 475 10 1429 2029 10
439 332 459 35 1235 1835 10
949 477 483 20 1223 1823 10
821 416 420 20 919 1519 10
194 448 404 15 2156 2756 10
893 336 493 20 5732 6332 10
651 489 437 29 2587 3187 10
598 479 387 13 1350 1950 10
463 318 497 21 3175 3775 10
482 491 369 28 2678 3278 10
774 422 420 20 810 1410 10
70 421 386 29 3057 3657 10
798 422 409 10 637 1237 10
915 374 489 20 777 1377 10
831 448 414 23 4651 5251 10
512 416 417 20 1132 1732 10
55 417 417 10 1088 1688 10
71 404 447 20 700 1300 10
524 406 460 2 2637 3237 10
840 470 417 11 2707 3307 10
485 313 493 20 4532 5132 10
724 413 391 8 628 1228 10
910 433 447 20 2937 3537 10
39 377 432 20 3086 3686 10
297 371 423 10 544 1144 10
83 498 456 27 5384 5984 10
58 450 416 25 2067 2667 10
473 413 417 10 1184 1784 10
179 410 399 25 695 1295 10
807 368 452 16 2440 3040 10
290 457 492 7 1792 2392 10
460 405 454 11 4972 5572 10
719 378 493 30 887 1487 10
658 469 489 4 1982 2582 10
262 405 455 40 1123 1723 10
948 481 454 14 1042 1642 10
443 471 484 10 1119 1719 10
56 419 459 20 1025 1625 10
681 380 498 10 949 1549 10
277 379 486 22 2447 3047 10
378 328 491 21 2473 3073 10
