r2_10_1

VEHICLE
NUMBER  CAPACITY
250   1000

CUSTOMER
CUST NO. XCOORD. YCOORD. DEMAND READY TIME DUE DATE SERVICE TIME

0  250  250   0   0  7697   0
237 188 119 44 3903 4016 10
553 199 203 20 5851 5928 10
137 241 180 13 6789 6887 10
165 248 176 32 5579 5753 10
190 245 176 20 4943 5055 10
944 209 212 18 6142 6200 10
775 197 202 29 4784 4966 10
336 217 207 26 5538 5642 10
415 212 186 11 6893 6999 10
273 226 175 23 6798 6871 10
535 188 151 7 5223 5270 10
400 181 185 19 6436 6594 10
994 203 211 20 5241 5330 10
606 223 178 20 4566 4645 10
743 178 135 21 6044 6187 10
