c1_10_7

VEHICLE
NUMBER   CAPACITY
250     200

CUSTOMER
CUST NO. XCOORD.  YCOORD.  DEMAND  READY TIME DUE DATE  SERVICE TIME

0   250    250     0     0    1824     0
205 406 87 10 878 1058 90
292 408 84 10 689 869 90
529 398 97 10 214 394 90
665 379 82 10 765 945 90
989 399 104 10 775 955 90
437 406 94 10 313 493 90
696 404 83 30 783 963 90
151 370 83 20 298 478 90
163 377 76 20 579 759 90
931 368 85 30 202 382 90
300 406 99 20 312 492 90
677 399 102 20 592 772 90
921 398 103 30 683 863 90
780 391 99 20 206 386 90
340 366 93 20 872 1052 90
26 379 80 20 673 853 90
37 409 88 20 595 775 90
479 406 96 20 221 401 90
137 370 82 40 389 569 90
582 407 98 10 218 398 90
514 403 93 10 1066 1246 90
173 367 83 30 205 385 90
917 399 106 20 867 1047 90
965 404 103 20 407 587 90
204 409 90 20 503 683 90
998 375 80 10 484 664 90
746 407 88 10 969 1149 90
719 411 95 30 408 588 90
740 400 103 10 501 681 90
