r2_10_2

VEHICLE
NUMBER  CAPACITY
250   1000

CUSTOMER
CUST NO. XCOORD. YCOORD. DEMAND READY TIME DUE DATE SERVICE TIME

0  250  250   0   0  7697   0
582 320 211 16 0 7607 10
6 273 255 18 0 7664 10
772 366 288 29 0 7565 10
694 386 245 16 0 7551 10
287 360 294 9 0 7569 10
520 297 283 28 0 7630 10
58 322 290 23 0 7605 10
917 357 290 24 0 7573 10
390 285 247 13 0 7652 10
658 366 260 23 0 7571 10
519 374 260 27 0 7563 10
576 306 229 10 0 7628 10
744 389 255 15 0 7548 10
809 374 232 33 0 7562 10
227 390 249 21 0 7547 10
852 359 287 24 0 7572 10
19 307 249 10 0 7630 10
