rc1_10_5

VEHICLE
NUMBER  CAPACITY
250   200

CUSTOMER
CUST NO. XCOORD. YCOORD. DEMAND READY TIME DUE DATE SERVICE TIME

0  250  250   0   0  1821   0
562 120 261 5 777 839 10
434 149 458 13 1151 1207 10
185 27 464 21 1259 1354 10
255 115 395 11 808 852 10
744 215 282 21 1405 1506 10
140 84 453 19 1180 1295 10
357 133 455 25 759 887 10
113 195 464 20 1519 1591 10
46 69 414 6 1259 1298 10
163 64 294 12 1090 1142 10
882 56 268 28 1049 1108 10
173 180 283 23 753 764 10
119 44 440 24 790 817 10
623 51 286 14 1455 1493 10
911 214 274 24 1356 1413 10
842 5 281 16 1365 1409 10
622 196 489 23 994 1097 10
302 157 269 31 1577 1606 10
608 122 422 3 1435 1509 10
697 167 445 7 1399 1455 10
168 175 422 24 1426 1496 10
770 84 377 10 915 968 10
257 218 403 15 1300 1369 10
292 154 374 36 898 1005 10
369 40 304 16 1133 1187 10
295 0 356 13 1057 1146 10
417 67 451 5 1211 1250 10
745 224 320 36 1266 1331 10
785 162 388 11 1092 1191 10
128 103 464 22 1242 1334 10
340 58 391 16 892 903 10
899 13 465 31 736 841 10
246 175 352 12 1572 1685 10
120 7 382 27 746 824 10
130 44 344 12 1072 1117 10
111 0 422 8 813 860 10
619 64 437 11 903 963 10
913 130 494 6 757 791 10
348 48 437 4 795 842 10
641 159 299 12 993 1069 10
972 28 467 34 1306 1409 10
86 97 288 22 1262 1337 10
946 76 462 18 958 984 10
221 33 286 11 1499 1592 10
433 33 278 18 1478 1526 10
907 19 273 25 974 1090 10
509 146 313 22 1175 1245 10
583 104 349 20 984 1064 10
551 107 374 8 908 951 10
283 111 392 18 1144 1225 10
387 142 360 20 1519 1574 10
766 12 358 7 1208 1271 10
90 230 320 8 1169 1246 10
182 179 497 1 1385 1467 10
