rc1_10_3

VEHICLE
NUMBER   CAPACITY
250     200

CUSTOMER
CUST NO. XCOORD.  YCOORD.  DEMAND  READY TIME DUE DATE  SERVICE TIME

0   250    250     0     0    1821     0
452 397 18 10 0 1537 10
455 407 88 10 0 1586 10
429 306 42 11 477 507 10
205 391 112 24 1000 1030 10
196 436 25 19 0 1520 10
444 480 152 26 0 1561 10
22 347 54 10 0 1593 10
322 364 71 5 0 1599 10
716 479 127 20 270 300 10
132 472 57 17 1295 1325 10
638 408 84 10 284 314 10
94 269 112 19 0 1672 10
490 324 99 10 0 1643 10
529 384 149 18 0 1644 10
454 488 3 3 401 431 10
856 433 15 20 297 327 10
849 275 42 30 238 268 10
836 240 34 28 0 1595 10
267 406 96 20 219 249 10
345 479 121 10 308 338 10
665 478 118 20 0 1548 10
652 251 63 14 0 1624 10
736 399 104 10 0 1603 10
969 489 17 10 380 410 10
96 371 71 21 0 1595 10
380 432 2 20 467 497 10
209 265 0 10 896 926 10
502 330 138 18 0 1674 10
870 299 98 30 0 1652 10
175 343 49 10 0 1590 10
676 335 57 30 210 240 10
35 467 114 10 0 1555 10
673 432 66 30 0 1553 10
797 275 45 20 225 255 10
121 459 53 20 0 1524 10
167 459 10 10 0 1493 10
198 389 17 10 0 1540 10
361 481 122 30 0 1547 10
558 282 1 18 0 1560 10
159 386 154 31 1101 1131 10
751 342 54 20 250 280 10
122 491 25 10 409 439 10
721 344 62 10 0 1601 10
568 277 50 10 201 231 10
570 344 70 24 1146 1176 10
844 398 23 10 270 300 10
819 347 62 10 0 1600 10
117 474 96 30 0 1540 10
118 268 52 10 306 336 10
103 382 110 24 0 1619 10
636 304 102 30 0 1654 10
172 385 17 40 809 839 10
953 492 34 5 0 1487 10
400 330 147 28 0 1681 10
982 337 41 8 0 1585 10
978 437 98 16 0 1571 10
331 480 119 7 0 1547 10
195 481 20 20 347 377 10
412 397 153 29 882 912 10
813 478 99 10 311 341 10
533 300 108 10 0 1661 10
810 269 46 20 0 1607 10
557 297 131 25 1165 1195 10
951 389 156 27 716 746 10
219 477 120 10 0 1550 10
57 389 11 20 0 1535 10
709 313 126 10 243 273 10
780 488 96 22 1066 1096 10
183 464 13 20 0 1492 10
769 331 134 11 0 1670 10
576 481 96 20 0 1534 10
616 437 15 30 0 1511 10
441 253 50 27 0 1611 10
320 476 61 36 0 1517 10
866 319 124 20 0 1668 10
239 403 93 10 0 1592 10
21 307 108 10 237 267 10
553 346 57 20 308 338 10
865 482 141 14 0 1555 10
674 374 116 9 587 617 10
371 323 29 7 0 1579 10
546 437 19 15 0 1514 10
445 404 83 30 298 328 10
781 341 72 9 0 1612 10
288 483 27 20 0 1489 10
399 485 104 21 794 824 10
456 459 14 20 315 345 10
263 485 27 10 0 1488 10
749 438 127 2 0 1587 10
446 476 94 20 0 1537 10
941 343 47 20 0 1588 10
282 391 18 10 0 1540 10
129 325 56 13 0 1604 10
804 415 95 15 0 1585 10
561 482 104 19 0 1537 10
701 461 8 20 0 1490 10
778 409 155 19 185 215 10
643 352 63 6 0 1598 10
933 317 123 20 0 1668 10
69 325 147 14 0 1684 10
325 304 97 20 182 212 10
321 406 94 10 0 1591 10
796 271 128 12 346 376 10
997 335 99 25 0 1638 10
521 399 106 20 0 1604 10
720 303 78 12 0 1632 10
23 406 87 10 0 1586 10
776 470 125 20 0 1558 10
809 435 11 40 302 332 10
852 267 44 20 0 1605 10
41 439 15 20 0 1510 10
732 340 54 10 238 268 10
435 257 57 18 1226 1256 10
364 398 20 20 0 1538 10
637 478 121 40 0 1550 10
646 351 5 12 496 526 10
699 269 48 20 281 311 10
963 477 122 10 330 360 10
264 323 118 20 0 1661 10
470 341 59 27 0 1600 10
903 399 102 20 0 1601 10
165 437 12 20 330 360 10
985 493 111 26 0 1532 10
820 404 140 8 0 1622 10
787 324 127 30 143 173 10
908 365 28 9 268 298 10
938 471 94 30 0 1541 10
708 491 20 20 394 424 10
112 429 67 16 732 762 10
528 273 55 20 0 1615 10
403 335 46 18 1342 1372 10
242 460 13 20 322 352 10
278 435 16 10 367 397 10
846 386 13 10 0 1538 10
675 478 102 10 324 354 10
873 459 17 20 411 441 10
841 404 103 20 242 272 10
884 307 102 40 210 240 10
287 346 60 10 321 351 10
377 397 20 20 280 310 10
654 281 96 1 1126 1156 10
926 351 128 15 1253 1283 10
564 292 32 14 0 1589 10
274 394 23 20 0 1543 10
365 481 26 30 0 1490 10
661 441 60 21 1459 1489 10
1000 341 58 10 224 254 10
896 476 102 20 336 366 10
259 253 74 20 1350 1380 10
901 394 47 5 313 343 10
336 441 7 20 392 422 10
750 239 15 2 604 634 10
235 326 118 10 0 1659 10
20 409 90 20 0 1586 10
131 418 75 11 448 478 10
861 409 88 20 0 1585 10
171 398 97 10 0 1599 10
474 339 60 20 211 241 10
236 365 74 24 848 878 10
829 460 2 20 0 1487 10
965 489 27 10 421 451 10
729 435 20 20 381 411 10
682 440 7 20 314 344 10
169 274 48 10 0 1608 10
784 480 136 22 256 286 10
232 390 34 7 1060 1090 10
767 315 121 10 203 233 10
223 393 20 20 0 1541 10
552 477 97 10 0 1538 10
762 305 107 20 0 1658 10
337 462 14 20 397 427 10
150 472 129 10 0 1559 10
998 485 24 20 326 356 10
249 439 156 2 526 556 10
110 483 14 10 0 1480 10
16 451 62 5 0 1536 10
33 390 120 24 1004 1034 10
824 411 95 30 243 273 10
814 391 99 20 0 1605 10
142 343 62 10 357 387 10
670 400 103 10 0 1601 10
594 452 110 14 340 370 10
612 313 119 30 216 246 10
726 397 57 17 1476 1506 10
977 480 131 5 0 1553 10
42 307 52 23 920 950 10
981 270 49 30 292 322 10
667 295 89 23 742 772 10
579 406 99 20 227 257 10
504 483 22 10 334 364 10
620 376 92 10 991 1021 10
231 458 16 20 313 343 10
571 481 84 17 506 536 10
326 297 102 10 155 185 10
108 488 26 30 0 1485 10
611 466 149 16 1186 1216 10
51 314 124 20 231 261 10
180 398 103 30 0 1603 10
950 481 124 10 0 1548 10
952 384 16 20 0 1542 10
565 262 92 25 630 660 10
48 323 77 36 1405 1435 10
990 393 12 10 0 1534 10
523 407 98 10 0 1593 10
