c1_10_9

VEHICLE
NUMBER   CAPACITY
250     200

CUSTOMER
CUST NO. XCOORD.  YCOORD.  DEMAND  READY TIME DUE DATE  SERVICE TIME

0   250    250     0     0    1824     0
455 266 405 20 532 892 90
141 428 291 10 551 911 90
451 386 405 20 206 566 90
578 388 408 10 213 573 90
993 475 480 30 694 1054 90
132 419 422 20 431 791 90
549 390 415 20 886 1246 90
638 321 277 10 75 435 90
647 413 287 10 1203 1563 90
339 394 333 20 349 709 90
785 422 409 10 234 594 90
849 388 418 10 217 577 90
836 335 255 20 85 445 90
755 400 286 10 154 514 90
267 421 415 30 237 597 90
252 267 400 10 627 987 90
10 410 285 20 348 708 90
969 277 403 10 250 610 90
837 419 418 10 244 604 90
864 477 478 20 787 1147 90
960 455 365 20 235 595 90
962 405 450 20 253 613 90
676 312 270 30 815 1175 90
735 388 325 10 818 1178 90
268 319 468 10 228 588 90
673 390 325 30 726 1086 90
684 457 374 10 795 1155 90
797 478 464 10 312 672 90
613 320 283 30 266 626 90
104 422 420 20 338 698 90
573 320 280 10 80 440 90
24 417 417 10 807 1167 90
115 404 447 20 250 610 90
307 395 295 20 526 886 90
283 436 241 20 1122 1482 90
558 392 424 10 787 1147 90
157 442 247 10 476 836 90
751 313 282 20 638 998 90
457 395 332 10 441 801 90
687 391 293 20 621 981 90
924 311 266 10 63 423 90
220 421 294 10 738 1098 90
568 413 417 10 991 1351 90
363 474 461 30 307 667 90
556 408 279 20 535 895 90
588 316 286 30 452 812 90
863 441 273 20 757 1117 90
117 444 271 10 481 841 90
118 325 466 40 514 874 90
28 374 489 20 269 629 90
1 387 297 10 144 504 90
43 470 473 10 1061 1421 90
250 439 266 10 189 549 90
574 322 468 20 420 780 90
734 402 264 20 152 512 90
210 323 471 30 327 687 90
657 443 272 10 665 1025 90
575 483 458 10 502 862 90
770 439 305 30 587 947 90
72 321 280 30 77 437 90
67 393 410 20 767 1127 90
636 384 491 20 743 1103 90
312 317 261 20 256 616 90
213 272 403 30 345 705 90
289 466 287 10 316 676 90
101 441 244 10 752 1112 90
534 446 319 30 210 570 90
743 408 452 10 347 707 90
60 476 483 10 510 870 90
166 393 301 30 333 693 90
810 459 368 10 240 600 90
951 341 257 20 277 637 90
29 440 247 20 568 928 90
959 462 367 20 333 693 90
162 406 257 10 436 796 90
107 404 264 20 248 608 90
314 442 310 20 491 851 90
897 326 466 30 605 965 90
976 421 292 20 176 536 90
480 459 374 20 703 1063 90
45 478 461 10 316 676 90
576 312 267 10 722 1082 90
458 423 290 10 179 539 90
152 444 242 10 291 651 90
527 382 498 10 464 824 90
768 445 273 20 573 933 90
623 400 260 40 150 510 90
354 392 426 10 514 874 90
640 389 334 20 164 524 90
914 270 400 10 151 511 90
397 419 459 20 631 991 90
239 423 294 10 646 1006 90
19 480 455 10 971 1331 90
21 337 257 20 654 1014 90
584 471 484 10 415 775 90
254 445 237 10 195 555 90
221 434 245 10 1190 1550 90
973 378 493 30 277 637 90
251 269 402 20 438 798 90
826 435 267 20 1038 1398 90
7 393 408 30 489 849 90
621 272 402 10 155 515 90
87 337 251 10 87 447 90
392 442 243 10 844 1204 90
6 322 465 10 226 586 90
555 391 426 10 605 965 90
476 390 423 10 222 582 90
947 316 284 20 360 720 90
427 396 410 10 674 1034 90
940 439 312 30 198 558 90
925 416 420 20 525 885 90
747 380 489 20 934 1294 90
939 405 455 40 736 1096 90
717 401 281 20 816 1176 90
854 388 331 20 160 520 90
487 460 288 10 213 573 90
748 395 331 20 532 892 90
469 415 223 20 1100 1460 90
494 398 428 10 417 777 90
69 337 256 20 87 447 90
980 319 470 10 233 593 90
325 398 325 30 628 988 90
796 343 254 20 184 544 90
997 332 249 30 82 442 90
521 334 240 30 374 734 90
304 460 374 20 612 972 90
147 387 488 20 837 1197 90
515 399 301 30 429 789 90
202 328 466 30 697 1057 90
704 402 284 30 160 520 90
629 441 265 40 192 552 90
453 440 241 10 936 1296 90
776 403 262 30 340 700 90
809 477 483 20 601 961 90
435 436 264 20 186 546 90
591 425 288 10 456 816 90
788 389 428 20 228 588 90
702 319 260 20 348 708 90
637 418 290 10 1017 1377 90
420 338 260 20 470 830 90
346 390 408 30 305 665 90
217 416 417 20 898 1258 90
650 459 295 20 1061 1421 90
99 406 285 20 254 614 90
737 321 263 20 532 892 90
495 344 262 20 373 733 90
85 470 290 10 685 1045 90
123 399 450 20 834 1194 90
188 380 498 10 372 732 90
554 468 295 10 781 1141 90
783 388 334 20 161 521 90
330 439 268 10 853 1213 90
590 316 258 20 163 523 90
775 376 494 30 274 634 90
848 416 288 20 1110 1470 90
508 443 237 20 193 553 90
572 465 287 10 407 767 90
439 315 287 30 543 903 90
580 459 372 20 519 879 90
440 408 453 10 438 798 90
112 443 246 20 385 745 90
528 391 429 20 320 680 90
280 473 475 10 972 1332 90
598 405 276 20 629 989 90
482 468 475 10 313 673 90
738 444 313 20 307 667 90
617 390 294 20 712 1072 90
70 389 300 10 149 509 90
798 423 286 20 273 633 90
873 315 265 10 628 988 90
841 461 369 10 426 786 90
120 335 243 20 281 641 90
512 412 453 10 532 892 90
55 420 295 20 830 1190 90
295 483 457 20 593 953 90
365 337 241 20 188 548 90
302 487 450 10 781 1141 90
233 466 295 20 873 1233 90
996 330 242 30 469 829 90
336 436 237 20 186 546 90
362 270 401 20 152 512 90
599 400 288 30 154 514 90
485 267 394 10 814 1174 90
583 335 256 10 746 1106 90
861 391 334 20 256 616 90
829 450 265 10 291 651 90
625 470 475 30 314 674 90
248 435 268 10 947 1307 90
860 439 243 20 1029 1389 90
566 338 257 20 563 923 90
187 481 456 40 879 1239 90
833 453 367 20 893 1253 90
199 320 262 10 440 800 90
526 413 421 10 618 978 90
899 467 285 20 224 584 90
255 461 284 10 213 573 90
223 411 421 20 710 1070 90
552 386 414 10 956 1316 90
337 318 280 20 172 532 90
655 415 289 20 169 529 90
547 328 458 10 795 1155 90
694 342 254 10 93 453 90
757 440 244 10 661 1021 90
228 402 265 20 156 516 90
883 418 295 20 922 1282 90
224 315 260 10 70 430 90
807 443 313 30 398 758 90
245 381 495 20 557 917 90
685 391 413 10 861 1221 90
273 402 281 20 725 1085 90
496 390 301 10 240 600 90
342 391 425 20 696 1056 90
585 339 244 30 95 455 90
443 391 407 10 397 757 90
68 480 460 20 408 768 90
86 268 400 20 718 1078 90
790 475 477 20 880 1240 90
620 460 367 20 241 601 90
231 385 295 20 142 502 90
56 451 367 20 985 1345 90
649 407 280 10 444 804 90
611 439 310 10 198 558 90
793 381 494 10 648 1008 90
51 424 286 10 364 724 90
180 485 454 10 686 1046 90
206 394 407 20 581 941 90
155 312 264 20 63 423 90
950 466 291 10 501 861 90
423 468 291 30 593 953 90
486 406 450 20 254 614 90
990 472 481 20 322 682 90
992 401 255 30 531 891 90
881 460 293 30 969 1329 90
605 389 404 10 207 567 90
523 444 269 20 389 749 90
