c2_10_10

VEHICLE
NUMBER  CAPACITY
250   700

CUSTOMER
CUST NO. XCOORD. YCOORD. DEMAND READY TIME DUE DATE SERVICE TIME

0  250  250   0   0  3914   0
734 74 363 40 2403 3283 90
235 85 486 30 2278 3158 90
609 86 359 10 2748 3628 90
177 172 435 30 2701 3581 90
377 50 343 10 2394 3274 90
386 166 434 40 2605 3485 90
317 74 360 40 2496 3376 90
765 157 436 20 2413 3293 90
947 66 359 20 2731 3611 90
517 74 374 20 2302 3182 90
160 95 475 20 2565 3445 90
225 94 456 20 2686 3566 90
977 71 348 10 2695 3575 90
657 46 341 10 2299 3179 90
433 160 431 30 2742 3622 90
956 87 481 10 2373 3253 90
841 67 357 10 2684 3564 90
152 71 368 20 2730 3610 90
508 79 346 10 2748 3628 90
299 156 434 10 2505 3385 90
207 94 479 20 2470 3350 90
45 95 466 10 2664 3544 90
719 86 361 20 2746 3626 90
873 95 356 10 2757 3637 90
458 69 346 10 2602 3482 90
698 77 360 10 2739 3619 90
82 89 358 20 2751 3631 90
248 73 360 20 2587 3467 90
388 156 421 30 2749 3629 90
112 72 341 10 2506 3386 90
222 168 433 20 2744 3624 90
780 155 447 20 2312 3192 90
644 78 361 10 2740 3620 90
