c2_10_6

VEHICLE
NUMBER  CAPACITY
250   700

CUSTOMER
CUST NO. XCOORD. YCOORD. DEMAND READY TIME DUE DATE SERVICE TIME

0  250  250   0   0  3914   0
825 400 376 40 541 1143 90
512 409 361 30 907 1366 90
501 399 352 10 1094 1587 90
110 406 339 20 179 630 90
669 412 367 20 809 1271 90
262 402 362 20 1158 1723 90
541 413 350 10 1361 1913 90
413 404 378 10 718 1156 90
148 403 361 10 1323 1742 90
566 394 356 30 178 628 90
86 394 367 30 197 723 90
132 400 364 30 440 859 90
697 404 346 10 1005 1480 90
475 401 368 20 452 1036 90
889 395 365 30 185 722 90
339 393 368 10 317 787 90
