r1_10_9

VEHICLE
NUMBER  CAPACITY
250   200

CUSTOMER
CUST NO. XCOORD. YCOORD. DEMAND READY TIME DUE DATE SERVICE TIME

0  250  250   0   0  1925   0
436 179 497 1 1405 1447 10
340 177 404 17 1240 1315 10
688 114 460 14 1079 1123 10
369 177 486 20 1590 1634 10
619 195 464 20 1514 1598 10
470 196 489 23 1037 1053 10
238 208 445 22 1290 1404 10
349 122 422 3 1445 1498 10
840 195 450 16 1469 1533 10
408 174 376 8 1417 1452 10
860 142 360 20 1504 1590 10
171 111 392 18 1146 1222 10
333 161 416 25 993 1059 10
690 154 374 36 930 973 10
909 174 397 32 1222 1297 10
539 167 445 7 1393 1461 10
923 138 406 8 1195 1267 10
888 153 362 7 1136 1217 10
321 178 420 18 1042 1130 10
981 175 422 24 1434 1489 10
926 199 438 3 1344 1406 10
479 162 388 11 1119 1164 10
670 149 458 13 1153 1204 10
837 173 474 14 1254 1345 10
