r1_10_2

VEHICLE
NUMBER  CAPACITY
250   200

CUSTOMER
CUST NO. XCOORD. YCOORD. DEMAND READY TIME DUE DATE SERVICE TIME

0  250  250   0   0  1925   0
613 333 163 32 0 1795 10
790 267 290 15 0 1872 10
497 380 194 3 0 1774 10
530 359 246 18 0 1806 10
618 284 319 17 0 1839 10
686 355 174 33 0 1786 10
485 360 294 9 0 1797 10
407 295 283 26 0 1860 10
960 391 202 14 0 1767 10
286 361 178 5 0 1783 10
142 322 290 23 0 1833 10
967 359 287 24 0 1800 10
712 318 280 21 0 1841 10
743 285 247 13 0 1880 10
741 360 284 19 0 1800 10
278 297 283 28 0 1858 10
