c2_10_4

VEHICLE
NUMBER   CAPACITY
250     700

CUSTOMER
CUST NO. XCOORD.  YCOORD.  DEMAND  READY TIME DUE DATE  SERVICE TIME

0   250    250     0     0    3914     0
773 244 94 20 1795 1955 90
578 247 89 20 0 3663 90
837 243 88 20 0 3662 90
437 259 90 30 0 3664 90
268 236 95 30 0 3669 90
283 243 108 20 0 3682 90
924 238 83 20 0 3657 90
771 247 82 30 0 3656 90
752 245 109 20 0 3683 90
488 235 81 20 0 3655 90
210 260 104 20 157 317 90
575 263 91 20 0 3665 90
219 261 84 10 0 3658 90
91 236 96 20 1604 1764 90
343 241 77 30 1225 1385 90
309 255 120 10 0 3694 90
843 253 81 10 0 3655 90
732 256 117 20 0 3691 90
788 236 92 10 2210 2370 90
438 265 77 20 0 3651 90
562 247 88 30 0 3662 90
240 241 98 20 0 3672 90
204 238 57 30 0 3631 90
58 259 76 10 0 3650 90
415 259 88 20 0 3662 90
547 238 84 10 1634 1794 90
203 261 96 40 0 3670 90
869 245 96 20 0 3670 90
838 250 72 20 1125 1285 90
406 265 94 10 0 3668 90
