c1_10_8

VEHICLE
NUMBER  CAPACITY
250   200

CUSTOMER
CUST NO. XCOORD. YCOORD. DEMAND READY TIME DUE DATE SERVICE TIME

0  250  250   0   0  1824   0
844 207 223 10 500 719 90
442 226 191 20 295 561 90
368 198 271 20 285 554 90
654 197 270 30 374 648 90
191 199 187 20 338 585 90
702 319 260 20 412 643 90
918 197 267 10 504 704 90
613 320 283 30 324 567 90
277 238 204 20 459 741 90
804 231 195 20 415 633 90
438 234 246 10 424 695 90
498 236 247 20 379 555 90
715 230 197 40 513 721 90
5 286 159 20 434 693 90
143 205 223 20 359 677 90
712 201 188 10 411 697 90
199 320 262 10 559 681 90
643 206 225 10 334 516 90
964 234 202 10 279 550 90
947 316 284 20 424 655 90
988 238 203 10 377 641 90
312 317 261 20 315 557 90
