rc2_10_9

VEHICLE
NUMBER  CAPACITY
250   1000

CUSTOMER
CUST NO. XCOORD. YCOORD. DEMAND READY TIME DUE DATE SERVICE TIME

0  250  250   0   0  7284   0
934 408 318 15 2392 2872 10
202 346 354 8 3090 3570 10
398 348 348 23 3559 4039 10
222 370 262 15 4218 4698 10
655 333 293 27 2288 2768 10
178 322 290 23 5736 6216 10
863 381 328 12 2689 3169 10
296 297 283 28 5218 5698 10
338 360 294 9 5491 5971 10
494 366 288 29 2555 3035 10
738 360 284 19 2486 2966 10
67 299 285 3 4835 5315 10
237 331 356 13 2667 3147 10
181 385 285 13 3292 3772 10
430 374 306 4 3796 4276 10
224 330 308 24 4502 4982 10
722 371 315 18 4483 4963 10
758 380 350 15 3286 3766 10
597 368 311 14 3524 4004 10
631 394 322 12 3919 4399 10
284 330 281 14 5142 5622 10
