r1_10_7

VEHICLE
NUMBER  CAPACITY
250   200

CUSTOMER
CUST NO. XCOORD. YCOORD. DEMAND READY TIME DUE DATE SERVICE TIME

0  250  250   0   0  1925   0
925 231 410 14 0 1754 10
900 241 402 11 0 1763 10
856 243 402 13 0 1763 10
615 311 422 29 0 1733 10
77 225 369 38 0 1794 10
908 256 441 34 0 1724 10
97 218 403 15 0 1759 10
358 313 391 5 0 1761 10
526 322 406 17 0 1744 10
474 243 408 15 0 1757 10
669 288 439 16 0 1723 10
451 274 442 17 0 1722 10
710 261 359 10 0 1806 10
445 268 351 7 0 1813 10
306 286 356 30 0 1804 10
626 270 337 20 0 1826 10
851 237 420 15 0 1745 10
102 274 441 12 0 1723 10
744 248 386 22 0 1779 10
374 307 412 8 0 1744 10
522 274 403 17 0 1761 10
346 283 454 14 0 1709 10
569 240 362 23 0 1803 10
450 284 457 17 0 1706 10
783 330 371 1 0 1770 10
12 260 472 33 0 1693 10
413 250 441 5 0 1724 10
656 299 353 34 0 1801 10
132 331 356 13 0 1782 10
817 246 407 12 0 1758 10
99 228 399 14 0 1765 10
96 262 369 15 0 1796 10
