c2_10_10

VEHICLE
NUMBER   CAPACITY
250     700

CUSTOMER
CUST NO. XCOORD.  YCOORD.  DEMAND  READY TIME DUE DATE  SERVICE TIME

0   250    250     0     0    3914     0
15 252 347 10 2551 3431 90
292 221 374 30 770 1650 90
348 239 373 10 1545 2425 90
559 203 369 10 481 1361 90
600 254 335 10 2653 3533 90
80 216 380 20 1940 2820 90
31 220 394 10 2423 3303 90
542 214 372 10 583 1463 90
652 261 371 20 618 1498 90
96 266 373 10 433 1313 90
960 264 365 10 895 1775 90
962 233 346 20 2351 3231 90
676 260 330 40 2843 3723 90
335 229 396 30 2522 3402 90
47 229 364 10 2152 3032 90
115 222 381 20 2229 3109 90
157 251 376 10 2818 3698 90
118 220 384 10 2323 3203 90
67 277 371 30 235 1115 90
907 262 352 10 1276 2156 90
312 232 378 20 1834 2714 90
958 241 362 10 2050 2930 90
680 220 362 20 971 1851 90
111 191 397 20 158 1038 90
146 241 375 10 1638 2518 90
584 234 383 10 1739 2619 90
61 236 361 30 1353 2233 90
350 284 360 30 115 995 90
149 257 336 10 2746 3626 90
282 222 356 20 1248 2128 90
494 263 351 10 1185 2065 90
374 258 350 20 1462 2342 90
521 254 357 20 1652 2532 90
577 253 382 10 2730 3610 90
513 206 377 20 199 1079 90
78 272 365 30 333 1213 90
23 209 358 30 1117 1997 90
428 213 363 30 874 1754 90
99 220 379 10 2034 2914 90
73 278 357 10 110 990 90
352 279 369 10 142 1022 90
590 202 386 20 144 1024 90
775 244 371 20 1950 2830 90
182 242 350 10 2451 3331 90
390 265 358 20 992 1872 90
651 278 329 10 83 963 90
731 241 391 30 2625 3505 90
403 261 350 10 1369 2249 90
764 250 367 20 1753 2633 90
900 216 374 30 675 1555 90
491 261 370 30 709 1589 90
845 233 441 20 2753 3633 90
827 277 369 30 122 1002 90
20 259 355 20 1557 2437 90
236 204 371 30 389 1269 90
519 239 369 30 1451 2331 90
310 214 382 30 2131 3011 90
187 262 368 30 802 1682 90
867 206 379 10 136 1016 90
794 210 359 10 1208 2088 90
890 208 371 20 295 1175 90
807 234 350 10 2257 3137 90
746 263 372 10 526 1406 90
245 255 371 40 1849 2729 90
126 220 359 30 1064 1944 90
342 280 351 30 105 985 90
878 222 357 30 1157 2037 90
184 268 351 10 1090 1970 90
