r1_10_8

VEHICLE
NUMBER  CAPACITY
250   200

CUSTOMER
CUST NO. XCOORD. YCOORD. DEMAND READY TIME DUE DATE SERVICE TIME

0  250  250   0   0  1925   0
271 372 39 10 0 1672 10
778 393 98 13 0 1707 10
793 418 75 11 0 1673 10
37 412 100 1 0 1695 10
376 420 80 24 0 1675 10
181 392 95 16 0 1705 10
76 407 35 11 0 1649 10
660 385 17 40 0 1646 10
661 382 110 24 0 1723 10
823 364 71 5 0 1703 10
620 382 9 30 0 1641 10
221 383 17 15 0 1647 10
131 415 95 15 0 1689 10
774 385 58 24 0 1681 10
766 365 74 24 0 1705 10
601 396 83 15 0 1694 10
668 404 59 13 0 1670 10
153 367 97 17 0 1723 10
149 398 49 21 0 1666 10
348 392 87 23 0 1699 10
317 388 44 22 0 1668 10
931 372 97 13 0 1720 10
270 397 57 17 0 1673 10
709 400 71 17 0 1682 10
494 376 92 10 0 1713 10
434 389 43 21 0 1666 10
477 415 118 19 0 1704 10
652 394 47 5 0 1667 10
292 371 71 21 0 1699 10
