r2_10_9

VEHICLE
NUMBER  CAPACITY
250   1000

CUSTOMER
CUST NO. XCOORD. YCOORD. DEMAND READY TIME DUE DATE SERVICE TIME

0  250  250   0   0  7697   0
840 429 389 18 1622 1891 10
747 330 371 1 2102 2486 10
351 382 360 26 649 895 10
846 398 329 17 577 765 10
481 334 403 26 329 1067 10
677 387 349 9 282 1070 10
927 405 349 15 2119 2179 10
112 371 332 14 1951 2405 10
332 366 334 5 1370 2031 10
564 376 385 12 630 847 10
904 418 399 20 1678 1943 10
968 410 399 25 722 1268 10
988 413 391 8 902 955 10
201 374 346 27 1632 1856 10
836 414 378 23 1912 2167 10
