rc2_10_7

VEHICLE
NUMBER  CAPACITY
250   1000

CUSTOMER
CUST NO. XCOORD. YCOORD. DEMAND READY TIME DUE DATE SERVICE TIME

0  250  250   0   0  7284   0
483 445 273 20 873 1309 10
26 441 265 40 621 1077 10
794 436 295 11 2040 2306 10
492 443 272 10 876 1405 10
567 405 276 20 941 1053 10
428 443 246 20 820 1137 10
693 441 273 20 1082 1297 10
301 442 289 25 696 952 10
486 495 227 20 1164 1707 10
123 439 243 20 1131 1497 10
133 460 328 13 552 1321 10
375 436 264 20 643 849 10
491 453 318 30 1397 1713 10
227 451 305 13 658 1009 10
81 407 280 10 798 990 10
544 406 285 20 683 866 10
690 442 243 10 933 1495 10
341 410 285 20 730 931 10
692 445 237 10 739 985 10
329 408 279 20 782 1097 10
560 440 244 10 691 1557 10
918 489 274 31 2040 2350 10
520 499 316 18 2325 2769 10
777 435 268 10 1192 1421 10
515 444 242 10 810 1034 10
516 444 271 10 860 1225 10
928 490 286 29 1997 2300 10
155 439 266 10 632 970 10
303 440 241 10 1201 1330 10
764 450 265 10 748 1102 10
971 440 247 20 811 1333 10
713 442 247 10 893 1156 10
401 443 237 20 679 948 10
260 436 241 20 1293 1445 10
573 441 244 10 1023 1313 10
707 444 269 20 680 1309 10
188 439 268 10 1079 1422 10
548 435 267 20 1140 1562 10
683 434 245 10 1359 1494 10
