rc1_10_2

VEHICLE
NUMBER   CAPACITY
250     200

CUSTOMER
CUST NO. XCOORD.  YCOORD.  DEMAND  READY TIME DUE DATE  SERVICE TIME

0   250    250     0     0    1821     0
216 402 284 30 165 195 10
755 399 301 30 194 224 10
542 321 277 10 0 1736 10
989 343 276 15 96 126 10
398 348 348 23 0 1673 10
960 393 301 30 0 1660 10
537 398 325 30 233 263 10
416 390 294 20 237 267 10
792 321 280 30 77 107 10
237 331 356 13 712 742 10
24 371 332 14 530 560 10
178 322 290 23 1479 1509 10
771 320 280 10 0 1735 10
556 359 287 24 115 145 10
863 381 328 12 717 747 10
210 391 293 20 226 256 10
518 388 334 20 0 1650 10
931 398 329 17 167 197 10
67 299 285 3 0 1751 10
934 408 318 15 643 673 10
481 385 295 20 0 1669 10
544 406 285 20 0 1652 10
722 371 315 18 0 1674 10
631 394 322 12 0 1651 10
338 360 294 9 1418 1448 10
402 316 286 30 137 167 10
66 400 288 30 154 184 10
146 395 332 10 206 236 10
201 390 325 30 251 281 10
472 395 295 20 211 241 10
63 388 331 20 160 190 10
973 388 325 10 263 293 10
826 366 334 5 410 440 10
691 402 281 20 0 1656 10
87 316 284 20 125 155 10
854 390 249 21 582 612 10
393 320 283 30 0 1734 10
494 366 288 29 0 1689 10
894 389 300 10 154 184 10
181 385 285 13 0 1672 10
202 346 354 8 817 847 10
284 330 281 14 1330 1360 10
430 374 306 4 0 1675 10
352 400 286 10 154 184 10
603 401 281 20 261 291 10
644 365 274 14 117 147 10
738 360 284 19 0 1696 10
758 380 350 15 866 896 10
532 390 301 10 165 195 10
11 313 282 20 163 193 10
315 394 333 20 194 224 10
296 297 283 28 1349 1379 10
545 391 334 20 0 1647 10
114 356 256 19 106 136 10
389 315 287 30 148 178 10
655 333 293 27 617 647 10
222 370 262 15 1099 1129 10
224 330 308 24 1170 1200 10
685 389 334 20 169 199 10
105 395 331 20 217 247 10
909 387 297 10 144 174 10
265 330 371 1 559 589 10
983 318 280 20 0 1737 10
597 368 311 14 0 1679 10
992 340 291 22 470 500 10
