rc2_10_3

VEHICLE
NUMBER   CAPACITY
250     1000

CUSTOMER
CUST NO. XCOORD.  YCOORD.  DEMAND  READY TIME DUE DATE  SERVICE TIME

0   250    250     0     0    7284     0
587 69 336 20 0 7074 10
12 60 454 10 0 6996 10
993 3 292 20 1022 1142 10
461 17 458 10 0 6962 10
348 48 437 4 3215 3335 10
376 15 457 20 0 6961 10
689 59 457 30 0 6993 10
593 22 483 30 1244 1364 10
696 52 303 25 1765 1885 10
268 49 451 20 1120 1240 10
369 40 304 16 0 7058 10
75 30 302 10 1066 1186 10
589 13 459 20 0 6959 10
335 50 438 20 0 7000 10
307 25 307 10 998 1118 10
937 35 304 30 870 990 10
157 62 453 10 1179 1299 10
703 59 459 20 1245 1365 10
728 0 297 10 0 7020 10
924 17 459 10 1688 1808 10
822 67 335 20 967 1087 10
160 38 301 20 1182 1302 10
664 51 447 10 1178 1298 10
858 12 463 20 0 6955 10
966 12 451 20 0 6963 10
830 67 334 20 923 1043 10
489 21 487 10 0 6945 10
130 44 344 12 4318 4438 10
575 1 293 10 1071 1191 10
535 8 300 10 1423 1543 10
770 84 377 10 3705 3825 10
907 19 273 25 0 7042 10
139 29 336 22 1326 1446 10
60 71 333 10 775 895 10
119 44 440 24 0 6994 10
739 53 466 9 1340 1460 10
32 18 462 20 0 6960 10
842 5 281 16 0 7028 10
634 11 403 18 0 6991 10
111 0 422 8 0 6971 10
586 53 440 10 1292 1412 10
619 64 437 11 3673 3793 10
152 62 326 20 1145 1265 10
880 13 394 15 1490 1610 10
397 16 497 20 0 6934 10
19 7 300 30 1379 1499 10
340 58 391 16 3529 3649 10
615 35 306 20 918 1038 10
221 33 286 11 6184 6304 10
309 58 458 10 1291 1411 10
550 16 462 10 0 6959 10
902 16 287 12 1083 1203 10
359 59 388 20 2651 2771 10
46 69 414 6 0 7030 10
925 66 448 10 1021 1141 10
747 26 490 10 0 6946 10
243 0 293 30 0 7021 10
62 20 489 10 1533 1653 10
469 35 303 20 0 7053 10
366 63 444 20 0 7005 10
980 49 437 7 1710 1830 10
987 67 452 30 1078 1198 10
704 24 492 10 1848 1968 10
624 20 488 10 1489 1609 10
606 21 488 10 1445 1565 10
811 7 292 10 0 7028 10
513 44 311 27 1630 1750 10
782 58 449 30 1451 1571 10
421 6 292 10 970 1090 10
382 6 296 10 0 7026 10
97 5 297 10 0 7025 10
554 14 459 20 0 6959 10
783 16 460 20 0 6960 10
9 25 499 10 1780 1900 10
601 66 336 10 0 7071 10
100 2 295 30 1223 1343 10
334 73 328 20 0 7081 10
609 65 453 30 0 7000 10
120 7 382 27 0 6998 10
295 0 356 13 4345 4465 10
381 63 336 20 0 7069 10
358 16 463 20 0 6958 10
642 95 382 19 0 7071 10
583 104 349 20 0 7098 10
905 18 484 10 1300 1420 10
625 13 455 10 0 6961 10
645 30 301 10 0 7049 10
185 27 464 21 5164 5284 10
975 5 445 30 0 6961 10
899 13 465 31 3094 3214 10
705 55 449 20 1054 1174 10
318 21 485 30 1353 1473 10
102 54 445 10 1232 1352 10
279 8 497 40 0 6929 10
496 13 314 14 975 1095 10
869 69 334 30 824 944 10
569 32 319 21 0 7046 10
972 28 467 34 5370 5490 10
791 96 346 26 741 861 10
812 44 496 32 1607 1727 10
766 12 358 7 4897 5017 10
417 67 451 5 0 7003 10
