r2_10_4

VEHICLE
NUMBER  CAPACITY
250   1000

CUSTOMER
CUST NO. XCOORD. YCOORD. DEMAND READY TIME DUE DATE SERVICE TIME

0  250  250   0   0  7697   0
349 195 273 22 156 320 10
220 298 264 36 147 253 10
806 172 292 17 370 485 10
72 215 293 13 128 315 10
20 179 286 8 1380 1469 10
946 201 278 13 170 282 10
984 247 306 33 182 266 10
898 265 240 9 21 123 10
235 162 306 22 494 580 10
704 306 235 25 172 291 10
993 287 256 18 61 239 10
803 293 228 19 133 253 10
313 267 290 15 111 236 10
204 173 182 25 383 438 10
89 166 247 1 291 382 10
454 318 280 21 254 340 10
59 159 226 16 314 439 10
977 290 328 7 555 714 10
490 191 215 17 211 338 10
