c2_10_10

VEHICLE
NUMBER  CAPACITY
250   700

CUSTOMER
CUST NO. XCOORD. YCOORD. DEMAND READY TIME DUE DATE SERVICE TIME

0  250  250   0   0  3914   0
546 344 46 30 1300 2180 90
323 356 77 20 1889 2769 90
295 335 52 20 1401 2281 90
416 362 17 10 1524 2404 90
700 366 16 20 1618 2498 90
365 335 54 30 1493 2373 90
52 368 17 20 1661 2541 90
864 385 28 10 1926 2806 90
11 365 18 20 1853 2733 90
72 414 62 10 1326 2206 90
211 337 63 30 1685 2565 90
815 417 56 20 1422 2302 90
244 373 22 10 1952 2832 90
655 381 20 20 1468 2348 90
205 383 18 20 1283 2163 90
369 416 48 10 1520 2400 90
952 366 34 10 1726 2606 90
515 375 31 20 1825 2705 90
534 351 75 10 1794 2674 90
496 374 17 10 1565 2445 90
910 361 15 20 1758 2638 90
894 346 13 20 1326 2206 90
435 335 64 10 1593 2473 90
701 348 16 30 1420 2300 90
331 382 17 20 1374 2254 90
