rc1_10_5

VEHICLE
NUMBER  CAPACITY
250   200

CUSTOMER
CUST NO. XCOORD. YCOORD. DEMAND READY TIME DUE DATE SERVICE TIME

0  250  250   0   0  1821   0
636 304 102 30 173 251 10
810 269 46 20 237 330 10
884 307 102 40 173 277 10
715 233 87 18 246 289 10
540 253 118 19 538 586 10
852 267 44 20 265 276 10
762 305 107 20 214 266 10
169 274 48 10 217 236 10
441 253 50 27 200 317 10
21 307 108 10 238 267 10
118 268 52 10 292 350 10
565 262 92 25 607 684 10
568 277 50 10 201 243 10
533 300 108 10 150 256 10
325 304 97 20 162 231 10
796 271 128 12 326 395 10
528 273 55 20 196 203 10
429 306 42 11 474 509 10
750 239 15 2 567 670 10
326 297 102 10 155 198 10
720 303 78 12 179 260 10
981 270 49 30 292 323 10
849 275 42 30 225 280 10
870 299 98 30 159 214 10
797 275 45 20 206 306 10
564 292 32 14 222 276 10
699 269 48 20 283 309 10
490 324 99 10 305 401 10
