rc2_10_9

VEHICLE
NUMBER  CAPACITY
250   1000

CUSTOMER
CUST NO. XCOORD. YCOORD. DEMAND READY TIME DUE DATE SERVICE TIME

0  250  250   0   0  7284   0
914 23 67 30 1377 1857 10
881 15 68 10 1031 1511 10
343 21 64 20 1229 1709 10
717 6 53 8 2168 2648 10
266 25 65 10 1325 1805 10
204 17 65 20 1127 1607 10
943 16 68 20 1075 1555 10
816 24 65 10 1281 1761 10
572 21 68 20 1426 1906 10
422 18 63 10 1176 1656 10
748 44 115 24 745 1225 10
418 24 68 20 1478 1958 10
174 71 12 2 992 1472 10
488 30 72 10 1546 2026 10
640 20 73 10 921 1401 10
851 15 69 10 987 1467 10
687 18 24 32 2333 2813 10
