c1_10_2

VEHICLE
NUMBER  CAPACITY
250   200

CUSTOMER
CUST NO. XCOORD. YCOORD. DEMAND READY TIME DUE DATE SERVICE TIME

0  250  250   0   0  1824   0
880 114 225 30 0 1596 90
297 95 224 20 0 1577 90
417 146 205 10 0 1621 90
519 151 207 10 0 1627 90
778 96 213 30 0 1576 90
23 131 220 30 0 1612 90
491 87 217 10 0 1568 90
610 126 220 20 0 1607 90
441 128 225 10 0 1610 90
186 154 207 20 0 1629 90
524 132 223 30 0 1613 90
150 92 216 10 0 1573 90
77 143 207 30 0 1619 90
695 92 223 10 0 1574 90
129 93 213 30 0 1573 90
