rc2_10_5

VEHICLE
NUMBER  CAPACITY
250   1000

CUSTOMER
CUST NO. XCOORD. YCOORD. DEMAND READY TIME DUE DATE SERVICE TIME

0  250  250   0   0  7284   0
591 484 177 20 873 1259 10
720 303 78 12 680 759 10
528 273 55 20 783 788 10
490 324 99 10 1198 1626 10
969 489 17 10 1345 1815 10
889 420 224 10 1713 1839 10
776 470 125 20 861 1164 10
884 307 102 40 831 967 10
131 418 75 11 1732 1972 10
233 423 214 20 723 1131 10
235 326 118 10 391 912 10
455 407 88 10 1108 1607 10
682 440 7 20 1146 1484 10
927 352 176 20 273 736 10
150 472 129 10 914 1227 10
856 433 15 20 1077 1306 10
977 480 131 5 2590 3031 10
638 408 84 10 1156 1239 10
875 477 179 20 773 1129 10
298 417 217 30 553 1075 10
38 391 202 14 402 790 10
249 439 156 2 2099 2227 10
576 481 96 20 1078 1418 10
365 481 26 30 1133 1441 10
320 476 61 36 1779 1931 10
165 437 12 20 1202 1554 10
954 371 200 10 942 973 10
345 479 121 10 1212 1369 10
445 404 83 30 1192 1315 10
23 406 87 10 1225 1398 10
665 478 118 20 1354 1601 10
325 304 97 20 612 963 10
819 347 62 10 1126 1661 10
68 378 199 10 719 1058 10
1000 341 58 10 688 1222 10
89 415 223 20 1266 1292 10
701 461 8 20 1426 1647 10
263 485 27 10 1684 2003 10
287 346 60 10 1203 1487 10
787 324 127 30 529 619 10
844 398 23 10 988 1179 10
391 263 153 12 1588 1831 10
901 394 47 5 1043 1580 10
175 343 49 10 909 1331 10
896 476 102 20 1244 1566 10
616 437 15 30 1337 1625 10
629 413 217 20 649 783 10
110 483 14 10 1355 1671 10
169 274 48 10 740 1070 10
533 300 108 10 366 838 10
326 297 102 10 472 866 10
552 477 97 10 894 1488 10
870 299 98 30 648 806 10
778 409 155 19 596 886 10
274 394 23 20 1486 1865 10
985 493 111 26 2141 2307 10
51 314 124 20 942 1025 10
672 435 180 37 852 1064 10
637 478 121 40 1270 1399 10
729 435 20 20 1570 1602 10
990 393 12 10 1004 1589 10
579 406 99 20 901 1035 10
751 342 54 20 1040 1079 10
813 478 99 10 1077 1533 10
41 439 15 20 1391 1474 10
784 480 136 22 901 1152 10
486 495 227 20 1361 1511 10
285 344 203 14 613 846 10
514 361 181 20 789 908 10
162 371 192 30 421 738 10
282 391 18 10 1387 1755 10
377 397 20 20 987 1373 10
195 481 20 20 1304 1591 10
612 313 119 30 855 992 10
806 379 196 20 740 933 10
517 359 179 20 422 995 10
300 412 214 10 454 873 10
676 335 57 30 768 919 10
873 459 17 20 1490 1921 10
998 485 24 20 1269 1421 10
883 360 184 10 894 998 10
171 398 97 10 791 1000 10
351 476 174 30 1305 1409 10
852 267 44 20 878 1289 10
223 393 20 20 1408 1838 10
493 447 184 27 1551 1965 10
22 347 54 10 1197 1284 10
242 460 13 20 1226 1468 10
198 389 17 10 1271 1775 10
57 389 11 20 1163 1544 10
273 355 177 20 471 642 10
699 269 48 20 999 1365 10
360 376 190 30 550 812 10
866 319 124 20 684 860 10
180 398 103 30 1052 1296 10
646 351 5 12 1861 2227 10
264 323 118 20 601 806 10
810 269 46 20 1079 1189 10
553 346 57 20 1253 1333 10
636 304 102 30 462 1232 10
74 358 183 20 742 1247 10
21 307 108 10 841 1178 10
143 371 193 20 349 722 10
963 477 122 10 1085 1675 10
278 435 16 10 1475 1584 10
952 384 16 20 1263 1662 10
20 409 90 20 995 1190 10
142 343 62 10 1463 1517 10
331 480 119 7 2433 2715 10
709 313 126 10 803 1262 10
245 484 174 10 923 1313 10
316 355 180 30 422 796 10
849 275 42 30 750 1271 10
267 406 96 20 768 1078 10
594 452 110 14 1291 1551 10
426 367 178 20 592 971 10
239 403 93 10 1400 1446 10
950 481 124 10 1004 1383 10
336 441 7 20 1487 1765 10
874 423 217 20 876 1178 10
768 420 213 10 807 942 10
732 340 54 10 933 1089 10
762 305 107 20 740 1182 10
891 418 218 20 973 1284 10
504 483 22 10 1373 1419 10
523 407 98 10 810 939 10
446 476 94 20 989 1289 10
708 491 20 20 1526 1742 10
568 277 50 10 775 927 10
231 458 16 20 1041 1464 10
471 423 221 9 960 1226 10
599 479 169 20 1084 1504 10
908 365 28 9 933 1332 10
809 435 11 40 1158 1340 10
965 489 27 10 1697 1793 10
767 315 121 10 784 960 10
118 268 52 10 1263 1302 10
731 417 218 10 920 1425 10
35 467 114 10 1465 1662 10
981 270 49 30 1219 1237 10
736 399 104 10 1096 1342 10
108 488 26 30 1734 1848 10
564 292 32 14 896 1057 10
756 484 171 10 1214 1252 10
521 399 106 20 1145 1389 10
592 452 206 31 1813 2244 10
588 359 182 20 723 1070 10
288 483 27 20 1618 2166 10
323 418 221 10 1088 1362 10
183 464 13 20 1519 1680 10
846 386 13 10 1148 1668 10
219 477 120 10 1223 1634 10
96 371 71 21 1126 1288 10
429 306 42 11 1911 2022 10
52 375 191 30 565 889 10
337 462 14 20 1575 1722 10
16 451 62 5 1059 1320 10
670 400 103 10 963 1201 10
565 262 92 25 2505 2658 10
454 488 3 3 1620 1705 10
405 364 173 30 756 806 10
363 374 232 33 344 658 10
674 374 116 9 2285 2532 10
941 343 47 20 906 1430 10
122 491 25 10 1634 1755 10
571 481 84 17 1876 2288 10
797 275 45 20 909 1008 10
675 478 102 10 1096 1618 10
540 253 118 19 2082 2417 10
721 344 62 10 1327 1565 10
796 271 128 12 1339 1546 10
861 409 88 20 955 1327 10
361 481 122 30 1175 1309 10
321 406 94 10 848 1095 10
135 374 190 20 589 677 10
958 421 218 10 889 1264 10
841 404 103 20 920 1132 10
725 415 216 10 722 809 10
170 488 173 20 1062 1288 10
602 376 195 10 745 822 10
716 479 127 20 1108 1171 10
364 398 20 20 886 1386 10
903 399 102 20 931 1326 10
117 474 96 30 981 1194 10
522 425 215 10 873 1079 10
824 411 95 30 827 1236 10
456 459 14 20 1231 1371 10
350 357 181 20 594 722 10
474 339 60 20 541 1266 10
380 432 2 20 1812 2041 10
452 397 18 10 1072 1384 10
890 461 182 13 2359 2793 10
167 459 10 10 1319 1481 10
91 432 199 7 2414 2814 10
829 460 2 20 1318 1626 10
888 479 176 20 989 1023 10
390 452 172 9 2314 2672 10
519 401 164 13 2414 2676 10
814 391 99 20 596 1057 10
933 317 123 20 595 1046 10
