c2_10_7

VEHICLE
NUMBER  CAPACITY
250   700

CUSTOMER
CUST NO. XCOORD. YCOORD. DEMAND READY TIME DUE DATE SERVICE TIME

0  250  250   0   0  3914   0
210 260 104 20 146 1220 90
843 253 81 10 853 1358 90
219 261 84 10 503 1124 90
91 236 96 20 1612 1756 90
415 259 88 20 162 1090 90
547 238 84 10 1406 2023 90
575 263 91 20 159 934 90
838 250 72 20 1064 1346 90
58 259 76 10 654 1362 90
203 261 96 40 254 801 90
406 265 94 10 192 485 90
438 265 77 20 739 1085 90
343 241 77 30 915 1696 90
663 232 87 30 1362 1807 90
924 238 83 20 1381 1865 90
488 235 81 20 1081 1978 90
309 255 120 10 130 1051 90
204 238 57 30 1104 1728 90
437 259 90 30 239 1195 90
