r2_10_1

VEHICLE
NUMBER  CAPACITY
250   1000

CUSTOMER
CUST NO. XCOORD. YCOORD. DEMAND READY TIME DUE DATE SERVICE TIME

0  250  250   0   0  7697   0
825 409 155 19 675 807 10
829 443 167 17 2211 2254 10
834 452 172 9 2443 2542 10
693 447 184 27 1699 1816 10
586 432 199 7 2551 2678 10
798 398 210 31 606 621 10
975 461 182 13 2540 2612 10
262 452 206 31 1958 2099 10
871 423 221 9 1022 1164 10
770 439 156 2 2101 2225 10
794 423 170 27 2022 2203 10
308 435 180 37 896 1020 10
719 484 224 7 1204 1312 10
347 420 224 10 1704 1848 10
428 495 199 25 1363 1451 10
79 492 188 33 2904 2939 10
342 494 165 19 2401 2553 10
153 495 227 20 1389 1482 10
885 450 194 27 2495 2623 10
