r1_10_2

VEHICLE
NUMBER  CAPACITY
250   200

CUSTOMER
CUST NO. XCOORD. YCOORD. DEMAND READY TIME DUE DATE SERVICE TIME

0  250  250   0   0  1925   0
146 425 448 9 804 814 10
949 489 457 13 0 1599 10
25 429 476 23 0 1627 10
969 473 491 23 0 1587 10
191 433 447 20 804 814 10
929 481 454 14 0 1607 10
228 436 467 12 746 756 10
825 494 468 31 362 372 10
216 497 483 12 363 373 10
750 452 484 26 0 1606 10
229 438 488 18 337 347 10
822 469 489 4 565 575 10
490 422 498 5 702 712 10
130 489 437 29 717 727 10
431 412 478 7 0 1636 10
207 457 492 7 0 1597 10
531 498 457 15 0 1592 10
294 448 495 40 394 404 10
