r2_10_9

VEHICLE
NUMBER  CAPACITY
250   1000

CUSTOMER
CUST NO. XCOORD. YCOORD. DEMAND READY TIME DUE DATE SERVICE TIME

0  250  250   0   0  7697   0
66 366 390 23 5135 5530 10
207 325 311 22 5174 5524 10
5 370 382 11 3444 3746 10
727 371 315 18 4659 4787 10
479 381 328 12 2726 3132 10
287 360 294 9 5621 5841 10
567 331 356 13 2666 3148 10
707 348 348 23 3655 3942 10
189 401 314 25 3745 4186 10
205 398 341 33 3718 3915 10
873 413 345 20 4863 5002 10
725 374 306 4 3967 4106 10
529 394 310 10 4290 4618 10
34 346 354 8 3189 3471 10
374 394 322 12 4044 4275 10
260 332 382 2 3879 4325 10
664 368 311 14 3563 3966 10
320 330 308 24 4473 5010 10
335 377 385 6 3406 3644 10
989 380 350 15 3390 3662 10
