r2_10_10

VEHICLE
NUMBER  CAPACITY
250   1000

CUSTOMER
CUST NO. XCOORD. YCOORD. DEMAND READY TIME DUE DATE SERVICE TIME

0  250  250   0   0  7697   0
982 370 493 22 2110 2580 10
164 469 489 4 2096 2468 10
927 405 349 15 1938 2360 10
24 371 488 10 2138 2643 10
578 347 459 25 1760 2195 10
615 368 452 16 2448 3032 10
621 448 404 15 2200 2711 10
641 381 457 28 1736 2149 10
419 379 486 22 2578 2916 10
592 429 476 23 2151 2556 10
532 354 416 10 2565 2990 10
128 457 492 7 1933 2251 10
755 489 437 29 2644 3131 10
352 406 460 2 2662 3211 10
85 422 498 5 2546 3110 10
388 450 416 25 2115 2620 10
836 414 378 23 1809 2270 10
