c1_10_4

VEHICLE
NUMBER  CAPACITY
250   200

CUSTOMER
CUST NO. XCOORD. YCOORD. DEMAND READY TIME DUE DATE SERVICE TIME

0  250  250   0   0  1824   0
123 399 450 20 0 1485 90
864 477 478 20 0 1413 90
687 391 293 20 0 1587 90
951 341 257 20 0 1643 90
629 441 265 40 0 1543 90
534 446 319 30 0 1527 90
120 335 243 20 0 1649 90
841 461 369 10 0 1492 90
268 319 468 10 0 1506 90
751 313 282 20 0 1664 90
85 470 290 10 0 1511 90
346 390 408 30 0 1523 90
829 450 265 10 0 1534 90
883 418 295 20 0 1561 90
255 461 284 10 0 1521 90
694 342 254 10 0 1642 90
86 268 400 20 0 1583 90
585 339 244 30 0 1645 90
155 312 264 20 0 1671 90
836 335 255 20 0 1649 90
342 391 425 20 0 1510 90
423 468 291 30 0 1513 90
584 471 484 10 0 1413 90
7 393 408 30 0 1521 90
112 443 246 20 0 1541 90
620 460 367 20 0 1494 90
962 405 450 20 0 1481 90
939 405 455 40 0 1477 90
420 338 260 20 0 1646 90
676 312 270 30 0 1669 90
453 440 241 10 0 1544 90
72 321 280 30 0 1657 90
899 467 285 20 0 1515 90
21 337 257 20 0 1647 90
717 401 281 20 0 1580 90
147 387 488 20 0 1460 90
494 398 428 10 0 1503 90
924 311 266 10 0 1671 90
625 470 475 30 0 1420 90
738 444 313 20 0 1531 90
770 439 305 30 0 1538 90
788 389 428 20 0 1509 90
337 318 280 20 0 1660 90
24 417 417 10 0 1498 90
798 423 286 20 0 1558 90
702 319 260 20 0 1665 90
576 312 267 10 0 1670 90
486 406 450 20 0 1481 90
458 423 290 10 0 1557 90
790 475 477 20 0 1415 90
992 401 255 30 0 1583 90
104 422 420 20 0 1493 90
480 459 374 20 0 1491 90
251 269 402 20 0 1581 90
793 381 494 10 0 1458 90
515 399 301 30 0 1577 90
833 453 367 20 0 1500 90
528 391 429 20 0 1507 90
925 416 420 20 0 1497 90
554 468 295 10 0 1512 90
476 390 423 10 0 1512 90
29 440 247 20 0 1544 90
339 394 333 20 0 1568 90
28 374 489 20 0 1465 90
976 421 292 20 0 1558 90
737 321 263 20 0 1662 90
231 385 295 20 0 1592 90
996 330 242 30 0 1654 90
70 389 300 10 0 1587 90
527 382 498 10 0 1454 90
796 343 254 20 0 1641 90
487 460 288 10 0 1521 90
657 443 272 10 0 1540 90
252 267 400 10 0 1584 90
314 442 310 20 0 1533 90
485 267 394 10 0 1589 90
685 391 413 10 0 1519 90
959 462 367 20 0 1492 90
599 400 288 30 0 1580 90
950 466 291 10 0 1515 90
521 334 240 30 0 1650 90
482 468 475 10 0 1421 90
807 443 313 30 0 1531 90
217 416 417 20 0 1499 90
99 406 285 20 0 1575 90
611 439 310 10 0 1536 90
638 321 277 10 0 1659 90
647 413 287 10 0 1567 90
51 424 286 10 0 1557 90
295 483 457 20 0 1423 90
556 408 279 20 0 1574 90
640 389 334 20 0 1572 90
330 439 268 10 0 1545 90
283 436 241 20 0 1548 90
621 272 402 10 0 1581 90
993 475 480 30 0 1413 90
783 388 334 20 0 1573 90
775 376 494 30 0 1460 90
435 436 264 20 0 1548 90
45 478 461 10 0 1424 90
555 391 426 10 0 1509 90
101 441 244 10 0 1543 90
439 315 287 30 0 1660 90
558 392 424 10 0 1510 90
747 380 489 20 0 1462 90
590 316 258 20 0 1668 90
365 337 241 20 0 1647 90
162 406 257 10 0 1578 90
397 419 459 20 0 1466 90
960 455 365 20 0 1499 90
392 442 243 10 0 1542 90
826 435 267 20 0 1549 90
495 344 262 20 0 1640 90
180 485 454 10 0 1423 90
280 473 475 10 0 1418 90
220 421 294 10 0 1558 90
980 319 470 10 0 1504 90
873 315 265 10 0 1668 90
574 322 468 20 0 1505 90
547 328 458 10 0 1512 90
617 390 294 20 0 1588 90
650 459 295 20 0 1521 90
443 391 407 10 0 1523 90
512 412 453 10 0 1475 90
307 395 295 20 0 1583 90
735 388 325 10 0 1577 90
187 481 456 40 0 1425 90
549 390 415 20 0 1518 90
166 393 301 30 0 1583 90
578 388 408 10 0 1525 90
591 425 288 10 0 1555 90
67 393 410 20 0 1520 90
854 388 331 20 0 1574 90
239 423 294 10 0 1556 90
684 457 374 10 0 1493 90
132 419 422 20 0 1493 90
451 386 405 20 0 1528 90
233 466 295 20 0 1514 90
755 400 286 10 0 1580 90
566 338 257 20 0 1646 90
250 439 266 10 0 1545 90
990 472 481 20 0 1414 90
210 323 471 30 0 1502 90
572 465 287 10 0 1516 90
580 459 372 20 0 1492 90
734 402 264 20 0 1582 90
157 442 247 10 0 1542 90
289 466 287 10 0 1515 90
107 404 264 20 0 1580 90
860 439 243 20 0 1545 90
56 451 367 20 0 1502 90
809 477 483 20 0 1409 90
848 416 288 20 0 1564 90
55 420 295 20 0 1559 90
810 459 368 10 0 1494 90
363 474 461 30 0 1427 90
440 408 453 10 0 1477 90
117 444 271 10 0 1539 90
748 395 331 20 0 1568 90
118 325 466 40 0 1506 90
202 328 466 30 0 1505 90
469 415 223 20 0 1567 90
797 478 464 10 0 1422 90
605 389 404 10 0 1527 90
87 337 251 10 0 1647 90
496 390 301 10 0 1585 90
598 405 276 20 0 1577 90
273 402 281 20 0 1579 90
523 444 269 20 0 1540 90
60 476 483 10 0 1410 90
508 443 237 20 0 1541 90
