c1_10_4

VEHICLE
NUMBER  CAPACITY
250   200

CUSTOMER
CUST NO. XCOORD. YCOORD. DEMAND READY TIME DUE DATE SERVICE TIME

0  250  250   0   0  1824   0
362 270 401 20 217 268 90
637 418 290 10 1172 1221 90
849 388 418 10 217 283 90
267 421 415 30 297 364 90
141 428 291 10 698 764 90
213 272 403 30 494 555 90
969 277 403 10 395 464 90
457 395 332 10 593 648 90
228 402 265 20 306 365 90
199 320 262 10 585 656 90
897 326 466 30 753 817 90
861 391 334 20 402 470 90
223 411 421 20 862 917 90
221 434 245 10 1377 1416 90
613 320 283 30 421 471 90
573 320 280 10 221 298 90
19 480 455 10 1123 1179 90
575 483 458 10 656 708 90
68 480 460 20 549 627 90
152 444 242 10 441 501 90
940 439 312 30 257 324 90
248 435 268 10 1100 1154 90
254 445 237 10 349 402 90
115 404 447 20 250 280 90
526 413 421 10 768 828 90
304 460 374 20 753 831 90
6 322 465 10 226 291 90
757 440 244 10 809 874 90
914 270 400 10 151 213 90
837 419 418 10 394 454 90
655 415 289 20 169 228 90
673 390 325 30 883 929 90
863 441 273 20 903 972 90
649 407 280 10 595 653 90
312 317 261 20 398 473 90
743 408 452 10 490 564 90
768 445 273 20 725 781 90
623 400 260 40 150 212 90
997 332 249 30 82 144 90
302 487 450 10 929 993 90
354 392 426 10 666 722 90
69 337 256 20 154 201 90
206 394 407 20 733 789 90
552 386 414 10 1109 1162 90
10 410 285 20 499 556 90
947 316 284 20 510 570 90
325 398 325 30 774 843 90
1 387 297 10 200 270 90
336 436 237 20 186 264 90
43 470 473 10 1221 1270 90
224 315 260 10 223 278 90
588 316 286 30 601 662 90
776 403 262 30 493 547 90
583 335 256 10 890 962 90
427 396 410 10 829 880 90
785 422 409 10 234 290 90
188 380 498 10 523 582 90
636 384 491 20 897 948 90
881 460 293 30 1121 1176 90
973 378 493 30 426 487 90
245 381 495 20 705 769 90
455 266 405 20 680 745 90
568 413 417 10 1135 1207 90
704 402 284 30 313 367 90
