r1_10_9

VEHICLE
NUMBER   CAPACITY
250     200

CUSTOMER
CUST NO. XCOORD.  YCOORD.  DEMAND  READY TIME DUE DATE  SERVICE TIME

0   250    250     0     0    1925     0
2 67 190 25 1158 1219 10
95 86 189 21 209 275 10
493 24 259 19 356 415 10
356 26 67 15 1311 1352 10
638 94 192 1 1052 1138 10
647 46 248 9 812 846 10
529 30 97 23 1214 1237 10
197 45 166 22 999 1057 10
388 135 30 12 469 510 10
836 5 281 16 1379 1394 10
31 52 18 28 859 885 10
755 110 251 23 482 544 10
604 66 31 25 1018 1108 10
345 47 208 30 220 263 10
665 1 101 8 1246 1299 10
252 38 15 3 1076 1136 10
424 19 273 25 1012 1052 10
507 158 24 18 593 660 10
398 142 30 32 1234 1287 10
832 30 155 9 1265 1326 10
502 150 68 23 402 474 10
492 63 155 7 945 1014 10
151 60 231 32 1001 1080 10
683 142 80 12 462 552 10
416 26 221 28 980 1042 10
792 131 246 17 828 866 10
401 35 263 27 245 326 10
765 61 214 4 321 392 10
225 103 123 8 453 556 10
573 71 12 2 297 351 10
305 1 252 5 250 331 10
307 65 82 13 742 768 10
361 130 186 16 136 199 10
157 64 135 11 850 917 10
52 2 264 40 633 706 10
433 105 140 27 182 225 10
715 62 94 16 944 988 10
556 66 88 2 818 872 10
588 39 153 26 775 850 10
863 62 236 29 540 605 10
966 53 204 8 1032 1108 10
246 124 111 15 775 834 10
258 39 162 18 544 616 10
488 87 51 35 506 552 10
210 75 118 21 399 449 10
657 9 233 31 298 344 10
636 140 108 29 1057 1116 10
934 74 215 10 218 269 10
212 134 211 35 122 180 10
483 142 14 18 827 873 10
140 111 178 18 156 205 10
534 18 24 32 621 666 10
813 89 65 16 688 782 10
29 41 232 16 209 282 10
30 25 53 23 996 1074 10
895 102 6 3 1437 1510 10
162 147 30 26 1095 1153 10
111 114 102 21 499 546 10
107 100 85 14 338 394 10
323 134 194 19 1658 1675 10
275 68 53 16 750 757 10
976 149 98 4 1147 1213 10
338 91 27 14 1167 1226 10
402 24 71 11 341 381 10
441 64 5 14 1116 1171 10
503 67 24 10 999 1067 10
857 117 110 13 956 1031 10
354 30 7 23 1181 1226 10
498 72 227 25 565 593 10
999 19 38 15 824 901 10
942 94 40 24 1032 1134 10
553 80 251 14 283 355 10
200 92 18 8 1122 1156 10
865 151 81 28 1538 1607 10
143 57 183 15 1088 1143 10
63 146 188 6 1225 1274 10
628 120 17 30 284 305 10
781 140 137 32 547 622 10
940 33 152 17 1299 1371 10
902 32 191 5 592 611 10
446 48 150 15 631 710 10
979 43 135 31 236 315 10
748 92 259 4 376 452 10
701 15 11 15 942 992 10
393 49 118 3 1070 1102 10
69 64 198 10 1073 1134 10
387 98 29 14 1021 1102 10
409 38 190 23 261 339 10
521 110 122 14 1490 1558 10
515 132 151 22 154 182 10
577 132 32 18 771 827 10
448 109 56 27 239 286 10
629 84 255 13 255 339 10
627 125 65 17 757 849 10
591 92 76 4 1138 1170 10
702 144 35 26 239 324 10
364 6 53 8 566 638 10
637 34 239 16 216 257 10
382 6 196 20 1168 1269 10
525 56 268 28 1058 1100 10
963 130 140 17 177 241 10
428 68 160 21 1132 1169 10
885 60 246 25 190 268 10
79 117 178 28 1096 1168 10
855 79 80 19 1370 1424 10
666 80 117 24 824 855 10
985 111 192 11 1176 1253 10
795 138 28 23 1069 1154 10
603 56 75 24 1436 1469 10
938 60 29 32 1340 1416 10
528 105 181 19 1527 1565 10
731 86 199 23 260 325 10
242 61 170 20 983 1058 10
614 100 66 15 1389 1441 10
609 82 183 17 1080 1153 10
798 156 65 22 1035 1069 10
786 3 23 11 380 432 10
27 58 39 12 1152 1203 10
240 157 38 3 1046 1080 10
120 105 137 32 434 500 10
758 133 202 33 448 503 10
884 87 213 18 614 667 10
377 144 220 35 110 158 10
71 9 101 16 642 721 10
491 95 64 4 761 800 10
896 41 120 22 684 737 10
259 79 257 26 943 994 10
315 18 225 8 683 730 10
296 66 163 6 383 438 10
882 7 194 29 928 1004 10
298 83 169 21 767 816 10
341 10 237 19 596 667 10
583 34 169 11 460 538 10
829 103 177 28 601 682 10
248 28 180 34 360 441 10
39 60 5 18 1023 1094 10
113 21 146 21 478 526 10
867 46 163 8 922 961 10
552 21 70 15 760 813 10
58 31 175 24 238 286 10
337 48 162 15 220 300 10
179 44 140 11 843 923 10
824 68 240 11 789 829 10
890 143 158 12 141 171 10
383 104 28 8 1463 1513 10
222 7 82 25 407 446 10
807 77 172 23 793 808 10
746 130 247 17 120 173 10
685 33 268 18 681 740 10
135 5 224 19 1038 1102 10
158 65 62 15 961 1021 10
279 120 37 28 755 825 10
719 14 232 18 278 363 10
410 16 68 11 296 380 10
791 98 2 14 566 647 10
595 128 113 22 343 413 10
265 89 185 16 582 648 10
426 69 266 12 742 805 10
86 43 210 20 210 274 10
707 23 235 43 999 1078 10
231 13 214 21 1359 1379 10
801 32 94 14 924 966 10
134 108 37 23 521 608 10
155 44 115 24 246 338 10
48 0 188 26 915 980 10
990 51 89 19 1189 1257 10
740 125 61 26 589 665 10
385 87 3 13 1424 1473 10
316 57 43 15 1007 1070 10
