rc1_10_6

VEHICLE
NUMBER  CAPACITY
250   200

CUSTOMER
CUST NO. XCOORD. YCOORD. DEMAND READY TIME DUE DATE SERVICE TIME

0  250  250   0   0  1821   0
316 355 180 30 126 186 10
275 306 235 25 57 117 10
350 357 181 20 134 194 10
38 391 202 14 148 208 10
52 375 191 30 152 212 10
426 367 178 20 165 225 10
405 364 173 30 165 225 10
74 358 183 20 219 279 10
727 293 228 19 48 108 10
517 359 179 20 147 207 10
806 379 196 20 179 239 10
927 352 176 20 126 186 10
514 361 181 20 182 242 10
519 401 164 13 606 666 10
954 371 200 10 209 269 10
883 360 184 10 206 266 10
273 355 177 20 127 187 10
360 376 190 30 140 200 10
68 378 199 10 192 252 10
135 374 190 20 137 197 10
143 371 193 20 133 193 10
588 359 182 20 194 254 10
162 371 192 30 134 194 10
285 344 203 14 152 212 10
363 374 232 33 125 185 10
602 376 195 10 166 226 10
