c1_10_10

VEHICLE
NUMBER  CAPACITY
250   200

CUSTOMER
CUST NO. XCOORD. YCOORD. DEMAND READY TIME DUE DATE SERVICE TIME

0  250  250   0   0  1824   0
418 117 152 20 675 1118 90
869 71 156 10 641 1108 90
703 116 225 20 537 1035 90
71 90 237 20 1070 1442 90
150 92 216 10 620 991 90
786 66 156 10 349 1021 90
297 95 224 20 905 1273 90
821 91 217 10 482 947 90
560 116 151 20 516 1095 90
524 132 223 30 527 1218 90
23 131 220 30 599 960 90
227 90 232 10 439 975 90
186 154 207 20 801 1268 90
728 152 207 20 574 1128 90
383 95 218 20 633 1167 90
65 152 206 10 744 1139 90
433 93 235 10 748 1214 90
862 96 244 10 1133 1578 90
274 71 153 20 587 975 90
159 118 153 30 791 1186 90
695 92 223 10 787 1203 90
850 92 233 10 570 1028 90
610 126 220 20 493 877 90
880 114 225 30 462 925 90
953 116 152 20 526 902 90
519 151 207 10 502 1018 90
374 123 155 10 966 1386 90
493 119 223 10 691 1067 90
828 92 234 10 699 1081 90
513 121 151 20 821 1342 90
567 92 236 20 879 1267 90
161 91 235 10 962 1367 90
