c1_10_10

VEHICLE
NUMBER  CAPACITY
250   200

CUSTOMER
CUST NO. XCOORD. YCOORD. DEMAND READY TIME DUE DATE SERVICE TIME

0  250  250   0   0  1824   0
291 120 159 10 158 568 90
66 99 218 30 154 690 90
282 123 222 30 208 598 90
679 115 218 10 138 698 90
600 61 156 30 263 731 90
119 124 219 20 375 810 90
723 92 230 20 311 737 90
870 65 153 30 385 800 90
394 131 226 20 121 670 90
57 118 157 20 200 668 90
545 98 215 20 155 518 90
999 94 235 20 156 667 90
90 149 203 10 352 799 90
902 121 219 20 132 659 90
781 116 221 30 346 852 90
977 74 146 30 204 555 90
8 89 216 10 287 770 90
424 148 206 20 205 760 90
109 148 211 20 109 738 90
390 72 148 20 205 683 90
593 113 156 10 451 787 90
778 96 213 30 158 576 90
131 116 156 10 251 802 90
819 95 235 10 155 388 90
77 143 207 30 115 548 90
562 123 159 20 156 646 90
543 121 218 20 132 676 90
352 61 147 40 220 576 90
417 146 205 10 132 648 90
148 121 157 10 159 558 90
441 128 225 10 124 635 90
246 95 234 10 155 673 90
129 93 213 30 215 652 90
742 112 219 20 320 689 90
473 152 210 20 105 447 90
395 150 204 20 358 976 90
920 91 231 30 391 840 90
491 87 217 10 330 912 90
298 122 216 10 237 760 90
40 129 223 20 123 501 90
943 92 232 10 196 668 90
604 112 217 20 201 625 90
