rc2_10_2

VEHICLE
NUMBER  CAPACITY
250   1000

CUSTOMER
CUST NO. XCOORD. YCOORD. DEMAND READY TIME DUE DATE SERVICE TIME

0  250  250   0   0  7284   0
371 323 29 7 0 7042 10
186 231 29 14 4905 5025 10
42 307 52 23 3682 3802 10
652 251 63 14 3950 4070 10
557 297 131 25 4662 4782 10
54 242 106 28 5074 5194 10
884 307 102 40 0 7116 10
654 281 96 1 4503 4623 10
633 238 123 24 3124 3244 10
94 269 112 19 0 7135 10
636 304 102 30 0 7117 10
413 210 29 13 4203 4323 10
940 224 56 13 0 7079 10
565 262 92 25 0 7116 10
435 257 57 18 4904 5024 10
259 253 74 20 5400 5520 10
326 297 102 10 0 7119 10
870 299 98 30 0 7115 10
836 240 34 28 6238 6358 10
797 275 45 20 0 7068 10
558 282 1 18 4170 4290 10
385 235 33 30 5348 5468 10
209 265 0 10 3584 3704 10
