rc1_10_4

VEHICLE
NUMBER  CAPACITY
250   200

CUSTOMER
CUST NO. XCOORD. YCOORD. DEMAND READY TIME DUE DATE SERVICE TIME

0  250  250   0   0  1821   0
183 464 13 20 0 1492 10
873 459 17 20 0 1498 10
320 476 61 36 0 1517 10
121 459 53 20 0 1524 10
167 459 10 10 0 1493 10
998 485 24 20 0 1485 10
122 491 25 10 0 1482 10
546 437 19 15 0 1514 10
196 436 25 19 0 1520 10
965 489 27 10 0 1485 10
729 435 20 20 0 1516 10
953 492 34 5 0 1487 10
969 489 17 10 0 1478 10
616 437 15 30 0 1511 10
337 462 14 20 0 1494 10
41 439 15 20 0 1510 10
701 461 8 20 0 1490 10
365 481 26 30 0 1490 10
263 485 27 10 0 1488 10
108 488 26 30 0 1485 10
829 460 2 20 0 1487 10
809 435 11 40 0 1509 10
110 483 14 10 0 1480 10
288 483 27 20 0 1489 10
454 488 3 3 0 1468 10
856 433 15 20 0 1514 10
278 435 16 10 0 1513 10
