rc2_10_9

VEHICLE
NUMBER  CAPACITY
250   1000

CUSTOMER
CUST NO. XCOORD. YCOORD. DEMAND READY TIME DUE DATE SERVICE TIME

0  250  250   0   0  7284   0
10 226 423 15 608 1088 10
281 213 399 18 756 1236 10
924 17 459 10 1508 1988 10
554 14 459 20 1163 1643 10
839 144 439 30 905 1385 10
585 111 464 10 1062 1542 10
61 105 474 27 1703 2183 10
625 13 455 10 1063 1543 10
869 69 334 30 644 1124 10
397 16 497 20 1523 2003 10
62 20 489 10 1353 1833 10
503 185 434 9 2114 2594 10
812 44 496 32 1427 1907 10
376 15 457 20 1114 1594 10
220 145 434 20 752 1232 10
327 250 405 20 466 946 10
280 150 484 16 2321 2801 10
666 141 426 23 1946 2426 10
279 8 497 40 1451 1931 10
664 51 447 10 998 1478 10
383 146 376 8 757 1237 10
867 141 431 30 692 1172 10
668 112 433 29 760 1240 10
76 176 470 14 2007 2487 10
147 93 413 17 665 1145 10
835 102 422 23 725 1205 10
920 166 440 12 591 1071 10
197 111 459 20 1255 1735 10
858 12 463 20 1263 1743 10
689 59 457 30 1157 1637 10
704 24 492 10 1668 2148 10
311 211 386 20 326 806 10
862 244 368 25 1476 1956 10
815 132 477 25 1129 1609 10
318 21 485 30 1173 1653 10
855 210 391 30 386 866 10
984 154 392 9 446 926 10
830 67 334 20 743 1223 10
507 189 402 10 1964 2444 10
138 163 472 9 2434 2914 10
847 115 465 10 869 1349 10
593 22 483 30 1064 1544 10
268 49 451 20 940 1420 10
860 182 480 31 1279 1759 10
657 207 400 20 582 1062 10
825 132 479 11 790 1270 10
853 243 399 10 759 1239 10
586 53 440 10 1112 1592 10
606 21 488 10 1265 1745 10
703 59 459 20 1065 1545 10
609 65 453 30 947 1427 10
837 141 428 20 595 1075 10
17 203 390 40 455 935 10
966 12 451 20 1006 1486 10
419 146 439 10 857 1337 10
539 140 431 30 648 1128 10
12 60 454 10 1209 1689 10
975 5 445 30 1064 1544 10
107 249 407 10 515 995 10
761 245 461 8 2417 2897 10
308 135 400 20 1014 1494 10
624 20 488 10 1309 1789 10
917 112 467 10 924 1404 10
987 67 452 30 898 1378 10
328 111 463 20 1106 1586 10
2 214 394 10 742 1222 10
465 111 467 20 968 1448 10
358 16 463 20 1319 1799 10
876 213 397 10 689 1169 10
782 58 449 30 1271 1751 10
487 241 403 10 701 1181 10
833 77 465 11 864 1344 10
276 90 477 18 871 1351 10
32 18 462 20 1411 1891 10
581 225 369 38 246 726 10
791 96 346 26 561 1041 10
466 138 438 20 969 1449 10
335 50 438 20 1167 1647 10
225 246 398 40 352 832 10
747 26 490 10 1719 2199 10
739 53 466 9 1160 1640 10
144 142 372 18 412 892 10
381 63 336 20 885 1365 10
906 250 411 30 572 1052 10
642 95 382 19 745 1225 10
822 67 335 20 787 1267 10
880 13 394 15 1310 1790 10
60 71 333 10 595 1075 10
601 66 336 10 833 1313 10
734 210 379 12 2655 3135 10
238 210 398 10 637 1117 10
366 63 444 20 1339 1819 10
309 58 458 10 1111 1591 10
628 117 467 10 778 1258 10
139 29 336 22 1146 1626 10
9 25 499 10 1600 2080 10
925 66 448 10 841 1321 10
705 55 449 20 874 1354 10
440 220 392 20 851 1331 10
489 21 487 10 1221 1701 10
549 245 408 10 635 1115 10
102 54 445 10 1052 1532 10
980 49 437 7 1530 2010 10
996 147 435 20 800 1280 10
679 208 396 20 526 1006 10
634 11 403 18 1192 1672 10
359 59 388 20 2471 2951 10
448 215 395 20 788 1268 10
240 248 404 30 418 898 10
550 16 462 10 1363 1843 10
157 62 453 10 999 1479 10
589 13 459 20 1207 1687 10
587 69 336 20 692 1172 10
783 16 460 20 1463 1943 10
656 255 487 19 1412 1892 10
740 112 465 10 1017 1497 10
229 110 459 30 1211 1691 10
461 17 458 10 1552 2032 10
752 109 463 30 1154 1634 10
25 116 466 20 824 1304 10
905 18 484 10 1120 1600 10
746 134 428 20 1052 1532 10
