c1_10_10

VEHICLE
NUMBER  CAPACITY
250   200

CUSTOMER
CUST NO. XCOORD. YCOORD. DEMAND READY TIME DUE DATE SERVICE TIME

0  250  250   0   0  1824   0
859 279 42 40 210 744 90
639 358 16 30 397 839 90
909 340 54 10 241 745 90
633 277 50 10 201 540 90
631 356 23 20 250 712 90
229 361 14 10 392 1032 90
63 275 45 20 206 824 90
421 285 44 10 258 722 90
259 342 54 20 357 813 90
901 341 58 10 212 656 90
212 278 46 20 205 664 90
261 288 44 20 435 912 90
38 273 55 20 196 664 90
262 274 48 10 203 745 90
324 283 47 10 261 531 90
319 343 49 10 381 978 90
632 267 44 20 451 891 90
792 339 60 20 209 685 90
369 287 43 10 356 808 90
333 358 18 10 297 755 90
618 275 42 30 413 732 90
76 356 24 20 249 694 90
386 335 57 30 210 606 90
467 356 21 20 252 798 90
