rc2_10_5

VEHICLE
NUMBER  CAPACITY
250   1000

CUSTOMER
CUST NO. XCOORD. YCOORD. DEMAND READY TIME DUE DATE SERVICE TIME

0  250  250   0   0  7284   0
898 109 56 27 890 1029 10
212 132 30 20 1111 1615 10
800 93 96 20 847 1077 10
788 87 96 30 1056 1319 10
266 25 65 10 1491 1639 10
137 97 93 20 946 1097 10
31 136 52 10 1109 1353 10
306 91 101 10 1112 1394 10
694 31 175 24 958 1135 10
743 125 32 30 908 1287 10
578 236 126 23 445 554 10
653 132 55 10 1005 1253 10
479 133 53 20 1057 1298 10
563 125 29 30 1181 1205 10
851 15 69 10 1022 1431 10
943 16 68 20 1246 1384 10
733 132 57 20 934 1142 10
125 150 68 23 1614 1888 10
254 75 118 21 1637 1755 10
457 120 17 30 1087 1265 10
422 18 63 10 1375 1457 10
372 89 65 16 2798 3084 10
717 6 53 8 2404 2411 10
530 122 35 10 991 1090 10
312 94 97 20 821 1012 10
687 18 24 32 2499 2648 10
166 186 135 24 2647 3214 10
525 88 95 20 1016 1266 10
885 130 57 40 955 1024 10
816 24 65 10 1415 1628 10
27 130 140 17 794 879 10
750 239 15 2 2260 2691 10
488 30 72 10 1684 1889 10
190 187 73 18 915 1541 10
174 71 12 2 1082 1382 10
356 128 113 22 1246 1775 10
632 125 61 26 2347 2667 10
204 17 65 20 1304 1430 10
343 21 64 20 1396 1542 10
418 24 68 20 1537 1899 10
543 168 59 6 1381 1668 10
373 144 35 26 937 980 10
621 129 27 10 1124 1377 10
914 23 67 30 1591 1642 10
510 21 146 21 1947 2067 10
827 125 39 20 792 1170 10
947 124 56 20 808 1043 10
916 126 30 10 1029 1265 10
881 15 68 10 979 1563 10
342 96 97 20 750 987 10
80 34 169 11 1896 2099 10
640 20 73 10 1030 1292 10
596 95 92 20 1064 1078 10
789 140 137 32 2215 2462 10
614 39 162 18 2240 2402 10
748 44 115 24 698 1272 10
462 43 135 31 717 1178 10
572 21 68 20 1539 1793 10
310 133 26 10 1179 1434 10
441 253 50 27 939 986 10
715 233 87 18 938 1203 10
44 131 56 10 885 1281 10
