rc1_10_2

VEHICLE
NUMBER  CAPACITY
250   200

CUSTOMER
CUST NO. XCOORD. YCOORD. DEMAND READY TIME DUE DATE SERVICE TIME

0  250  250   0   0  1821   0
626 170 347 15 436 466 10
547 201 278 13 56 86 10
458 235 316 2 656 686 10
437 221 291 9 50 80 10
886 250 328 24 249 279 10
868 198 264 20 140 170 10
610 206 261 10 182 212 10
698 179 286 8 341 371 10
228 226 316 21 70 100 10
922 210 276 5 47 77 10
464 199 268 20 71 101 10
126 201 270 10 52 82 10
838 204 269 30 49 79 10
451 228 287 21 43 73 10
65 200 261 10 166 196 10
6 175 239 23 75 105 10
647 197 267 10 109 139 10
967 197 270 30 96 126 10
349 200 270 20 59 89 10
374 200 265 10 152 182 10
484 195 273 22 59 89 10
161 192 265 10 124 154 10
