r2_10_9

VEHICLE
NUMBER  CAPACITY
250   1000

CUSTOMER
CUST NO. XCOORD. YCOORD. DEMAND READY TIME DUE DATE SERVICE TIME

0  250  250   0   0  7697   0
11 436 123 40 788 1013 10
742 485 104 21 3066 3409 10
877 493 111 26 1970 2479 10
373 412 100 1 2053 2174 10
708 495 83 32 1759 1888 10
630 450 45 24 1988 2160 10
450 418 75 11 1770 1934 10
776 442 5 16 1315 1367 10
357 432 2 20 1755 2097 10
853 482 104 19 3111 3468 10
15 437 90 12 2143 2657 10
425 429 67 16 2850 3128 10
488 476 61 36 1646 2064 10
717 481 84 17 1875 2290 10
274 488 3 3 1396 1929 10
783 438 5 18 1961 2552 10
443 480 119 7 2460 2688 10
25 415 118 19 846 1007 10
500 451 62 5 1054 1324 10
75 452 110 14 1240 1602 10
538 441 7 20 1334 1918 10
92 460 117 14 1916 2363 10
217 426 38 23 2299 2691 10
676 492 34 5 3006 3598 10
319 429 59 9 1707 2084 10
