c110_2

VEHICLE
NUMBER     CAPACITY
 250          200

CUSTOMER
CUST NO.  XCOORD.    YCOORD.    DEMAND   READY TIME  DUE DATE   SERVICE TIME

0 250 250 0 0 1824 0 13
12 270 49 30 925 970 90 7
5 286 159 20 530 597 90 2
22 237 254 20 0 1721 90 22
2 5 297 10 955 1017 90 5
8 89 216 10 495 562 90 2
12 270 49 30 925 970 90 7
2 5 297 10 955 1017 90 5
8 89 216 10 495 562 90 2
2 5 297 10 955 1017 90 5
12 270 49 30 925 970 90 7
2 5 297 10 955 1017 90 5
27 87 285 30 709 764 90 20
27 87 285 30 709 764 90 20
22 237 254 20 0 1721 90 22
27 87 285 30 709 764 90 20
19 480 455 10 1123 1179 90 23
8 89 216 10 495 562 90 2
19 480 455 10 1123 1179 90 23
12 270 49 30 925 970 90 7
13 219 325 10 520 563 90 2
12 270 49 30 925 970 90 7
22 237 254 20 0 1721 90 22
12 270 49 30 925 970 90 7
22 237 254 20 0 1721 90 22
19 480 455 10 1123 1179 90 23
5 286 159 20 530 597 90 2
8 89 216 10 495 562 90 2
19 480 455 10 1123 1179 90 23
8 89 216 10 495 562 90 2
8 89 216 10 495 562 90 2
19 480 455 10 1123 1179 90 23
12 270 49 30 925 970 90 7
12 270 49 30 925 970 90 7
8 89 216 10 495 562 90 2
27 87 285 30 709 764 90 20
22 237 254 20 0 1721 90 22
12 270 49 30 925 970 90 7
22 237 254 20 0 1721 90 22
8 89 216 10 495 562 90 2
2 5 297 10 955 1017 90 5
22 237 254 20 0 1721 90 22
12 270 49 30 925 970 90 7
12 270 49 30 925 970 90 7
8 89 216 10 495 562 90 2
10 410 285 20 499 556 90 24
2 5 297 10 955 1017 90 5
2 5 297 10 955 1017 90 5
2 5 297 10 955 1017 90 5
27 87 285 30 709 764 90 20
27 87 285 30 709 764 90 20
19 480 455 10 1123 1179 90 23
22 237 254 20 0 1721 90 22
22 237 254 20 0 1721 90 22
2 5 297 10 955 1017 90 5
19 480 455 10 1123 1179 90 23
8 89 216 10 495 562 90 2
27 87 285 30 709 764 90 20
27 87 285 30 709 764 90 20
12 270 49 30 925 970 90 7
22 237 254 20 0 1721 90 22
27 87 285 30 709 764 90 20
2 5 297 10 955 1017 90 5
12 270 49 30 925 970 90 7
12 270 49 30 925 970 90 7
27 87 285 30 709 764 90 20
12 270 49 30 925 970 90 7
12 270 49 30 925 970 90 7
