r2_10_9

VEHICLE
NUMBER  CAPACITY
250   1000

CUSTOMER
CUST NO. XCOORD. YCOORD. DEMAND READY TIME DUE DATE SERVICE TIME

0  250  250   0   0  7697   0
19 307 249 10 5244 5888 10
716 299 285 3 4791 5360 10
896 244 277 18 5159 5372 10
593 161 275 21 5304 5590 10
671 179 318 2 4372 4713 10
978 146 313 22 4580 5103 10
320 330 308 24 4473 5010 10
303 230 320 8 4681 4975 10
912 215 282 21 5644 5999 10
179 221 269 14 4718 5525 10
87 246 314 36 5813 5870 10
596 166 345 14 4568 4591 10
390 285 247 13 4996 5322 10
281 217 357 23 5623 5857 10
520 297 283 28 5268 5647 10
207 325 311 22 5174 5524 10
702 164 320 12 4241 4636 10
338 224 320 36 5066 5323 10
241 164 332 19 5034 5324 10
839 286 244 31 5063 5329 10
50 295 247 12 5102 5446 10
487 268 288 26 4753 5502 10
372 240 362 23 5476 5954 10
557 214 274 24 5303 5770 10
452 225 269 30 4864 5422 10
