rc2_10_9

VEHICLE
NUMBER  CAPACITY
250   1000

CUSTOMER
CUST NO. XCOORD. YCOORD. DEMAND READY TIME DUE DATE SERVICE TIME

0  250  250   0   0  7284   0
591 484 177 20 826 1306 10
720 303 78 12 480 960 10
528 273 55 20 545 1025 10
490 324 99 10 1172 1652 10
969 489 17 10 1340 1820 10
889 420 224 10 1536 2016 10
776 470 125 20 772 1252 10
884 307 102 40 659 1139 10
131 418 75 11 1612 2092 10
233 423 214 20 687 1167 10
235 326 118 10 411 891 10
455 407 88 10 1118 1598 10
682 440 7 20 1075 1555 10
927 352 176 20 264 744 10
150 472 129 10 830 1310 10
856 433 15 20 951 1431 10
977 480 131 5 2570 3050 10
638 408 84 10 957 1437 10
875 477 179 20 711 1191 10
298 417 217 30 574 1054 10
38 391 202 14 356 836 10
249 439 156 2 1923 2403 10
576 481 96 20 1008 1488 10
365 481 26 30 1047 1527 10
320 476 61 36 1615 2095 10
165 437 12 20 1138 1618 10
954 371 200 10 717 1197 10
345 479 121 10 1051 1531 10
445 404 83 30 1014 1494 10
23 406 87 10 1072 1552 10
665 478 118 20 1237 1717 10
325 304 97 20 547 1027 10
819 347 62 10 1154 1634 10
68 378 199 10 649 1129 10
1000 341 58 10 715 1195 10
89 415 223 20 1039 1519 10
701 461 8 20 1296 1776 10
263 485 27 10 1604 2084 10
287 346 60 10 1105 1585 10
787 324 127 30 334 814 10
844 398 23 10 844 1324 10
391 263 153 12 1470 1950 10
901 394 47 5 1072 1552 10
175 343 49 10 880 1360 10
896 476 102 20 1165 1645 10
616 437 15 30 1241 1721 10
629 413 217 20 476 956 10
110 483 14 10 1273 1753 10
169 274 48 10 665 1145 10
533 300 108 10 362 842 10
326 297 102 10 429 909 10
552 477 97 10 951 1431 10
870 299 98 30 487 967 10
778 409 155 19 501 981 10
274 394 23 20 1435 1915 10
985 493 111 26 1984 2464 10
51 314 124 20 744 1224 10
672 435 180 37 718 1198 10
637 478 121 40 1095 1575 10
729 435 20 20 1346 1826 10
990 393 12 10 1057 1537 10
579 406 99 20 728 1208 10
751 342 54 20 819 1299 10
813 478 99 10 1065 1545 10
41 439 15 20 1193 1673 10
784 480 136 22 787 1267 10
486 495 227 20 1196 1676 10
285 344 203 14 489 969 10
514 361 181 20 608 1088 10
162 371 192 30 339 819 10
282 391 18 10 1331 1811 10
377 397 20 20 940 1420 10
195 481 20 20 1208 1688 10
612 313 119 30 683 1163 10
806 379 196 20 596 1076 10
517 359 179 20 469 949 10
300 412 214 10 424 904 10
676 335 57 30 604 1084 10
873 459 17 20 1465 1945 10
998 485 24 20 1105 1585 10
883 360 184 10 706 1186 10
171 398 97 10 656 1136 10
351 476 174 30 1117 1597 10
852 267 44 20 843 1323 10
223 393 20 20 1383 1863 10
493 447 184 27 1518 1998 10
22 347 54 10 1000 1480 10
242 460 13 20 1107 1587 10
198 389 17 10 1283 1763 10
57 389 11 20 1113 1593 10
273 355 177 20 317 797 10
699 269 48 20 942 1422 10
360 376 190 30 441 921 10
866 319 124 20 532 1012 10
180 398 103 30 934 1414 10
646 351 5 12 1804 2284 10
264 323 118 20 463 943 10
810 269 46 20 894 1374 10
553 346 57 20 1053 1533 10
636 304 102 30 607 1087 10
74 358 183 20 755 1235 10
21 307 108 10 770 1250 10
143 371 193 20 295 775 10
963 477 122 10 1140 1620 10
278 435 16 10 1290 1770 10
952 384 16 20 1222 1702 10
20 409 90 20 853 1333 10
142 343 62 10 1250 1730 10
331 480 119 7 2334 2814 10
709 313 126 10 793 1273 10
245 484 174 10 878 1358 10
316 355 180 30 369 849 10
849 275 42 30 770 1250 10
267 406 96 20 683 1163 10
594 452 110 14 1181 1661 10
426 367 178 20 541 1021 10
239 403 93 10 1183 1663 10
950 481 124 10 954 1434 10
336 441 7 20 1386 1866 10
874 423 217 20 787 1267 10
768 420 213 10 634 1114 10
732 340 54 10 771 1251 10
762 305 107 20 721 1201 10
891 418 218 20 888 1368 10
504 483 22 10 1156 1636 10
523 407 98 10 634 1114 10
446 476 94 20 899 1379 10
708 491 20 20 1394 1874 10
568 277 50 10 611 1091 10
231 458 16 20 1012 1492 10
471 423 221 9 853 1333 10
599 479 169 20 1054 1534 10
908 365 28 9 893 1373 10
809 435 11 40 1009 1489 10
965 489 27 10 1505 1985 10
767 315 121 10 632 1112 10
118 268 52 10 1042 1522 10
731 417 218 10 932 1412 10
35 467 114 10 1324 1804 10
981 270 49 30 988 1468 10
736 399 104 10 979 1459 10
108 488 26 30 1551 2031 10
564 292 32 14 737 1217 10
756 484 171 10 993 1473 10
521 399 106 20 1027 1507 10
592 452 206 31 1789 2269 10
588 359 182 20 657 1137 10
288 483 27 20 1652 2132 10
323 418 221 10 985 1465 10
183 464 13 20 1359 1839 10
846 386 13 10 1168 1648 10
219 477 120 10 1188 1668 10
96 371 71 21 967 1447 10
429 306 42 11 1727 2207 10
52 375 191 30 487 967 10
337 462 14 20 1408 1888 10
16 451 62 5 949 1429 10
670 400 103 10 842 1322 10
565 262 92 25 2342 2822 10
454 488 3 3 1422 1902 10
405 364 173 30 541 1021 10
363 374 232 33 261 741 10
674 374 116 9 2169 2649 10
941 343 47 20 928 1408 10
122 491 25 10 1454 1934 10
571 481 84 17 1842 2322 10
797 275 45 20 718 1198 10
675 478 102 10 1117 1597 10
540 253 118 19 2009 2489 10
721 344 62 10 1206 1686 10
796 271 128 12 1202 1682 10
861 409 88 20 901 1381 10
361 481 122 30 1002 1482 10
321 406 94 10 731 1211 10
135 374 190 20 393 873 10
958 421 218 10 836 1316 10
841 404 103 20 786 1266 10
725 415 216 10 525 1005 10
170 488 173 20 935 1415 10
602 376 195 10 544 1024 10
716 479 127 20 899 1379 10
364 398 20 20 896 1376 10
903 399 102 20 888 1368 10
117 474 96 30 847 1327 10
522 425 215 10 736 1216 10
824 411 95 30 791 1271 10
456 459 14 20 1061 1541 10
350 357 181 20 418 898 10
474 339 60 20 664 1144 10
380 432 2 20 1686 2166 10
452 397 18 10 988 1468 10
890 461 182 13 2336 2816 10
167 459 10 10 1160 1640 10
91 432 199 7 2374 2854 10
829 460 2 20 1232 1712 10
888 479 176 20 766 1246 10
390 452 172 9 2253 2733 10
519 401 164 13 2305 2785 10
814 391 99 20 586 1066 10
933 317 123 20 581 1061 10
