r2_10_10

VEHICLE
NUMBER   CAPACITY
250     1000

CUSTOMER
CUST NO. XCOORD.  YCOORD.  DEMAND  READY TIME DUE DATE  SERVICE TIME

0   250    250     0     0    7697     0
587 29 358 23 2241 2764 10
292 19 273 25 3877 4376 10
161 59 388 20 2428 2995 10
879 13 394 15 1277 1823 10
919 80 337 28 4329 4745 10
835 37 281 17 1789 2276 10
689 33 286 11 6032 6456 10
736 55 318 13 1056 1559 10
327 29 336 22 1199 1574 10
209 67 378 26 1713 2171 10
492 71 282 29 2378 2875 10
686 46 389 22 914 1260 10
401 104 349 20 3857 4336 10
889 50 383 20 861 1340 10
103 144 331 13 3539 4031 10
130 97 288 22 4940 5453 10
931 2 264 40 2403 2954 10
312 51 286 14 5653 6138 10
212 44 344 12 4131 4625 10
810 48 366 29 2724 3341 10
57 33 278 18 5812 6205 10
21 0 356 13 4168 4642 10
343 5 281 16 5384 5709 10
7 36 301 21 652 1108 10
88 0 422 8 3106 3583 10
456 77 372 19 670 1024 10
476 118 314 26 1209 1611 10
979 40 304 16 4372 4906 10
49 24 259 19 1294 1786 10
561 62 375 16 1185 1724 10
933 34 329 2 4010 4454 10
980 56 268 28 4077 4555 10
387 16 287 12 922 1364 10
321 58 391 16 3313 3866 10
448 84 377 10 3535 3996 10
811 44 311 27 1448 1932 10
629 33 268 18 2595 3091 10
699 43 360 2 3173 3629 10
815 11 403 18 1207 1657 10
495 80 279 19 4416 4966 10
855 64 294 12 4252 4677 10
244 149 341 6 1451 1901 10
125 12 358 7 4692 5222 10
438 49 353 15 5554 6135 10
280 12 367 27 1161 1564 10
482 83 290 14 2248 2733 10
278 94 344 26 2548 3030 10
54 67 352 20 1310 1795 10
764 51 360 13 4345 4932 10
876 7 382 27 2909 3374 10
635 10 407 36 1517 2079 10
71 59 276 11 3378 3881 10
1000 26 342 12 1075 1613 10
563 13 314 14 838 1233 10
996 32 319 21 1469 1855 10
610 52 303 25 1567 2083 10
910 48 293 22 893 1435 10
186 89 322 21 3889 4396 10
625 115 296 24 5930 6421 10
698 71 304 19 2548 3085 10
566 89 358 23 4794 5304 10
255 65 343 38 608 1171 10
337 96 346 26 566 1036 10
705 66 314 26 605 953 10
395 68 303 22 726 1165 10
318 35 263 27 878 1404 10
626 69 266 12 2828 3359 10
790 35 344 21 3297 3728 10
56 40 278 10 4260 4695 10
649 87 311 7 435 958 10
417 83 300 26 1832 2285 10
208 80 357 1 1914 2450 10
992 91 326 4 3695 4130 10
