rc1_10_7

VEHICLE
NUMBER  CAPACITY
250   200

CUSTOMER
CUST NO. XCOORD. YCOORD. DEMAND READY TIME DUE DATE SERVICE TIME

0  250  250   0   0  1821   0
36 440 292 24 888 1022 10
651 489 437 29 669 775 10
807 368 452 16 627 743 10
222 370 262 15 1059 1169 10
863 381 328 12 697 768 10
136 463 253 23 1000 1124 10
184 492 335 10 808 878 10
1 440 436 18 862 951 10
649 468 352 9 751 815 10
650 418 251 21 1146 1278 10
70 421 386 29 802 876 10
631 394 322 12 987 1092 10
250 434 359 13 1358 1457 10
738 360 284 19 635 728 10
4 352 487 27 888 945 10
597 368 311 14 906 976 10
494 366 288 29 660 737 10
912 489 338 17 1347 1478 10
430 374 306 4 958 1060 10
802 449 428 25 1216 1307 10
460 405 454 11 1274 1361 10
498 377 385 6 837 925 10
831 448 414 23 1201 1275 10
968 311 422 29 948 1057 10
524 406 460 2 715 753 10
332 420 383 27 966 1028 10
840 470 417 11 679 825 10
8 328 458 17 754 811 10
208 260 472 33 980 1121 10
181 385 285 13 854 911 10
758 380 350 15 855 908 10
83 498 456 27 1387 1455 10
718 478 300 12 852 958 10
378 328 491 21 663 723 10
936 425 448 9 759 860 10
141 294 421 26 1557 1624 10
432 470 405 17 883 998 10
662 411 379 25 1156 1260 10
392 493 493 20 832 910 10
237 331 356 13 697 756 10
459 370 382 11 855 942 10
324 274 441 12 683 736 10
277 379 486 22 637 736 10
398 348 348 23 894 1005 10
677 385 239 21 763 838 10
910 433 447 20 784 835 10
722 371 315 18 1133 1228 10
775 475 267 7 756 833 10
338 360 294 9 1389 1476 10
801 409 255 23 1487 1587 10
482 491 369 28 698 792 10
72 412 478 7 928 1022 10
463 318 497 21 814 924 10
843 487 320 21 826 920 10
600 497 266 25 696 829 10
39 377 432 20 816 877 10
29 421 387 15 744 889 10
934 408 318 15 605 712 10
495 440 284 25 808 926 10
202 346 354 8 799 866 10
485 313 493 20 1168 1249 10
893 336 493 20 1470 1546 10
