r2_10_6

VEHICLE
NUMBER  CAPACITY
250   1000

CUSTOMER
CUST NO. XCOORD. YCOORD. DEMAND READY TIME DUE DATE SERVICE TIME

0  250  250   0   0  7697   0
290 175 352 12 6600 6840 10
177 195 450 16 5884 6124 10
858 211 411 15 4526 4766 10
322 260 472 33 4084 4324 10
90 311 422 29 3892 4132 10
60 208 445 22 5270 5510 10
854 284 457 17 5934 6174 10
787 177 486 20 6329 6569 10
296 274 442 17 4205 4445 10
265 241 402 11 4039 4279 10
874 278 450 29 5440 5680 10
930 174 397 32 4919 5159 10
453 272 420 7 5483 5723 10
126 175 422 24 5726 5966 10
355 283 454 14 5000 5240 10
964 294 421 26 6242 6482 10
149 173 474 14 5080 5320 10
474 218 403 15 5217 5457 10
750 257 391 22 6472 6712 10
154 268 351 7 6640 6880 10
392 243 408 15 5675 5915 10
780 178 420 18 4225 4465 10
895 162 388 11 4444 4684 10
115 196 489 23 4061 4301 10
