c2_10_3

VEHICLE
NUMBER  CAPACITY
250   700

CUSTOMER
CUST NO. XCOORD. YCOORD. DEMAND READY TIME DUE DATE SERVICE TIME

0  250  250   0   0  3914   0
709 273 234 10 0 3796 90
793 367 239 20 0 3707 90
368 328 216 10 0 3739 90
75 396 234 20 0 3678 90
349 384 235 20 0 3690 90
486 301 247 10 0 3773 90
756 380 228 30 0 3693 90
173 402 230 10 0 3671 90
690 289 240 20 0 3784 90
163 383 246 20 0 3691 90
967 313 263 20 0 3760 90
389 346 211 10 0 3721 90
423 366 196 10 0 3697 90
249 305 212 20 0 3758 90
324 253 244 20 0 3818 90
527 274 231 30 0 3794 90
830 254 238 30 0 3812 90
19 302 235 20 0 3770 90
325 323 258 10 0 3751 90
646 389 233 20 0 3684 90
529 315 232 10 0 3757 90
633 272 233 10 0 3797 90
602 281 279 20 0 3782 90
570 389 221 10 0 3683 90
748 275 236 20 0 3796 90
654 373 205 40 0 3694 90
487 388 220 20 0 3683 90
533 278 230 10 0 3790 90
445 283 248 30 0 3791 90
976 297 250 30 0 3777 90
660 331 252 10 0 3743 90
778 320 225 20 0 3750 90
639 316 254 20 0 3758 90
942 293 249 10 0 3781 90
733 298 255 10 0 3776 90
280 272 243 30 0 3801 90
330 321 228 30 0 3750 90
686 293 245 10 0 3781 90
64 382 197 20 0 3682 90
387 274 248 20 0 3800 90
174 323 229 10 0 3749 90
674 266 264 30 0 3803 90
579 283 229 30 0 3785 90
318 267 260 20 0 3805 90
482 319 229 10 0 3752 90
739 319 257 20 0 3755 90
213 394 205 10 0 3674 90
2 266 231 40 0 3800 90
946 368 219 20 0 3702 90
