c2_10_5

VEHICLE
NUMBER  CAPACITY
250   700

CUSTOMER
CUST NO. XCOORD. YCOORD. DEMAND READY TIME DUE DATE SERVICE TIME

0  250  250   0   0  3914   0
581 392 213 20 2012 2332 90
402 385 235 10 2501 2821 90
163 383 246 20 2788 3108 90
980 386 213 20 1916 2236 90
616 398 231 20 2216 2536 90
321 384 217 20 1729 2049 90
645 354 219 10 3295 3615 90
384 363 212 30 3194 3514 90
173 402 230 10 2122 2442 90
793 367 239 20 3076 3396 90
646 389 233 20 2407 2727 90
276 379 245 10 2693 3013 90
819 377 246 20 2974 3294 90
75 396 234 20 2310 2630 90
349 384 235 20 2592 2912 90
813 382 213 20 1635 1955 90
69 386 218 20 1821 2141 90
934 382 245 20 2879 3199 90
