r1_10_6

VEHICLE
NUMBER   CAPACITY
250     200

CUSTOMER
CUST NO. XCOORD.  YCOORD.  DEMAND  READY TIME DUE DATE  SERVICE TIME

0   250    250     0     0    1925     0
455 213 283 14 0 1866 10
148 161 276 8 133 163 10
753 225 269 30 0 1884 10
15 164 320 12 1095 1125 10
141 291 251 20 41 71 10
932 187 263 35 64 94 10
802 301 239 31 52 82 10
461 215 282 21 1440 1470 10
800 206 172 29 788 818 10
697 235 288 18 40 70 10
559 286 244 31 1284 1314 10
267 308 199 14 1508 1538 10
253 246 314 36 1445 1475 10
632 226 175 23 1694 1724 10
537 320 211 16 993 1023 10
35 250 328 24 249 279 10
328 235 316 2 656 686 10
673 191 215 17 68 98 10
407 295 283 26 0 1860 10
589 306 229 10 1320 1350 10
394 159 226 16 94 124 10
313 173 182 25 102 132 10
53 231 167 15 0 1830 10
299 221 291 9 50 80 10
751 268 288 26 1267 1297 10
122 181 260 23 0 1846 10
703 176 199 28 89 119 10
687 228 260 12 1606 1636 10
65 299 285 3 1254 1284 10
721 214 274 24 0 1872 10
630 222 331 10 540 570 10
844 221 269 14 1265 1295 10
819 213 185 21 74 104 10
664 162 301 16 1613 1643 10
695 306 235 25 57 87 10
281 206 174 14 800 830 10
117 201 278 13 56 86 10
28 273 300 30 55 85 10
489 195 273 22 59 89 10
770 180 283 23 744 774 10
213 211 248 26 39 69 10
289 153 244 5 108 138 10
101 267 174 34 1618 1648 10
218 311 203 15 723 753 10
743 285 247 13 0 1880 10
898 218 271 16 1574 1604 10
634 223 178 20 1136 1166 10
586 157 269 31 1576 1606 10
616 153 235 10 98 128 10
877 274 261 20 1707 1737 10
527 244 277 18 1301 1331 10
320 291 213 23 1258 1288 10
866 240 240 35 1700 1730 10
239 230 320 8 1192 1222 10
970 273 255 18 1492 1522 10
254 176 200 17 568 598 10
26 210 276 5 47 77 10
201 293 228 19 48 78 10
371 179 318 2 1121 1151 10
61 261 201 15 1514 1544 10
14 266 221 9 33 63 10
541 272 234 26 1590 1620 10
854 233 230 20 26 56 10
487 280 245 21 30 60 10
411 179 286 8 341 371 10
449 171 188 30 621 651 10
796 209 212 18 0 1860 10
704 247 306 33 56 86 10
606 175 239 23 75 105 10
516 217 207 26 1382 1412 10
82 245 176 20 0 1841 10
712 318 280 21 0 1841 10
264 167 291 27 1634 1664 10
247 247 219 17 0 1884 10
775 228 287 21 43 73 10
74 298 264 36 50 80 10
144 181 185 19 1614 1644 10
893 226 316 21 70 100 10
651 169 305 21 162 192 10
911 287 256 18 37 67 10
257 295 247 12 1303 1333 10
278 297 283 28 0 1858 10
607 217 333 26 411 441 10
173 248 176 32 1401 1431 10
706 289 220 19 49 79 10
915 159 299 12 1016 1046 10
873 214 311 14 70 100 10
517 162 306 22 119 149 10
831 307 249 10 1377 1407 10
478 240 255 33 1611 1641 10
532 190 267 36 0 1853 10
501 229 322 11 0 1840 10
1000 166 247 1 84 114 10
302 178 302 19 887 917 10
845 264 180 33 1681 1711 10
235 215 293 13 55 85 10
610 248 214 19 1479 1509 10
625 197 202 29 1204 1234 10
927 219 215 32 0 1869 10
729 199 203 20 1457 1487 10
297 314 205 22 1527 1557 10
762 171 303 18 0 1820 10
655 158 179 37 0 1799 10
547 161 275 21 0 1823 10
853 172 314 9 545 575 10
943 290 328 7 144 174 10
110 251 238 27 12 42 10
718 172 292 17 0 1827 10
142 322 290 23 0 1833 10
918 164 332 19 1280 1310 10
106 241 180 13 1695 1725 10
384 224 320 36 1284 1314 10
459 259 301 25 99 129 10
626 270 337 20 0 1826 10
726 214 245 8 36 66 10
667 210 219 7 50 80 10
618 284 319 17 0 1839 10
214 212 186 11 1722 1752 10
68 219 210 14 50 80 10
790 267 290 15 0 1872 10
51 203 211 20 1306 1336 10
423 146 313 22 0 1794 10
486 265 240 9 18 48 10
881 297 304 4 71 101 10
