r1_10_6

VEHICLE
NUMBER   CAPACITY
250     200

CUSTOMER
CUST NO. XCOORD.  YCOORD.  DEMAND  READY TIME DUE DATE  SERVICE TIME

0   250    250     0     0    1925     0
196 487 320 21 858 888 10
319 374 260 27 1761 1791 10
957 394 310 10 0 1759 10
756 461 182 13 629 659 10
322 389 255 15 785 815 10
849 398 329 17 167 197 10
736 489 274 31 534 564 10
741 360 284 19 0 1800 10
209 398 210 31 153 183 10
870 432 199 7 0 1726 10
960 391 202 14 0 1767 10
988 495 199 25 337 367 10
676 441 177 23 1001 1031 10
104 370 262 15 1099 1129 10
906 499 316 18 0 1658 10
4 439 237 11 939 969 10
497 380 194 3 0 1774 10
283 330 281 14 1330 1360 10
198 490 276 33 241 271 10
159 404 207 6 0 1756 10
728 368 311 14 926 956 10
924 420 224 10 429 459 10
771 394 322 12 1025 1055 10
422 461 195 26 1395 1425 10
570 433 319 11 0 1720 10
509 440 284 25 852 882 10
967 359 287 24 0 1800 10
43 440 294 16 960 990 10
560 449 190 2 1140 1170 10
250 442 289 25 195 225 10
734 475 267 7 780 810 10
575 447 184 27 424 454 10
72 424 288 13 1057 1087 10
745 415 207 18 900 930 10
67 440 201 29 893 923 10
540 340 291 22 470 500 10
510 417 212 12 910 940 10
301 418 269 3 0 1746 10
60 352 241 5 792 822 10
986 357 290 24 114 144 10
678 463 253 23 1047 1077 10
119 426 231 24 1028 1058 10
810 402 277 5 1438 1468 10
648 482 184 14 0 1674 10
355 398 341 33 939 969 10
372 344 203 14 167 197 10
89 356 256 19 106 136 10
397 475 198 20 0 1685 10
21 343 276 15 96 126 10
343 440 292 24 940 970 10
269 495 227 20 0 1669 10
826 439 222 22 980 1010 10
621 325 210 15 933 963 10
872 451 305 13 208 238 10
399 481 207 34 856 886 10
555 423 315 12 0 1731 10
994 408 318 15 0 1743 10
639 458 213 22 1128 1158 10
939 478 300 12 0 1682 10
109 500 228 8 0 1665 10
370 489 338 17 1397 1427 10
347 486 324 15 0 1668 10
202 343 205 26 767 797 10
536 460 328 13 224 254 10
862 381 328 12 0 1763 10
713 333 293 27 617 647 10
782 405 187 34 1251 1281 10
622 366 334 5 410 440 10
732 447 272 12 384 414 10
93 366 288 29 684 714 10
506 454 201 16 0 1706 10
188 453 318 30 374 404 10
554 457 280 17 1000 1030 10
916 351 233 21 1423 1453 10
244 365 190 22 1477 1507 10
590 415 253 21 367 397 10
125 447 267 19 980 1010 10
787 363 225 35 856 886 10
438 497 296 14 613 643 10
463 374 232 33 125 155 10
100 492 188 33 715 745 10
54 423 221 9 258 288 10
679 435 180 37 225 255 10
764 490 286 29 0 1673 10
70 390 249 21 582 612 10
512 472 248 11 0 1693 10
635 330 308 24 1170 1200 10
524 399 175 13 747 777 10
922 497 266 25 748 778 10
485 360 294 9 0 1797 10
357 461 186 16 0 1695 10
827 386 225 13 919 949 10
530 359 246 18 0 1806 10
861 492 326 19 1204 1234 10
991 452 206 31 492 522 10
186 428 302 27 1016 1046 10
204 385 285 13 868 898 10
887 418 251 21 1197 1227 10
127 371 332 14 530 560 10
833 401 314 25 976 1006 10
255 337 232 2 1571 1601 10
223 342 319 36 115 145 10
794 366 260 23 1520 1550 10
215 492 335 10 0 1659 10
694 325 311 22 1322 1352 10
116 386 245 16 479 509 10
883 409 255 23 0 1756 10
612 371 315 18 1166 1196 10
869 428 202 24 904 934 10
714 436 295 11 528 558 10
812 450 194 27 625 655 10
928 365 274 14 117 147 10
108 350 199 21 1201 1231 10
611 385 239 21 786 816 10
565 374 306 4 994 1024 10
725 484 224 7 300 330 10
