r1_10_6

VEHICLE
NUMBER   CAPACITY
250     200

CUSTOMER
CUST NO. XCOORD.  YCOORD.  DEMAND  READY TIME DUE DATE  SERVICE TIME

0   250    250     0     0    1925     0
587 392 1 11 605 635 10
668 404 59 13 913 943 10
467 432 66 30 1071 1101 10
193 429 59 9 0 1654 10
348 392 87 23 0 1699 10
94 452 172 9 608 638 10
454 423 170 27 513 543 10
600 432 2 20 0 1608 10
376 420 80 24 0 1675 10
989 441 60 21 1459 1489 10
652 394 47 5 313 343 10
8 466 149 16 1186 1216 10
735 482 141 14 1011 1041 10
268 481 84 17 506 536 10
684 441 7 20 392 422 10
797 443 167 17 543 573 10
317 388 44 22 1131 1161 10
270 397 57 17 1476 1506 10
602 489 159 29 0 1660 10
115 476 61 36 449 479 10
558 436 123 40 0 1690 10
568 442 153 29 1189 1219 10
974 480 119 7 628 658 10
535 482 104 19 807 837 10
139 409 155 19 0 1730 10
953 495 83 32 0 1619 10
978 440 77 14 0 1659 10
195 498 171 12 1256 1286 10
477 415 118 19 0 1704 10
592 437 98 16 1114 1144 10
314 390 34 7 1060 1090 10
709 400 71 17 1372 1402 10
892 426 38 23 609 639 10
818 452 110 14 0 1670 10
36 492 34 5 811 841 10
221 383 17 15 940 970 10
973 401 164 13 0 1742 10
711 438 127 2 941 971 10
288 456 157 20 1455 1485 10
37 412 100 1 513 543 10
76 407 35 11 0 1649 10
359 471 94 30 999 1029 10
46 480 136 22 0 1659 10
149 398 49 21 792 822 10
871 391 112 24 1000 1030 10
49 438 5 18 549 579 10
561 456 113 17 1227 1257 10
778 393 98 13 753 783 10
181 392 95 16 766 796 10
660 385 17 40 809 839 10
720 437 90 12 585 615 10
955 390 120 24 1004 1034 10
351 413 127 28 831 861 10
809 466 96 22 1383 1413 10
311 436 25 19 1282 1312 10
601 396 83 15 1586 1616 10
598 480 131 5 688 718 10
774 385 58 24 0 1681 10
562 480 152 26 0 1665 10
868 455 168 21 867 897 10
17 485 104 21 794 824 10
55 459 53 20 0 1628 10
241 441 100 31 0 1673 10
434 389 43 21 0 1666 10
20 472 57 17 1295 1325 10
131 415 95 15 1177 1207 10
64 451 62 5 282 312 10
633 404 140 8 1259 1289 10
975 488 96 22 1066 1096 10
187 450 45 24 504 534 10
169 439 156 2 0 1704 10
414 497 18 10 1130 1160 10
83 470 138 16 1389 1419 10
232 429 67 16 732 762 10
168 488 173 25 1210 1240 10
154 488 3 3 401 431 10
839 429 169 8 903 933 10
406 397 153 29 882 912 10
620 382 9 30 274 304 10
326 493 111 26 541 571 10
793 418 75 11 448 478 10
417 442 5 16 320 350 10
952 437 19 15 1014 1044 10
538 494 165 19 0 1657 10
605 460 117 14 520 550 10
378 497 54 14 978 1008 10
