r1_10_1

VEHICLE
NUMBER  CAPACITY
250   200

CUSTOMER
CUST NO. XCOORD. YCOORD. DEMAND READY TIME DUE DATE SERVICE TIME

0  250  250   0   0  1925   0
501 229 322 11 1670 1680 10
932 187 263 35 64 74 10
82 245 176 20 1245 1255 10
455 213 283 14 1481 1491 10
110 251 238 27 12 22 10
516 217 207 26 1392 1402 10
721 214 274 24 1379 1389 10
687 228 260 12 1616 1626 10
1000 166 247 1 84 94 10
26 210 276 5 47 57 10
893 226 316 21 70 80 10
51 203 211 20 1316 1326 10
489 195 273 22 59 69 10
610 248 214 19 1489 1499 10
239 230 320 8 1202 1212 10
753 225 269 30 1281 1291 10
527 244 277 18 1311 1321 10
726 214 245 8 36 46 10
927 219 215 32 46 56 10
299 221 291 9 56 66 10
235 215 293 13 55 65 10
819 213 185 21 74 84 10
634 223 178 20 1146 1156 10
632 226 175 23 1704 1714 10
117 201 278 13 56 66 10
122 181 260 23 69 79 10
697 235 288 18 40 50 10
247 247 219 17 31 41 10
673 191 215 17 68 78 10
729 199 203 20 1467 1477 10
873 214 311 14 70 80 10
532 190 267 36 1764 1774 10
253 246 314 36 1455 1465 10
606 175 239 23 75 85 10
844 221 269 14 1275 1285 10
173 248 176 32 1411 1421 10
667 210 219 7 50 60 10
214 212 186 11 1732 1742 10
770 180 283 23 754 764 10
854 233 230 20 26 36 10
866 240 240 35 1710 1720 10
630 222 331 10 550 560 10
35 250 328 24 259 269 10
213 211 248 26 39 49 10
898 218 271 16 1584 1594 10
796 209 212 18 1538 1548 10
704 247 306 33 56 66 10
68 219 210 14 50 60 10
461 215 282 21 1450 1460 10
411 179 286 8 351 361 10
53 231 167 15 85 95 10
775 228 287 21 43 53 10
106 241 180 13 1705 1715 10
625 197 202 29 1214 1224 10
328 235 316 2 666 676 10
478 240 255 33 1621 1631 10
384 224 320 36 1294 1304 10
