c2_10_3

VEHICLE
NUMBER  CAPACITY
250   700

CUSTOMER
CUST NO. XCOORD. YCOORD. DEMAND READY TIME DUE DATE SERVICE TIME

0  250  250   0   0  3914   0
193 39 278 10 1601 1761 90
418 59 358 20 2358 2518 90
741 59 377 20 2088 2248 90
71 59 389 20 1698 1858 90
860 76 287 20 1814 1974 90
705 83 282 10 1532 1692 90
750 50 383 10 1889 2049 90
22 19 297 20 2282 2442 90
737 23 306 20 2182 2342 90
754 54 372 20 1991 2151 90
161 90 298 10 2104 2264 90
467 52 369 30 2073 2233 90
595 77 287 10 1905 2065 90
502 51 364 10 1887 2047 90
243 81 283 10 1624 1784 90
92 29 282 10 1410 1570 90
544 91 298 10 2013 2173 90
928 29 302 20 2085 2245 90
996 40 288 20 1793 1953 90
360 57 367 20 2169 2329 90
186 39 296 20 1983 2143 90
3 89 284 20 1436 1596 90
51 67 387 10 2376 2536 90
