rc2_10_1

VEHICLE
NUMBER  CAPACITY
250   1000

CUSTOMER
CUST NO. XCOORD. YCOORD. DEMAND READY TIME DUE DATE SERVICE TIME

0  250  250   0   0  7284   0
662 411 379 25 4773 4893 10
498 377 385 6 3465 3585 10
39 377 432 20 3326 3446 10
29 421 387 15 3205 3325 10
70 421 386 29 3297 3417 10
524 406 460 2 2877 2997 10
72 412 478 7 3839 3959 10
910 433 447 20 3177 3297 10
277 379 486 22 2687 2807 10
807 368 452 16 2680 2800 10
332 420 383 27 3928 4048 10
936 425 448 9 3178 3298 10
460 405 454 11 5212 5332 10
