r1_10_10

VEHICLE
NUMBER   CAPACITY
250     200

CUSTOMER
CUST NO. XCOORD.  YCOORD.  DEMAND  READY TIME DUE DATE  SERVICE TIME

0   250    250     0     0    1925     0
148 161 276 8 92 211 10
15 164 320 12 1070 1150 10
932 187 263 35 64 151 10
755 110 251 23 444 582 10
84 115 296 24 1472 1615 10
792 131 246 17 793 902 10
937 118 314 26 297 409 10
122 181 260 23 69 210 10
664 162 301 16 1585 1672 10
489 195 273 22 59 127 10
770 180 283 23 664 854 10
289 153 244 5 97 254 10
723 120 261 5 758 858 10
586 157 269 31 1520 1663 10
371 179 318 2 1093 1179 10
411 179 286 8 290 422 10
804 133 273 20 119 260 10
18 144 331 13 882 1011 10
264 167 291 27 1601 1697 10
820 134 276 15 118 240 10
651 169 305 21 119 235 10
915 159 299 12 984 1077 10
517 162 306 22 104 222 10
532 190 267 36 1734 1804 10
1000 166 247 1 84 158 10
302 178 302 19 818 986 10
138 136 265 12 114 220 10
762 171 303 18 1501 1708 10
547 161 275 21 1311 1413 10
853 172 314 9 499 621 10
718 172 292 17 88 158 10
746 130 247 17 120 218 10
918 164 332 19 1269 1321 10
423 146 313 22 1151 1269 10
