r1_10_10

VEHICLE
NUMBER   CAPACITY
250     200

CUSTOMER
CUST NO. XCOORD.  YCOORD.  DEMAND  READY TIME DUE DATE  SERVICE TIME

0   250    250     0     0    1925     0
429 212 47 20 761 871 10
303 250 57 26 735 791 10
227 224 3 10 640 771 10
339 288 70 24 183 345 10
10 251 63 14 923 1081 10
805 253 74 20 1285 1446 10
962 276 84 20 624 769 10
447 215 79 5 196 282 10
761 242 106 28 1218 1348 10
780 235 33 30 1265 1439 10
674 231 29 14 1214 1269 10
691 235 13 27 311 436 10
456 240 34 28 1517 1632 10
947 206 97 33 395 531 10
98 218 12 3 492 625 10
643 224 56 13 1122 1280 10
366 244 13 24 965 1091 10
513 235 108 12 1040 1150 10
41 245 42 24 523 602 10
137 210 29 13 1013 1118 10
821 262 97 17 913 1011 10
482 273 70 36 563 706 10
675 253 50 27 200 301 10
295 282 10 30 1200 1354 10
362 257 57 18 1186 1295 10
599 210 81 2 321 508 10
519 209 68 27 1533 1633 10
38 233 87 18 198 338 10
784 265 0 10 839 984 10
245 282 1 18 1012 1103 10
126 232 101 24 290 432 10
273 292 32 14 222 326 10
396 262 92 25 566 725 10
329 239 15 2 549 689 10
226 241 38 16 468 625 10
