rc2_10_8

VEHICLE
NUMBER  CAPACITY
250   1000

CUSTOMER
CUST NO. XCOORD. YCOORD. DEMAND READY TIME DUE DATE SERVICE TIME

0  250  250   0   0  7284   0
911 214 274 24 5222 5851 10
970 13 214 21 5296 5652 10
744 215 282 21 5492 6152 10
158 188 151 7 4994 5500 10
590 244 277 18 4950 5580 10
396 203 211 20 5136 5436 10
882 56 268 28 4183 4449 10
420 209 212 18 5902 6440 10
735 228 260 12 6167 6798 10
53 226 175 23 6710 6959 10
193 60 231 32 4015 4313 10
270 178 135 21 6057 6173 10
536 105 181 19 5849 6520 10
153 212 186 11 6659 7200 10
317 241 180 13 6690 6987 10
872 199 203 20 5700 6079 10
879 53 204 8 3938 4622 10
509 146 313 22 4407 5276 10
302 157 269 31 6047 6683 10
427 225 269 30 4956 5330 10
43 111 192 11 4637 5079 10
799 146 188 6 4547 5452 10
714 217 207 26 5388 5792 10
641 159 299 12 3889 4355 10
86 97 288 22 4962 5430 10
