c1_10_4

VEHICLE
NUMBER  CAPACITY
250   200

CUSTOMER
CUST NO. XCOORD. YCOORD. DEMAND READY TIME DUE DATE SERVICE TIME

0  250  250   0   0  1824   0
739 188 462 40 0 1514 90
149 182 463 30 0 1511 90
761 207 400 20 0 1578 90
936 186 464 10 0 1511 90
671 174 494 10 0 1479 90
656 203 390 40 0 1587 90
106 141 428 20 0 1526 90
158 140 431 30 0 1523 90
592 213 397 10 0 1583 90
134 187 491 20 0 1485 90
168 210 398 10 0 1581 90
303 172 488 10 0 1484 90
358 196 462 10 0 1516 90
658 210 391 30 0 1588 90
208 186 461 20 0 1514 90
816 144 439 30 0 1518 90
771 208 396 20 0 1583 90
537 147 435 20 0 1523 90
160 134 428 20 0 1522 90
281 215 395 20 0 1585 90
412 138 438 20 0 1516 90
409 189 464 10 0 1512 90
464 214 394 10 0 1586 90
978 178 491 10 0 1483 90
124 146 439 10 0 1519 90
345 186 472 20 0 1503 90
