c2_10_10

VEHICLE
NUMBER  CAPACITY
250   700

CUSTOMER
CUST NO. XCOORD. YCOORD. DEMAND READY TIME DUE DATE SERVICE TIME

0  250  250   0   0  3914   0
395 322 78 20 2104 2984 90
779 316 80 30 2292 3172 90
534 351 75 10 1794 2674 90
617 312 74 20 2389 3269 90
704 319 77 30 2198 3078 90
211 337 63 30 1685 2565 90
365 335 54 30 1493 2373 90
899 308 82 30 2579 3459 90
295 335 52 20 1401 2281 90
323 356 77 20 1889 2769 90
351 325 75 30 2010 2890 90
254 329 48 10 1195 2075 90
546 344 46 30 1300 2180 90
435 335 64 10 1593 2473 90
454 310 81 30 2486 3366 90
