r1_10_4

VEHICLE
NUMBER   CAPACITY
250     200

CUSTOMER
CUST NO. XCOORD.  YCOORD.  DEMAND  READY TIME DUE DATE  SERVICE TIME

0   250    250     0     0    1925     0
452 33 286 11 0 1696 10
148 161 276 8 143 153 10
156 48 293 22 0 1709 10
15 164 320 12 0 1805 10
205 44 344 12 0 1689 10
22 104 349 20 0 1739 10
404 91 326 4 0 1739 10
816 46 389 22 0 1669 10
549 175 352 12 0 1789 10
759 34 329 2 1053 1063 10
59 69 423 32 0 1665 10
945 97 288 22 0 1758 10
856 243 402 13 0 1763 10
919 88 484 5 0 1631 10
293 163 472 9 0 1677 10
80 132 479 11 257 267 10
836 5 281 16 0 1669 10
755 110 251 23 508 518 10
742 29 358 23 0 1670 10
253 246 314 36 1455 1465 10
84 115 296 24 0 1773 10
424 19 273 25 0 1683 10
468 76 462 18 966 976 10
593 12 367 27 0 1650 10
837 173 474 14 0 1679 10
327 150 484 16 0 1661 10
380 84 377 10 0 1706 10
35 250 328 24 0 1837 10
328 235 316 2 666 676 10
418 44 496 32 0 1595 10
369 177 486 20 0 1668 10
401 35 263 27 0 1700 10
875 164 473 26 0 1676 10
335 55 318 13 322 332 10
484 185 434 9 0 1720 10
121 64 437 11 0 1652 10
167 20 480 25 0 1590 10
24 91 427 14 893 903 10
663 181 441 25 0 1712 10
178 148 462 10 737 747 10
937 118 314 26 0 1769 10
220 67 378 26 0 1692 10
363 94 344 26 0 1733 10
641 202 391 30 0 1767 10
630 222 331 10 0 1830 10
690 154 374 36 0 1759 10
160 68 303 22 0 1726 10
664 162 301 16 1623 1633 10
858 66 314 26 0 1721 10
923 138 406 8 1226 1236 10
830 89 322 21 0 1739 10
543 71 304 19 0 1729 10
574 44 440 24 0 1635 10
518 48 366 29 0 1683 10
349 122 422 3 0 1701 10
693 103 464 22 0 1656 10
770 180 283 23 0 1838 10
312 67 352 20 0 1706 10
481 69 414 6 1273 1283 10
958 61 441 27 554 564 10
544 87 311 7 0 1741 10
982 48 437 4 814 824 10
331 40 278 10 0 1704 10
333 161 416 25 0 1727 10
677 5 445 30 0 1602 10
851 237 420 15 0 1745 10
412 244 422 14 0 1743 10
859 58 391 16 0 1677 10
166 89 358 23 0 1722 10
659 48 412 7 1042 1052 10
739 12 358 7 1234 1244 10
32 27 444 22 0 1620 10
723 120 261 5 0 1785 10
959 52 303 25 0 1711 10
964 16 287 12 0 1679 10
897 247 443 17 340 350 10
436 179 497 1 0 1658 10
520 94 497 31 0 1623 10
57 130 494 6 0 1644 10
567 230 487 20 0 1678 10
442 44 311 27 0 1701 10
700 226 423 15 207 217 10
183 211 411 15 0 1750 10
586 157 269 31 0 1821 10
769 26 442 23 0 1620 10
462 166 440 12 0 1708 10
45 32 319 21 0 1687 10
619 195 464 20 0 1695 10
880 115 395 11 825 835 10
768 84 453 19 0 1653 10
66 142 372 18 0 1753 10
640 13 314 14 0 1670 10
353 211 446 15 0 1716 10
744 248 386 22 0 1779 10
239 230 320 8 1202 1212 10
340 177 404 17 0 1745 10
425 245 461 8 659 669 10
371 179 318 2 0 1817 10
539 167 445 7 0 1704 10
251 136 430 14 0 1702 10
834 217 357 23 1430 1440 10
432 225 488 28 0 1676 10
392 51 286 14 1469 1479 10
88 49 353 15 0 1690 10
3 80 400 10 0 1689 10
476 141 426 23 541 551 10
350 37 281 17 0 1700 10
263 53 466 9 0 1623 10
608 62 375 16 0 1690 10
925 231 410 14 0 1754 10
243 79 467 22 361 371 10
717 13 394 15 0 1638 10
62 59 276 11 902 912 10
748 92 259 4 409 419 10
411 179 286 8 0 1836 10
282 174 347 3 0 1792 10
754 50 383 20 270 280 10
804 133 273 20 0 1796 10
211 105 474 27 0 1649 10
961 36 451 15 0 1622 10
479 162 388 11 1136 1146 10
777 35 344 21 873 883 10
581 244 368 25 424 434 10
779 208 488 22 0 1674 10
325 64 294 12 0 1724 10
321 178 420 18 1081 1091 10
308 154 392 9 0 1744 10
18 144 331 13 0 1782 10
629 84 255 13 0 1749 10
453 112 433 29 0 1686 10
367 29 336 22 0 1678 10
284 67 451 5 0 1644 10
23 28 467 34 1353 1363 10
430 80 337 28 0 1725 10
843 10 407 36 444 454 10
97 218 403 15 0 1759 10
525 56 268 28 1074 1084 10
886 3 471 13 0 1584 10
99 228 399 14 0 1765 10
264 167 291 27 0 1823 10
582 90 477 18 0 1638 10
73 77 372 19 0 1704 10
737 26 342 12 0 1673 10
145 7 382 27 0 1639 10
495 83 300 26 510 520 10
850 239 486 3 0 1679 10
77 225 369 38 0 1794 10
352 222 499 7 0 1665 10
470 196 489 23 0 1670 10
182 216 341 19 0 1818 10
238 208 445 22 0 1716 10
439 152 476 45 0 1669 10
596 43 360 2 0 1681 10
9 83 290 14 0 1744 10
390 107 374 8 924 934 10
373 149 341 6 414 424 10
820 134 276 15 0 1797 10
893 226 316 21 70 80 10
651 169 305 21 172 182 10
708 137 377 23 169 179 10
738 139 438 24 0 1697 10
607 217 333 26 0 1826 10
944 96 346 26 0 1734 10
285 27 464 21 0 1606 10
136 93 413 17 226 236 10
379 80 458 30 381 391 10
915 159 299 12 0 1812 10
873 214 311 14 70 80 10
92 33 278 18 0 1697 10
517 162 306 22 0 1811 10
177 29 462 17 1320 1330 10
841 95 382 19 0 1712 10
190 11 403 18 353 363 10
654 65 343 38 0 1708 10
926 199 438 3 0 1721 10
274 90 496 13 0 1622 10
365 146 376 8 244 254 10
501 229 322 11 0 1840 10
563 100 266 5 0 1765 10
302 178 302 19 0 1827 10
840 195 450 16 0 1708 10
900 241 402 11 0 1763 10
259 79 257 26 0 1744 10
901 213 399 18 0 1762 10
336 80 279 19 0 1743 10
551 51 360 13 0 1688 10
235 215 293 13 0 1860 10
905 215 434 9 0 1728 10
171 111 392 18 0 1717 10
474 243 408 15 0 1757 10
733 40 304 16 1155 1165 10
860 142 360 20 0 1761 10
698 0 356 13 0 1644 10
946 176 470 14 557 567 10
545 207 487 4 0 1675 10
566 13 465 31 784 794 10
199 126 391 19 0 1728 10
138 136 265 12 0 1801 10
762 171 303 18 0 1820 10
150 210 379 12 0 1780 10
547 161 275 21 0 1823 10
249 167 488 17 260 270 10
853 172 314 9 0 1815 10
50 132 477 25 337 347 10
16 52 412 22 0 1660 10
718 172 292 17 0 1827 10
395 185 431 15 0 1723 10
224 78 406 15 970 980 10
918 164 332 19 0 1797 10
670 149 458 13 0 1684 10
685 33 268 18 706 716 10
956 80 357 1 0 1715 10
413 250 441 5 0 1724 10
808 77 465 11 0 1640 10
384 224 320 36 1294 1304 10
460 189 402 10 0 1752 10
203 182 480 31 0 1676 10
496 72 477 46 288 298 10
888 153 362 7 0 1767 10
977 49 437 7 0 1641 10
817 246 407 12 0 1758 10
42 166 345 14 0 1789 10
981 175 422 24 0 1728 10
569 240 362 23 0 1803 10
838 36 301 21 0 1696 10
585 71 282 29 0 1734 10
909 174 397 32 1255 1265 10
504 63 420 19 0 1663 10
878 133 455 25 0 1679 10
426 69 266 12 0 1734 10
571 0 422 8 831 841 10
324 93 490 2 0 1629 10
408 174 376 8 0 1768 10
206 170 347 15 0 1790 10
681 59 388 20 673 683 10
423 146 313 22 0 1794 10
597 102 422 23 236 246 10
688 114 460 14 0 1665 10
375 68 450 18 0 1645 10
208 124 448 6 0 1681 10
234 135 400 20 0 1726 10
992 195 386 13 146 156 10
