r1_10_2

VEHICLE
NUMBER   CAPACITY
250     200

CUSTOMER
CUST NO. XCOORD.  YCOORD.  DEMAND  READY TIME DUE DATE  SERVICE TIME

0   250    250     0     0    1925     0
455 213 283 14 0 1866 10
753 225 269 30 0 1884 10
141 291 251 20 41 51 10
802 301 239 31 52 62 10
461 215 282 21 1450 1460 10
697 235 288 18 40 50 10
559 286 244 31 1294 1304 10
253 246 314 36 1455 1465 10
35 250 328 24 259 269 10
328 235 316 2 666 676 10
407 295 283 26 0 1860 10
299 221 291 9 56 66 10
751 268 288 26 1277 1287 10
687 228 260 12 1616 1626 10
65 299 285 3 1264 1274 10
721 214 274 24 0 1872 10
844 221 269 14 1275 1285 10
117 201 278 13 56 66 10
28 273 300 30 55 65 10
213 211 248 26 39 49 10
743 285 247 13 0 1880 10
898 218 271 16 1584 1594 10
877 274 261 20 1717 1727 10
527 244 277 18 1311 1321 10
866 240 240 35 1710 1720 10
239 230 320 8 1202 1212 10
970 273 255 18 1502 1512 10
26 210 276 5 47 57 10
201 293 228 19 48 58 10
14 266 221 9 33 43 10
541 272 234 26 1600 1610 10
854 233 230 20 26 36 10
487 280 245 21 30 40 10
704 247 306 33 56 66 10
247 247 219 17 0 1884 10
775 228 287 21 43 53 10
74 298 264 36 50 60 10
893 226 316 21 70 80 10
911 287 256 18 37 47 10
257 295 247 12 1313 1323 10
278 297 283 28 0 1858 10
478 240 255 33 1621 1631 10
501 229 322 11 0 1840 10
235 215 293 13 55 65 10
610 248 214 19 1489 1499 10
943 290 328 7 154 164 10
110 251 238 27 12 22 10
384 224 320 36 1294 1304 10
459 259 301 25 109 119 10
626 270 337 20 0 1826 10
726 214 245 8 36 46 10
618 284 319 17 0 1839 10
790 267 290 15 0 1872 10
486 265 240 9 18 28 10
881 297 304 4 71 81 10
