r1_10_2

VEHICLE
NUMBER   CAPACITY
250     200

CUSTOMER
CUST NO. XCOORD.  YCOORD.  DEMAND  READY TIME DUE DATE  SERVICE TIME

0   250    250     0     0    1925     0
452 33 286 11 1556 1566 10
156 48 293 22 286 296 10
205 44 344 12 1089 1099 10
493 24 259 19 0 1689 10
22 104 349 20 1019 1029 10
404 91 326 4 0 1739 10
759 34 329 2 1053 1063 10
945 97 288 22 1294 1304 10
836 5 281 16 1382 1392 10
742 29 358 23 621 631 10
424 19 273 25 1027 1037 10
593 12 367 27 336 346 10
401 35 263 27 280 290 10
335 55 318 13 322 332 10
52 2 264 40 0 1667 10
363 94 344 26 0 1733 10
160 68 303 22 0 1726 10
858 66 314 26 194 204 10
830 89 322 21 1031 1041 10
543 71 304 19 699 709 10
518 48 366 29 753 763 10
312 67 352 20 383 393 10
544 87 311 7 0 1741 10
331 40 278 10 1114 1124 10
166 89 358 23 1257 1267 10
739 12 358 7 1234 1244 10
959 52 303 25 451 461 10
964 16 287 12 0 1679 10
442 44 311 27 0 1701 10
45 32 319 21 411 421 10
640 13 314 14 254 264 10
553 80 251 14 314 324 10
392 51 286 14 1469 1479 10
88 49 353 15 1456 1466 10
350 37 281 17 503 513 10
62 59 276 11 902 912 10
748 92 259 4 409 419 10
777 35 344 21 873 883 10
325 64 294 12 1111 1121 10
629 84 255 13 292 302 10
367 29 336 22 342 352 10
430 80 337 28 0 1725 10
525 56 268 28 1074 1084 10
737 26 342 12 331 341 10
495 83 300 26 510 520 10
596 43 360 2 0 1681 10
9 83 290 14 0 1744 10
944 96 346 26 0 1734 10
92 33 278 18 1497 1507 10
654 65 343 38 217 227 10
563 100 266 5 480 490 10
259 79 257 26 963 973 10
336 80 279 19 0 1743 10
551 51 360 13 1155 1165 10
733 40 304 16 1155 1165 10
698 0 356 13 0 1644 10
685 33 268 18 706 716 10
956 80 357 1 540 550 10
838 36 301 21 219 229 10
585 71 282 29 0 1734 10
426 69 266 12 768 778 10
