r1_10_2

VEHICLE
NUMBER   CAPACITY
250     200

CUSTOMER
CUST NO. XCOORD.  YCOORD.  DEMAND  READY TIME DUE DATE  SERVICE TIME

0   250    250     0     0    1925     0
2 67 190 25 1183 1193 10
95 86 189 21 237 247 10
638 94 192 1 1090 1100 10
647 46 248 9 824 834 10
197 45 166 22 1023 1033 10
345 47 208 30 236 246 10
832 30 155 9 1290 1300 10
492 63 155 7 0 1706 10
151 60 231 32 1036 1046 10
416 26 221 28 1006 1016 10
765 61 214 4 0 1723 10
305 1 252 5 0 1666 10
157 64 135 11 0 1697 10
588 39 153 26 808 818 10
863 62 236 29 568 578 10
966 53 204 8 1065 1075 10
258 39 162 18 575 585 10
657 9 233 31 316 326 10
934 74 215 10 239 249 10
140 111 178 18 156 166 10
29 41 232 16 215 225 10
498 72 227 25 574 584 10
143 57 183 15 0 1711 10
940 33 152 17 1330 1340 10
902 32 191 5 596 606 10
446 48 150 15 0 1690 10
979 43 135 31 236 246 10
69 64 198 10 1098 1108 10
409 38 190 23 295 305 10
637 34 239 16 0 1699 10
382 6 196 20 1213 1223 10
428 68 160 21 0 1712 10
885 60 246 25 0 1725 10
528 105 181 19 1541 1551 10
731 86 199 23 0 1744 10
242 61 170 20 1016 1026 10
609 82 183 17 1112 1122 10
884 87 213 18 636 646 10
315 18 225 8 701 711 10
296 66 163 6 405 415 10
882 7 194 29 0 1666 10
298 83 169 21 0 1730 10
341 10 237 19 626 636 10
583 34 169 11 494 504 10
829 103 177 28 636 646 10
248 28 180 34 396 406 10
113 21 146 21 497 507 10
867 46 163 8 936 946 10
58 31 175 24 0 1684 10
337 48 162 15 227 237 10
179 44 140 11 878 888 10
824 68 240 11 804 814 10
807 77 172 23 796 806 10
135 5 224 19 0 1669 10
719 14 232 18 0 1679 10
265 89 185 16 610 620 10
86 43 210 20 210 220 10
707 23 235 43 1033 1043 10
231 13 214 21 1364 1374 10
48 0 188 26 942 952 10
