r1_10_2

VEHICLE
NUMBER   CAPACITY
250     200

CUSTOMER
CUST NO. XCOORD.  YCOORD.  DEMAND  READY TIME DUE DATE  SERVICE TIME

0   250    250     0     0    1925     0
319 374 260 27 1781 1791 10
322 389 255 15 795 805 10
741 360 284 19 0 1800 10
104 370 262 15 1109 1119 10
283 330 281 14 1340 1350 10
967 359 287 24 0 1800 10
695 306 235 25 57 67 10
540 340 291 22 480 490 10
60 352 241 5 802 812 10
986 357 290 24 114 124 10
810 402 277 5 1448 1458 10
89 356 256 19 106 116 10
21 343 276 15 96 106 10
713 333 293 27 627 637 10
712 318 280 21 0 1841 10
93 366 288 29 694 704 10
916 351 233 21 1433 1443 10
590 415 253 21 377 387 10
787 363 225 35 866 876 10
463 374 232 33 125 135 10
70 390 249 21 592 602 10
831 307 249 10 1387 1397 10
635 330 308 24 1180 1190 10
485 360 294 9 0 1797 10
827 386 225 13 929 939 10
530 359 246 18 0 1806 10
204 385 285 13 878 888 10
887 418 251 21 1207 1217 10
255 337 232 2 1581 1591 10
794 366 260 23 1530 1540 10
116 386 245 16 489 499 10
142 322 290 23 0 1833 10
883 409 255 23 0 1756 10
928 365 274 14 117 127 10
611 385 239 21 796 806 10
