r1_10_7

VEHICLE
NUMBER  CAPACITY
250   200

CUSTOMER
CUST NO. XCOORD. YCOORD. DEMAND READY TIME DUE DATE SERVICE TIME

0  250  250   0   0  1925   0
441 64 5 14 1129 1159 10
942 94 40 24 1068 1098 10
39 60 5 18 1044 1074 10
354 30 7 23 1189 1219 10
855 79 80 19 1382 1412 10
529 30 97 23 1210 1240 10
798 156 65 22 1037 1067 10
990 51 89 19 1208 1238 10
865 151 81 28 1558 1588 10
938 60 29 32 1363 1393 10
591 92 76 4 1139 1169 10
30 25 53 23 1020 1050 10
795 138 28 23 1097 1127 10
338 91 27 14 1182 1212 10
162 147 30 26 1109 1139 10
356 26 67 15 1317 1347 10
895 102 6 3 1458 1488 10
665 1 101 8 1257 1287 10
