rc2_10_5

VEHICLE
NUMBER  CAPACITY
250   1000

CUSTOMER
CUST NO. XCOORD. YCOORD. DEMAND READY TIME DUE DATE SERVICE TIME

0  250  250   0   0  7284   0
433 33 278 18 5978 6039 10
221 33 286 11 6203 6284 10
766 12 358 7 4917 4997 10
623 51 286 14 5720 6072 10
882 56 268 28 4146 4486 10
130 44 344 12 4295 4461 10
163 64 294 12 4280 4650 10
295 0 356 13 4154 4656 10
907 19 273 25 4049 4203 10
842 5 281 16 5513 5579 10
369 40 304 16 4565 4713 10
86 97 288 22 4927 5466 10
583 104 349 20 3929 4265 10
