rc1_10_4

VEHICLE
NUMBER  CAPACITY
250   200

CUSTOMER
CUST NO. XCOORD. YCOORD. DEMAND READY TIME DUE DATE SERVICE TIME

0  250  250   0   0  1821   0
914 23 67 30 0 1520 10
572 21 68 20 0 1519 10
254 75 118 21 0 1592 10
418 24 68 20 0 1521 10
438 1 101 8 0 1521 10
717 6 53 8 0 1498 10
614 39 162 18 0 1583 10
127 0 188 26 0 1554 10
688 57 183 15 0 1607 10
462 43 135 31 0 1575 10
343 21 64 20 0 1516 10
943 16 68 20 0 1515 10
816 24 65 10 0 1519 10
204 17 65 20 0 1514 10
881 15 68 10 0 1514 10
177 7 194 29 0 1562 10
559 21 70 15 0 1520 10
748 44 115 24 0 1565 10
832 46 163 8 0 1590 10
510 21 146 21 0 1560 10
488 30 72 10 0 1529 10
640 20 73 10 0 1521 10
266 25 65 10 0 1520 10
