rc1_10_5

VEHICLE
NUMBER  CAPACITY
250   200

CUSTOMER
CUST NO. XCOORD. YCOORD. DEMAND READY TIME DUE DATE SERVICE TIME

0  250  250   0   0  1821   0
30 83 300 26 475 554 10
7 133 202 33 468 483 10
845 90 296 20 166 231 10
823 92 270 20 236 308 10
424 91 268 10 250 270 10
818 133 273 20 119 135 10
737 95 277 20 268 311 10
77 96 270 20 155 211 10
923 80 286 10 197 281 10
355 95 234 10 155 234 10
508 134 211 35 122 227 10
18 92 233 10 179 298 10
887 91 231 30 173 257 10
64 92 259 4 402 427 10
945 92 236 20 222 323 10
251 118 314 26 328 377 10
40 80 290 10 187 238 10
286 91 235 10 254 314 10
414 87 285 30 249 264 10
14 102 264 10 148 194 10
817 130 247 17 120 163 10
395 95 235 10 155 235 10
45 88 286 10 233 301 10
803 90 285 40 221 362 10
449 85 288 20 169 243 10
367 89 290 20 166 199 10
408 92 234 10 219 280 10
134 89 270 10 190 247 10
635 89 272 10 200 213 10
627 92 230 20 191 216 10
319 80 251 14 299 338 10
900 92 232 10 159 246 10
203 91 266 10 211 285 10
304 100 266 20 150 239 10
116 94 235 20 156 228 10
684 90 232 10 198 256 10
742 93 235 10 221 302 10
613 90 274 20 168 220 10
497 72 227 25 526 631 10
618 79 291 10 175 286 10
955 153 235 10 98 135 10
805 88 287 30 261 295 10
930 86 268 10 213 251 10
