c2_10_3

VEHICLE
NUMBER  CAPACITY
250   700

CUSTOMER
CUST NO. XCOORD. YCOORD. DEMAND READY TIME DUE DATE SERVICE TIME

0  250  250   0   0  3914   0
132 400 364 30 570 730 90
580 366 341 20 553 713 90
689 383 351 20 167 327 90
589 368 325 30 139 299 90
394 361 337 50 363 523 90
86 394 367 30 380 540 90
520 420 308 30 709 869 90
475 401 368 20 664 824 90
322 418 300 10 611 771 90
110 406 339 20 295 455 90
509 360 338 10 272 432 90
670 412 300 20 515 675 90
835 378 326 30 160 320 90
359 370 353 10 746 906 90
130 368 340 10 461 621 90
320 420 311 30 893 1053 90
