c2_10_5

VEHICLE
NUMBER  CAPACITY
250   700

CUSTOMER
CUST NO. XCOORD. YCOORD. DEMAND READY TIME DUE DATE SERVICE TIME

0  250  250   0   0  3914   0
771 247 82 30 1748 2068 90
91 236 96 20 1524 1844 90
926 218 98 30 1922 2242 90
547 238 84 10 1554 1874 90
562 247 88 30 1844 2164 90
663 232 87 30 1424 1744 90
284 224 93 20 2111 2431 90
984 224 96 40 2018 2338 90
917 221 87 20 1323 1643 90
268 236 95 30 2037 2357 90
788 236 92 10 2130 2450 90
274 230 95 20 1819 2139 90
924 238 83 20 1463 1783 90
488 235 81 20 1370 1690 90
773 244 94 20 1715 2035 90
869 245 96 20 1623 1943 90
578 247 89 20 1935 2255 90
837 243 88 20 1651 1971 90
