rc1_10_2

VEHICLE
NUMBER  CAPACITY
250   200

CUSTOMER
CUST NO. XCOORD. YCOORD. DEMAND READY TIME DUE DATE SERVICE TIME

0  250  250   0   0  1821   0
664 51 447 10 294 324 10
739 53 466 9 335 365 10
62 20 489 10 383 413 10
624 20 488 10 372 402 10
833 77 465 11 275 305 10
276 90 477 18 277 307 10
489 21 487 10 350 380 10
309 58 458 10 323 353 10
705 55 449 20 278 308 10
703 59 459 20 311 341 10
858 12 463 20 361 391 10
359 59 388 20 663 693 10
619 64 437 11 918 948 10
366 63 444 20 380 410 10
279 8 497 40 408 438 10
609 65 453 30 282 312 10
461 17 458 10 433 463 10
924 17 459 10 422 452 10
32 18 462 20 398 428 10
783 16 460 20 411 441 10
157 62 453 10 295 325 10
782 58 449 30 363 393 10
102 54 445 10 308 338 10
966 12 451 20 311 341 10
634 11 403 18 343 373 10
905 18 484 10 329 359 10
899 13 465 31 774 804 10
111 0 422 8 821 851 10
358 16 463 20 375 405 10
925 66 448 10 270 300 10
340 58 391 16 882 912 10
12 60 454 10 347 377 10
747 26 490 10 475 505 10
554 14 459 20 336 366 10
586 53 440 10 323 353 10
606 21 488 10 361 391 10
593 22 483 30 325 355 10
376 15 457 20 323 353 10
268 49 451 20 284 314 10
589 13 459 20 347 377 10
397 16 497 20 426 456 10
689 59 457 30 334 364 10
348 48 437 4 804 834 10
