c2_10_8

VEHICLE
NUMBER   CAPACITY
250     700

CUSTOMER
CUST NO. XCOORD.  YCOORD.  DEMAND  READY TIME DUE DATE  SERVICE TIME

0   250    250     0     0    3914     0
452 196 219 30 2814 3454 90
156 13 266 20 964 1604 90
587 144 266 30 107 747 90
913 179 311 10 93 733 90
196 139 262 30 1210 1850 90
193 39 278 10 1361 2001 90
161 90 298 10 1864 2504 90
493 44 153 30 1755 2395 90
22 19 297 20 2042 2682 90
716 106 295 20 813 1453 90
968 211 198 30 2420 3060 90
461 209 201 30 2513 3153 90
638 117 204 30 1458 2098 90
94 148 225 40 373 1013 90
59 121 203 10 1552 2192 90
945 179 284 30 791 1431 90
930 124 247 20 2855 3495 90
376 211 188 10 420 1060 90
604 152 241 20 553 1193 90
742 138 272 20 1581 2221 90
665 174 304 20 93 733 90
828 91 303 20 1959 2599 90
252 155 198 30 108 748 90
736 167 169 20 1414 2054 90
424 108 245 20 1490 2130 90
593 200 195 20 1945 2585 90
632 36 284 10 1458 2098 90
696 121 249 20 2181 2821 90
151 63 166 30 2262 2902 90
683 107 168 20 2275 2915 90
684 220 177 20 221 861 90
237 173 328 10 2241 2881 90
407 65 164 20 2355 2995 90
401 185 301 20 1090 1730 90
613 200 297 30 313 953 90
104 128 209 20 853 1493 90
875 108 222 10 1257 1897 90
270 189 200 10 1749 2389 90
484 53 139 30 974 1614 90
906 117 319 10 2868 3508 90
121 63 159 20 769 1409 90
891 190 292 10 505 1145 90
344 134 265 20 2426 3066 90
272 73 303 10 2157 2797 90
313 80 141 30 254 894 90
122 112 243 20 2081 2721 90
721 43 125 30 1363 2003 90
220 176 296 20 990 1630 90
568 16 285 30 2252 2892 90
363 55 282 40 197 837 90
306 110 241 20 1896 2536 90
422 83 151 10 194 834 90
291 228 186 20 67 707 90
281 94 130 10 361 1001 90
923 140 265 40 1303 1943 90
447 212 215 20 2920 3560 90
103 184 188 10 1020 1660 90
40 196 192 30 1850 2490 90
535 185 293 10 690 1330 90
636 114 169 20 2372 3012 90
481 186 177 20 1121 1761 90
544 91 298 10 1773 2413 90
289 111 244 10 1989 2629 90
212 32 247 20 562 1202 90
978 11 269 10 870 1510 90
101 125 264 20 2615 3255 90
483 26 269 30 765 1405 90
540 194 296 20 410 1050 90
333 198 284 10 62 702 90
677 49 136 10 1465 2105 90
60 118 256 10 2279 2919 90
859 148 270 10 103 743 90
166 120 210 20 1042 1682 90
842 128 240 10 3045 3685 90
631 123 206 10 1645 2285 90
557 121 236 10 1794 2434 90
29 48 137 20 1557 2197 90
959 207 289 20 2757 3397 90
897 110 199 10 1967 2607 90
275 57 131 10 1163 1803 90
567 192 306 20 1283 1923 90
442 118 214 20 136 776 90
183 152 196 10 111 751 90
586 140 220 30 563 1203 90
480 59 159 10 863 1503 90
619 22 283 30 1073 1713 90
806 101 295 30 718 1358 90
671 206 295 10 2569 3209 90
880 127 278 10 1866 2506 90
503 250 217 40 2294 2934 90
768 51 162 20 1973 2613 90
623 200 182 10 913 1553 90
866 132 272 30 2054 2694 90
914 77 133 10 469 1109 90
176 112 208 10 1361 2001 90
397 188 293 30 597 1237 90
21 149 183 20 2868 3508 90
970 217 189 20 324 964 90
553 77 172 20 2736 3376 90
865 204 291 20 2663 3303 90
505 173 208 30 1641 2281 90
710 16 281 10 2436 3076 90
425 129 267 10 2240 2880 90
539 221 179 20 129 769 90
472 229 214 20 41 681 90
7 43 269 30 447 1087 90
691 129 185 20 2574 3214 90
872 199 305 30 1380 2020 90
432 165 333 20 2141 2781 90
6 25 293 20 2724 3364 90
3 89 284 20 1196 1836 90
399 130 304 10 2935 3575 90
14 143 266 10 162 802 90
476 116 259 20 2373 3013 90
994 109 250 10 1300 1940 90
37 90 270 10 325 965 90
550 95 160 10 179 819 90
925 136 296 30 3035 3675 90
243 81 283 10 1384 2024 90
109 32 256 10 661 1301 90
804 196 302 20 74 714 90
643 71 163 20 2545 3185 90
449 96 152 20 182 822 90
393 125 212 10 947 1587 90
961 102 289 20 1002 1642 90
777 94 247 30 613 1253 90
933 74 165 10 2638 3278 90
308 152 260 10 98 738 90
987 152 225 30 754 1394 90
997 175 282 10 886 1526 90
25 115 269 10 2716 3356 90
304 16 280 10 2527 3167 90
18 90 168 20 2840 3480 90
606 46 277 10 349 989 90
862 143 257 10 261 901 90
629 140 180 20 2769 3409 90
713 191 308 20 82 722 90
421 140 206 30 168 808 90
367 132 314 30 2974 3614 90
256 153 295 20 3078 3718 90
955 138 196 30 1753 2393 90
622 44 279 10 256 896 90
627 112 251 10 1393 2033 90
41 94 275 10 229 869 90
548 138 276 10 1675 2315 90
637 245 239 20 2693 3333 90
382 137 227 20 115 755 90
97 201 273 30 54 694 90
525 173 169 10 1318 1958 90
963 78 141 30 203 843 90
420 225 192 20 63 703 90
346 111 279 30 141 781 90
886 184 178 10 1214 1854 90
506 204 189 10 2138 2778 90
582 167 304 20 99 739 90
737 23 306 20 1942 2582 90
855 101 263 20 916 1556 90
850 103 251 10 1018 1658 90
405 151 214 10 271 911 90
554 147 199 30 114 754 90
431 136 217 30 658 1298 90
848 183 187 20 1528 2168 90
74 101 179 20 2172 2812 90
470 109 325 20 2768 3408 90
666 106 248 20 1206 1846 90
903 118 223 10 134 774 90
985 59 128 20 1256 1896 90
795 133 278 10 1770 2410 90
949 163 277 10 3093 3733 90
373 141 267 10 1395 2035 90
821 47 280 10 205 845 90
440 83 301 20 2057 2697 90
787 59 163 20 2071 2711 90
194 201 307 10 1473 2113 90
601 212 168 20 620 1260 90
938 37 295 20 1651 2291 90
893 104 198 20 2063 2703 90
708 199 200 10 2705 3345 90
911 195 300 10 218 858 90
528 207 194 10 2233 2873 90
90 131 269 10 2148 2788 90
100 85 317 30 2367 3007 90
334 137 186 10 2672 3312 90
944 96 269 10 725 1365 90
191 139 269 20 1488 2128 90
285 155 242 10 646 1286 90
92 29 282 10 1170 1810 90
27 113 229 30 883 1523 90
17 67 153 20 672 1312 90
478 249 251 20 2796 3436 90
55 80 281 10 1477 2117 90
532 129 244 30 2668 3308 90
189 149 273 20 103 743 90
564 67 302 30 2253 2893 90
635 211 180 20 518 1158 90
524 204 171 20 718 1358 90
563 104 246 10 1113 1753 90
996 40 288 20 1553 2193 90
315 157 192 20 2970 3610 90
599 125 226 20 1149 1789 90
551 103 266 30 822 1462 90
610 220 192 20 65 705 90
642 119 285 40 2823 3463 90
474 146 245 20 456 1096 90
829 194 301 30 126 766 90
186 39 296 20 1743 2383 90
39 17 283 20 2344 2984 90
860 76 287 20 1574 2214 90
113 35 308 30 2832 3472 90
833 56 287 20 197 837 90
138 54 287 20 199 839 90
414 203 203 10 2610 3250 90
552 98 286 30 1097 1737 90
337 95 243 20 519 1159 90
150 131 241 10 3065 3705 90
656 90 277 30 422 1062 90
473 197 301 10 73 713 90
50 113 289 10 142 782 90
943 83 228 20 409 1049 90
694 116 255 20 999 1639 90
168 202 198 30 2038 2678 90
116 96 292 10 622 1262 90
705 83 282 10 1292 1932 90
228 119 232 10 1699 2339 90
383 161 203 20 100 740 90
142 191 309 10 1190 1830 90
102 131 253 10 2569 3209 90
154 25 290 30 2631 3271 90
135 126 188 20 1858 2498 90
971 197 178 20 818 1458 90
290 132 273 10 1963 2603 90
839 101 290 20 910 1550 90
158 61 170 30 2168 2808 90
612 131 267 10 2332 2972 90
273 30 162 10 1862 2502 90
626 62 301 20 2990 3630 90
817 123 242 20 2950 3590 90
658 50 138 20 1649 2289 90
618 99 307 20 2474 3114 90
214 95 294 10 530 1170 90
504 107 225 30 200 840 90
595 77 287 10 1665 2305 90
812 105 317 10 2669 3309 90
790 34 279 20 1266 1906 90
329 207 196 20 2325 2965 90
983 145 221 20 468 1108 90
620 67 160 10 2450 3090 90
231 125 181 20 2478 3118 90
571 129 264 20 2521 3161 90
466 125 245 20 2762 3402 90
928 29 302 20 1845 2485 90
108 132 218 10 122 762 90
180 95 279 20 157 797 90
950 5 296 10 2146 2786 90
597 131 207 20 759 1399 90
565 114 296 40 143 783 90
277 107 221 40 294 934 90
522 53 297 30 2982 3622 90
740 129 255 10 2476 3116 90
992 57 132 10 1072 1712 90
538 128 249 20 1103 1743 90
881 140 252 20 357 997 90
605 71 139 30 567 1207 90
378 107 311 40 2573 3213 90
316 101 237 20 1591 2231 90
