c2_10_8

VEHICLE
NUMBER   CAPACITY
250     700

CUSTOMER
CUST NO. XCOORD.  YCOORD.  DEMAND  READY TIME DUE DATE  SERVICE TIME

0   250    250     0     0    3914     0
668 206 313 20 1851 2491 90
15 252 347 10 2671 3311 90
141 189 327 10 180 820 90
227 277 434 20 1187 1827 90
292 221 374 30 890 1530 90
816 183 340 10 2437 3077 90
348 239 373 10 1665 2305 90
549 346 487 10 1568 2208 90
559 203 369 10 601 1241 90
600 254 335 10 2773 3413 90
919 176 358 10 1835 2475 90
80 216 380 20 2060 2700 90
836 197 350 30 946 1586 90
31 220 394 10 2543 3183 90
755 198 334 20 1963 2603 90
542 214 372 10 703 1343 90
652 261 371 20 738 1378 90
969 314 436 10 1861 2501 90
96 266 373 10 553 1193 90
960 264 365 10 1015 1655 90
962 233 346 20 2471 3111 90
175 331 486 10 1763 2403 90
676 260 330 40 2963 3603 90
500 318 493 10 585 1225 90
735 345 496 20 1167 1807 90
35 216 307 20 2276 2916 90
673 177 436 20 199 839 90
797 188 356 20 1642 2282 90
335 229 396 30 2642 3282 90
47 229 364 10 2272 2912 90
305 277 431 30 1094 1734 90
115 222 381 20 2349 2989 90
178 326 498 10 781 1421 90
361 332 486 20 1672 2312 90
53 341 367 30 2290 2930 90
558 336 479 20 1958 2598 90
157 251 376 10 2946 3586 90
751 170 338 20 2044 2684 90
687 267 436 30 2767 3407 90
728 222 317 30 2175 2815 90
974 197 351 20 1037 1677 90
630 269 428 20 905 1545 90
672 329 459 10 2645 3285 90
858 298 430 30 229 869 90
117 311 496 10 488 1128 90
118 220 384 10 2443 3083 90
28 205 343 20 662 1302 90
43 329 471 30 2543 3183 90
489 347 479 10 2149 2789 90
67 277 371 30 355 995 90
907 262 352 10 1396 2036 90
730 322 454 20 216 856 90
312 232 378 20 1954 2594 90
958 241 362 10 2170 2810 90
680 220 362 20 1091 1731 90
300 180 335 20 2341 2981 90
218 275 431 10 1002 1642 90
301 327 483 20 1858 2498 90
851 300 443 10 1756 2396 90
847 292 456 20 2278 2918 90
810 283 425 20 618 1258 90
648 209 307 10 1571 2211 90
111 191 397 20 158 798 90
964 196 348 10 854 1494 90
314 188 330 30 273 913 90
338 297 430 20 186 826 90
769 194 353 20 1131 1771 90
441 201 331 20 467 1107 90
354 275 448 10 2662 3302 90
353 340 449 10 2840 3480 90
744 279 436 20 1279 1919 90
419 316 453 20 213 853 90
239 200 327 30 2910 3550 90
200 294 455 30 2186 2826 90
146 241 375 10 1758 2398 90
584 234 383 10 1859 2499 90
170 191 352 20 117 757 90
628 184 354 30 1736 2376 90
973 206 312 40 1760 2400 90
834 289 452 20 2558 3198 90
826 290 416 30 170 810 90
781 211 308 30 1663 2303 90
61 236 361 30 1473 2113 90
456 344 478 20 2056 2696 90
692 291 450 10 2465 3105 90
350 284 360 30 115 755 90
940 186 372 20 1445 2085 90
979 247 447 10 2880 3520 90
149 257 336 10 2866 3506 90
282 222 356 20 1368 2008 90
494 263 351 10 1305 1945 90
479 325 490 10 683 1323 90
366 348 466 20 2343 2983 90
374 258 350 20 1582 2222 90
521 254 357 20 1772 2412 90
202 216 316 20 2079 2719 90
577 253 382 10 2850 3490 90
448 276 428 20 808 1448 90
513 206 377 20 319 959 90
782 297 442 20 1572 2212 90
332 206 326 30 3006 3646 90
78 272 365 30 453 1093 90
23 209 358 30 1237 1877 90
364 317 467 20 227 867 90
428 213 363 30 994 1634 90
99 220 379 10 2154 2794 90
264 357 445 20 2947 3587 90
73 278 357 10 110 750 90
653 302 470 20 1987 2627 90
783 200 342 10 757 1397 90
352 279 369 10 262 902 90
590 202 386 20 144 784 90
775 244 371 20 2070 2710 90
182 242 350 10 2571 3211 90
238 280 423 10 711 1351 90
596 187 362 20 1546 2186 90
9 294 437 30 421 1061 90
390 265 358 20 1112 1752 90
820 310 484 30 386 1026 90
651 278 329 10 83 723 90
731 241 391 30 2745 3385 90
403 261 350 10 1489 2129 90
242 332 491 30 971 1611 90
463 352 500 30 1265 1905 90
614 299 442 10 1664 2304 90
764 250 367 20 1873 2513 90
379 178 441 20 204 844 90
120 349 476 10 2243 2883 90
884 216 300 30 2373 3013 90
929 290 425 30 179 819 90
133 355 480 20 1376 2016 90
840 351 480 30 1470 2110 90
900 216 374 30 795 1435 90
261 184 340 10 2528 3168 90
491 261 370 30 829 1469 90
845 233 441 20 2985 3625 90
296 189 368 20 132 772 90
434 338 489 30 1068 1708 90
827 277 369 30 170 810 90
882 218 298 30 2466 3106 90
20 259 355 20 1677 2317 90
341 189 339 50 2623 3263 90
236 204 371 30 509 1149 90
519 239 369 30 1571 2211 90
991 320 476 30 283 923 90
625 298 438 10 327 967 90
927 290 440 40 1381 2021 90
310 214 382 30 2251 2891 90
887 345 468 10 2437 3077 90
114 169 360 20 1932 2572 90
187 262 368 30 922 1562 90
526 190 332 20 366 1006 90
867 206 379 10 227 867 90
794 210 359 10 1328 1968 90
998 298 456 30 2092 2732 90
890 208 371 20 415 1055 90
807 234 350 10 2377 3017 90
746 263 372 10 646 1286 90
245 255 371 40 1969 2609 90
126 220 359 30 1184 1824 90
511 207 337 20 565 1205 90
460 314 449 30 209 849 90
279 290 417 10 171 811 90
342 280 351 30 105 745 90
42 292 445 10 1476 2116 90
981 292 434 10 515 1155 90
585 199 327 10 2819 3459 90
948 189 338 10 2714 3354 90
878 222 357 30 1277 1917 90
326 293 454 20 2371 3011 90
874 328 498 20 873 1513 90
184 268 351 10 1210 1850 90
208 337 453 30 2745 3385 90
