rc2_10_1

VEHICLE
NUMBER   CAPACITY
250     1000

CUSTOMER
CUST NO. XCOORD.  YCOORD.  DEMAND  READY TIME DUE DATE  SERVICE TIME

0   250    250     0     0    7284     0
773 472 481 20 1306 1426 10
802 449 428 25 4987 5107 10
468 494 468 31 1410 1530 10
962 468 475 10 1193 1313 10
104 438 488 18 1309 1429 10
499 477 478 20 1569 1689 10
1 440 436 18 3568 3688 10
213 475 480 30 1518 1638 10
999 470 475 30 1241 1361 10
200 475 477 20 1618 1738 10
432 470 405 17 3703 3823 10
392 493 493 20 3426 3546 10
3 476 483 10 1419 1539 10
939 470 473 10 1724 1844 10
848 473 475 10 1669 1789 10
949 477 483 20 1463 1583 10
194 448 404 15 2396 2516 10
651 489 437 29 2827 2947 10
598 479 387 13 1590 1710 10
831 448 414 23 4891 5011 10
840 470 417 11 2947 3067 10
83 498 456 27 5624 5744 10
58 450 416 25 2307 2427 10
290 457 492 7 2032 2152 10
658 469 489 4 2222 2342 10
948 481 454 14 1282 1402 10
443 471 484 10 1359 1479 10
