rc2_10_1

VEHICLE
NUMBER   CAPACITY
250     1000

CUSTOMER
CUST NO. XCOORD.  YCOORD.  DEMAND  READY TIME DUE DATE  SERVICE TIME

0   250    250     0     0    7284     0
15 408 452 10 1088 1208 10
95 429 389 18 1696 1816 10
404 381 495 20 1290 1410 10
253 406 450 20 1037 1157 10
828 419 422 20 1105 1225 10
84 384 491 20 1391 1511 10
936 425 448 9 3178 3298 10
630 405 450 20 993 1113 10
164 381 494 10 1334 1454 10
72 412 478 7 3839 3959 10
680 380 489 20 1516 1636 10
289 382 498 10 1237 1357 10
986 399 450 20 1435 1555 10
662 411 379 25 4773 4893 10
29 421 387 15 3205 3325 10
897 418 399 20 1751 1871 10
892 419 418 10 996 1116 10
480 387 488 20 1448 1568 10
671 408 453 10 1132 1252 10
498 377 385 6 3465 3585 10
639 376 494 30 1079 1199 10
98 414 378 23 1979 2099 10
211 411 421 20 1260 1380 10
332 420 383 27 3928 4048 10
702 421 415 30 941 1061 10
712 398 476 25 1672 1792 10
582 412 453 10 1188 1308 10
431 413 421 10 1212 1332 10
821 416 420 20 1159 1279 10
774 422 420 20 1050 1170 10
70 421 386 29 3297 3417 10
798 422 409 10 877 997 10
915 374 489 20 1017 1137 10
512 416 417 20 1372 1492 10
55 417 417 10 1328 1448 10
71 404 447 20 940 1060 10
524 406 460 2 2877 2997 10
724 413 391 8 868 988 10
910 433 447 20 3177 3297 10
39 377 432 20 3326 3446 10
297 371 423 10 784 904 10
473 413 417 10 1424 1544 10
179 410 399 25 935 1055 10
807 368 452 16 2680 2800 10
460 405 454 11 5212 5332 10
719 378 493 30 1127 1247 10
262 405 455 40 1363 1483 10
56 419 459 20 1265 1385 10
681 380 498 10 1189 1309 10
277 379 486 22 2687 2807 10
