rc1_10_8

VEHICLE
NUMBER  CAPACITY
250   200

CUSTOMER
CUST NO. XCOORD. YCOORD. DEMAND READY TIME DUE DATE SERVICE TIME

0  250  250   0   0  1821   0
313 30 155 9 1215 1375 10
895 92 76 4 1108 1200 10
294 94 40 24 1004 1163 10
506 60 5 18 988 1129 10
423 149 98 4 1133 1227 10
410 30 7 23 1145 1262 10
34 188 119 44 928 1052 10
663 178 72 23 721 822 10
832 46 163 8 857 1025 10
723 200 78 31 960 1056 10
415 132 32 18 769 830 10
921 56 75 24 1393 1512 10
438 1 101 8 1213 1332 10
333 142 14 18 790 910 10
964 100 66 15 1343 1487 10
559 21 70 15 741 832 10
73 26 67 15 1269 1395 10
145 66 88 2 786 904 10
411 120 37 28 727 853 10
935 66 31 25 1008 1119 10
241 65 62 15 906 1076 10
28 80 117 24 795 883 10
759 140 108 29 1027 1145 10
151 87 3 13 1401 1495 10
566 68 160 21 1098 1203 10
994 209 68 27 1476 1625 10
92 92 18 8 1071 1208 10
394 64 5 14 1069 1219 10
177 7 194 29 874 1059 10
574 57 43 15 989 1088 10
54 242 106 28 1224 1342 10
940 224 56 13 1151 1251 10
526 95 64 4 732 829 10
688 57 183 15 1039 1191 10
730 195 111 15 942 1085 10
186 231 29 14 1198 1284 10
99 38 15 3 1029 1183 10
555 102 6 3 1424 1522 10
836 240 34 28 1431 1595 10
385 235 33 30 1285 1418 10
109 151 81 28 1496 1616 10
270 178 135 21 1445 1613 10
942 52 18 28 821 922 10
187 157 38 3 1007 1118 10
127 0 188 26 884 1010 10
156 79 80 19 1351 1444 10
700 165 59 27 907 1009 10
413 210 29 13 1014 1117 10
339 58 39 12 1111 1245 10
79 60 29 32 1305 1450 10
