r1_10_5

VEHICLE
NUMBER  CAPACITY
250   200

CUSTOMER
CUST NO. XCOORD. YCOORD. DEMAND READY TIME DUE DATE SERVICE TIME

0  250  250   0   0  1925   0
288 456 157 20 1455 1485 10
168 488 173 25 1210 1240 10
195 498 171 12 1256 1286 10
639 458 213 22 1128 1158 10
648 482 184 14 1107 1137 10
562 480 152 26 1022 1052 10
868 455 168 21 867 897 10
422 461 195 26 1395 1425 10
67 440 201 29 893 923 10
506 454 201 16 1305 1335 10
357 461 186 16 1512 1542 10
83 470 138 16 1389 1419 10
839 429 169 8 903 933 10
676 441 177 23 1001 1031 10
397 475 198 20 835 865 10
735 482 141 14 1011 1041 10
602 489 159 29 1428 1458 10
560 449 190 2 1140 1170 10
399 481 207 34 856 886 10
568 442 153 29 1189 1219 10
8 466 149 16 1186 1216 10
