c2_10_8

VEHICLE
NUMBER  CAPACITY
250   700

CUSTOMER
CUST NO. XCOORD. YCOORD. DEMAND READY TIME DUE DATE SERVICE TIME

0  250  250   0   0  3914   0
299 156 434 10 2625 3265 90
941 116 446 20 1658 2298 90
232 69 493 20 1737 2377 90
207 94 479 20 2590 3230 90
371 149 434 30 1963 2603 90
904 149 444 20 2335 2975 90
765 157 436 20 2533 3173 90
703 54 485 30 1533 2173 90
127 147 435 10 1871 2511 90
711 151 442 20 2242 2882 90
83 66 491 20 1830 2470 90
956 87 481 10 2493 3133 90
444 125 444 10 1757 2397 90
160 95 475 20 2685 3325 90
225 94 456 20 2884 3524 90
799 69 485 10 2018 2658 90
222 168 433 20 2916 3556 90
433 160 431 30 2982 3622 90
574 151 436 10 2146 2786 90
386 166 434 40 2725 3365 90
45 95 466 10 2784 3424 90
177 172 435 30 2821 3461 90
235 85 486 30 2398 3038 90
972 60 497 10 1637 2277 90
263 70 482 20 2111 2751 90
125 67 485 40 1926 2566 90
780 155 447 20 2432 3072 90
145 77 483 20 2299 2939 90
209 135 460 10 1545 2185 90
888 150 435 20 2055 2695 90
226 73 484 20 2205 2845 90
388 156 421 30 2989 3629 90
