rc1_10_5

VEHICLE
NUMBER   CAPACITY
250     200

CUSTOMER
CUST NO. XCOORD.  YCOORD.  DEMAND  READY TIME DUE DATE  SERVICE TIME

0   250    250     0     0    1821     0
12 60 454 10 329 396 10
461 17 458 10 409 488 10
348 48 437 4 795 842 10
376 15 457 20 313 420 10
276 90 477 18 277 374 10
689 59 457 30 343 356 10
593 22 483 30 325 341 10
268 49 451 20 284 343 10
589 13 459 20 335 388 10
335 50 438 20 324 379 10
157 62 453 10 297 322 10
703 59 459 20 298 355 10
924 17 459 10 404 471 10
664 51 447 10 286 333 10
858 12 463 20 341 410 10
966 12 451 20 311 329 10
489 21 487 10 348 382 10
140 84 453 19 1180 1295 10
119 44 440 24 790 817 10
739 53 466 9 312 388 10
32 18 462 20 397 429 10
634 11 403 18 331 385 10
111 0 422 8 813 860 10
586 53 440 10 330 347 10
619 64 437 11 903 963 10
880 13 394 15 338 438 10
397 16 497 20 382 500 10
340 58 391 16 892 903 10
309 58 458 10 300 376 10
550 16 462 10 357 445 10
359 59 388 20 631 725 10
46 69 414 6 1259 1298 10
925 66 448 10 270 287 10
747 26 490 10 481 499 10
62 20 489 10 371 426 10
366 63 444 20 371 419 10
980 49 437 7 436 449 10
987 67 452 30 272 328 10
704 24 492 10 447 507 10
624 20 488 10 368 407 10
606 21 488 10 342 411 10
782 58 449 30 356 399 10
554 14 459 20 330 372 10
783 16 460 20 393 459 10
9 25 499 10 431 489 10
609 65 453 30 274 383 10
358 16 463 20 367 413 10
905 18 484 10 329 391 10
625 13 455 10 313 371 10
185 27 464 21 1259 1354 10
946 76 462 18 958 984 10
975 5 445 30 313 371 10
833 77 465 11 275 364 10
899 13 465 31 736 841 10
705 55 449 20 278 329 10
318 21 485 30 340 367 10
102 54 445 10 296 351 10
279 8 497 40 378 467 10
972 28 467 34 1306 1409 10
812 44 496 32 369 464 10
417 67 451 5 1211 1250 10
