c1_10_5

VEHICLE
NUMBER  CAPACITY
250   200

CUSTOMER
CUST NO. XCOORD. YCOORD. DEMAND READY TIME DUE DATE SERVICE TIME

0  250  250   0   0  1824   0
619 423 214 20 580 684 90
726 371 192 30 167 283 90
242 477 97 10 417 498 90
759 488 173 20 563 665 90
84 457 163 20 255 374 90
11 472 189 30 356 468 90
565 359 179 20 418 577 90
323 476 94 20 306 424 90
293 413 217 20 186 332 90
294 338 142 40 166 294 90
163 377 76 20 609 729 90
766 343 148 20 345 495 90
479 406 96 20 258 363 90
952 420 213 10 462 616 90
963 371 193 20 133 221 90
707 472 129 10 278 418 90
853 485 24 20 370 463 90
722 458 16 20 313 391 90
607 434 26 10 499 640 90
175 459 145 40 233 363 90
740 400 103 10 516 666 90
890 467 195 10 236 392 90
173 367 83 30 224 366 90
546 484 174 10 473 567 90
710 493 91 30 500 640 90
449 479 176 20 256 406 90
437 406 94 10 331 475 90
108 398 23 10 270 404 90
867 458 164 20 335 477 90
137 370 82 40 419 539 90
551 481 124 10 463 613 90
955 440 7 20 424 554 90
432 483 22 10 458 561 90
806 489 87 20 403 546 90
193 367 178 20 529 662 90
164 474 96 30 271 407 90
203 393 12 10 589 700 90
718 459 14 20 362 448 90
309 463 194 20 220 336 90
373 465 142 10 375 472 90
93 397 18 10 480 613 90
801 374 190 20 226 411 90
483 438 31 10 335 426 90
529 398 97 10 253 354 90
343 344 146 10 478 547 90
719 411 95 30 443 553 90
908 462 167 20 514 669 90
998 375 80 10 526 623 90
177 433 27 20 619 703 90
868 446 65 20 478 605 90
957 485 95 10 281 401 90
299 477 179 20 237 347 90
456 357 181 20 324 484 90
151 370 83 20 334 442 90
779 461 167 10 450 551 90
334 459 10 10 522 657 90
184 433 15 20 297 412 90
194 452 163 30 219 354 90
660 352 176 20 126 233 90
692 466 142 10 436 592 90
542 415 216 10 292 410 90
987 376 190 30 344 477 90
133 467 141 10 543 668 90
167 412 214 10 165 272 90
182 398 20 20 320 408 90
318 494 94 10 609 718 90
531 438 26 10 397 553 90
179 478 99 10 585 707 90
306 338 147 10 135 260 90
111 479 127 20 375 515 90
35 435 68 10 259 378 90
253 473 196 10 548 658 90
928 417 217 30 399 488 90
932 441 65 10 385 508 90
402 355 180 30 271 353 90
3 355 177 20 136 303 90
787 485 86 20 307 455 90
14 437 12 20 526 643 90
384 481 26 30 321 444 90
94 481 122 30 547 714 90
470 397 20 20 386 523 90
466 375 191 30 421 582 90
139 435 11 40 325 459 90
930 345 144 30 533 676 90
300 406 99 20 334 470 90
982 470 125 20 253 379 90
144 463 140 10 263 398 90
279 376 195 10 526 665 90
825 439 67 10 290 417 90
419 481 96 20 504 599 90
931 368 85 30 202 345 90
326 460 13 20 432 562 90
54 433 31 10 285 423 90
965 404 103 20 431 562 90
721 476 196 30 467 553 90
727 481 20 20 538 666 90
154 446 64 10 564 700 90
504 343 144 10 290 361 90
582 407 98 10 218 345 90
602 484 177 20 363 490 90
780 391 99 20 206 311 90
204 409 90 20 531 655 90
