rc1_10_9

VEHICLE
NUMBER  CAPACITY
250   200

CUSTOMER
CUST NO. XCOORD. YCOORD. DEMAND READY TIME DUE DATE SERVICE TIME

0  250  250   0   0  1821   0
254 75 118 21 364 484 10
596 95 92 20 221 341 10
137 97 93 20 219 339 10
80 34 169 11 439 559 10
27 130 140 17 162 282 10
788 87 96 30 237 357 10
789 140 137 32 525 645 10
748 44 115 24 246 366 10
342 96 97 20 217 337 10
904 143 158 12 141 261 10
356 128 113 22 318 438 10
525 88 95 20 225 345 10
306 91 101 10 253 373 10
312 94 97 20 218 338 10
462 43 135 31 236 356 10
614 39 162 18 520 640 10
510 21 146 21 442 562 10
800 93 96 20 219 339 10
