rc2_10_10

VEHICLE
NUMBER  CAPACITY
250   1000

CUSTOMER
CUST NO. XCOORD. YCOORD. DEMAND READY TIME DUE DATE SERVICE TIME

0  250  250   0   0  7284   0
574 57 43 15 3854 4454 10
145 66 88 2 3079 3679 10
294 94 40 24 4032 4632 10
415 132 32 18 2898 3498 10
964 100 66 15 5359 5959 10
921 56 75 24 5511 6111 10
73 26 67 15 5027 5627 10
372 89 65 16 2641 3241 10
79 60 29 32 5211 5811 10
555 102 6 3 5594 6194 10
410 30 7 23 4514 5114 10
241 65 62 15 3666 4266 10
526 95 64 4 2824 3424 10
28 80 117 24 3057 3657 10
394 64 5 14 4276 4876 10
423 149 98 4 4420 5020 10
506 60 5 18 3935 4535 10
935 66 31 25 3954 4554 10
151 87 3 13 5492 6092 10
411 120 37 28 2861 3461 10
99 38 15 3 4124 4724 10
895 92 76 4 4316 4916 10
156 79 80 19 5288 5888 10
942 52 18 28 3188 3788 10
333 142 14 18 3101 3701 10
109 151 81 28 5992 6592 10
559 21 70 15 2845 3445 10
187 157 38 3 3951 4551 10
339 58 39 12 4412 5012 10
92 92 18 8 4257 4857 10
759 140 108 29 4045 4645 10
