r1_10_8

VEHICLE
NUMBER   CAPACITY
250     200

CUSTOMER
CUST NO. XCOORD.  YCOORD.  DEMAND  READY TIME DUE DATE  SERVICE TIME

0   250    250     0     0    1925     0
319 374 260 27 0 1791 10
322 389 255 15 0 1776 10
209 398 210 31 0 1762 10
960 391 202 14 0 1767 10
104 370 262 15 0 1795 10
4 439 237 11 939 969 10
497 380 194 3 0 1774 10
159 404 207 6 0 1756 10
924 420 224 10 0 1744 10
745 415 207 18 0 1745 10
510 417 212 12 910 940 10
301 418 269 3 0 1746 10
60 352 241 5 792 822 10
119 426 231 24 1028 1058 10
810 402 277 5 0 1761 10
372 344 203 14 0 1810 10
89 356 256 19 0 1809 10
826 439 222 22 0 1724 10
894 347 192 18 0 1802 10
202 343 205 26 0 1812 10
782 405 187 34 1251 1281 10
916 351 233 21 0 1813 10
244 365 190 22 1477 1507 10
590 415 253 21 367 397 10
787 363 225 35 0 1800 10
463 374 232 33 125 155 10
54 423 221 9 0 1740 10
70 390 249 21 582 612 10
524 399 175 13 747 777 10
827 386 225 13 0 1777 10
530 359 246 18 0 1806 10
887 418 251 21 0 1747 10
794 366 260 23 0 1799 10
116 386 245 16 0 1779 10
883 409 255 23 0 1756 10
869 428 202 24 904 934 10
108 350 199 21 0 1803 10
611 385 239 21 786 816 10
