c1_10_2

VEHICLE
NUMBER  CAPACITY
250   200

CUSTOMER
CUST NO. XCOORD. YCOORD. DEMAND READY TIME DUE DATE SERVICE TIME

0  250  250   0   0  1824   0
672 49 76 20 0 1469 90
257 26 43 10 365 427 90
80 24 65 10 0 1442 90
536 26 45 30 0 1431 90
641 48 78 20 0 1469 90
966 24 41 10 557 601 90
222 2 116 20 526 586 90
532 44 79 10 267 333 90
406 9 124 20 271 336 90
381 16 68 20 521 617 90
564 39 50 30 440 511 90
310 30 72 10 0 1452 90
465 6 114 10 0 1455 90
557 15 68 10 448 508 90
709 43 71 40 525 581 90
121 26 42 20 455 519 90
33 39 76 10 328 399 90
320 40 52 40 546 591 90
301 44 47 20 0 1445 90
674 7 118 20 0 1458 90
777 41 47 20 359 406 90
113 22 37 10 0 1422 90
820 7 123 30 329 399 90
834 15 69 10 0 1438 90
502 0 120 30 431 492 90
95 20 73 10 0 1444 90
360 37 51 10 0 1443 90
264 23 67 30 0 1443 90
209 38 72 30 420 496 90
