rc2_10_2

VEHICLE
NUMBER  CAPACITY
250   1000

CUSTOMER
CUST NO. XCOORD. YCOORD. DEMAND READY TIME DUE DATE SERVICE TIME

0  250  250   0   0  7284   0
633 238 123 24 3124 3244 10
730 195 111 15 3992 4112 10
781 341 72 9 3219 3339 10
470 341 59 27 3159 3279 10
400 330 147 28 3394 3514 10
42 307 52 23 3682 3802 10
558 282 1 18 4170 4290 10
413 210 29 13 4203 4323 10
667 295 89 23 2968 3088 10
750 239 15 2 2415 2535 10
34 188 119 44 3899 4019 10
982 337 41 8 4009 4129 10
652 251 63 14 3950 4070 10
209 265 0 10 3584 3704 10
129 325 56 13 3186 3306 10
