c2_10_7

VEHICLE
NUMBER  CAPACITY
250   700

CUSTOMER
CUST NO. XCOORD. YCOORD. DEMAND READY TIME DUE DATE SERVICE TIME

0  250  250   0   0  3914   0
967 313 263 20 388 703 90
993 405 311 30 169 344 90
423 366 196 10 127 906 90
674 266 264 30 332 1034 90
823 313 266 20 339 566 90
155 441 157 10 212 850 90
411 428 298 30 1356 2111 90
603 326 241 20 1357 2034 90
4 430 298 10 1179 2104 90
136 380 223 10 1265 2124 90
144 484 161 10 1350 2203 90
134 450 153 20 372 854 90
543 379 229 10 1030 1220 90
791 475 156 40 1260 1727 90
756 380 228 30 1041 1393 90
639 316 254 20 385 1275 90
320 420 311 30 769 1177 90
792 404 310 20 165 1030 90
870 431 301 10 1444 1653 90
995 428 314 20 880 1264 90
430 330 259 30 834 1788 90
495 444 157 10 215 1022 90
579 283 229 30 1069 1833 90
602 281 279 20 559 1030 90
798 312 252 20 668 1181 90
171 470 152 30 1088 1525 90
717 387 224 30 1263 1931 90
573 325 251 20 1309 1702 90
767 266 250 10 151 827 90
709 273 234 10 1600 1872 90
569 419 310 10 599 1165 90
654 373 205 40 211 616 90
34 456 154 10 227 1087 90
946 368 219 20 588 1452 90
745 371 207 10 128 891 90
271 296 253 10 662 1167 90
942 293 249 10 43 457 90
356 314 279 10 70 1003 90
824 475 145 30 798 1618 90
901 326 253 10 832 1406 90
387 274 248 20 274 507 90
322 418 300 10 590 792 90
729 389 198 20 449 798 90
583 477 154 10 1545 1626 90
591 325 246 10 1441 1760 90
662 384 206 20 375 1263 90
49 452 154 30 223 1033 90
670 412 300 20 174 1016 90
318 267 260 20 37 1141 90
174 323 229 10 1544 2052 90
570 389 221 10 1045 1778 90
748 275 236 20 1514 1772 90
772 457 142 20 750 1068 90
280 272 243 30 23 626 90
733 298 255 10 48 847 90
690 289 240 20 751 1287 90
739 319 257 20 69 1469 90
560 296 232 10 1030 1666 90
660 331 252 10 1195 1233 90
921 272 246 10 22 781 90
723 388 228 10 892 1738 90
249 305 212 20 938 1533 90
417 320 258 20 509 780 90
743 317 251 30 618 1421 90
469 430 310 30 666 1846 90
19 302 235 20 901 1345 90
267 379 208 10 851 978 90
119 259 243 20 11 518 90
487 388 220 20 1161 1845 90
213 394 205 10 331 718 90
64 382 197 20 203 1238 90
520 420 308 30 569 1009 90
813 382 213 20 1391 2199 90
375 428 312 10 939 1388 90
485 471 154 20 1123 1675 90
533 278 230 10 1456 1637 90
389 346 211 10 103 834 90
298 408 305 10 167 1044 90
445 283 248 30 33 448 90
286 440 302 20 693 2026 90
396 481 156 20 1244 2116 90
982 436 301 20 941 1965 90
325 323 258 10 1095 1721 90
