c2_10_9

VEHICLE
NUMBER  CAPACITY
250   700

CUSTOMER
CUST NO. XCOORD. YCOORD. DEMAND READY TIME DUE DATE SERVICE TIME

0  250  250   0   0  3914   0
579 283 229 30 816 2087 90
603 326 241 20 1276 2115 90
533 278 230 10 1163 1930 90
413 404 378 10 661 1213 90
339 393 368 10 185 1396 90
4 430 298 10 1219 2065 90
362 386 361 30 972 2241 90
798 312 252 20 393 1456 90
303 375 342 10 845 1192 90
743 317 251 30 681 1358 90
359 370 353 10 520 1131 90
870 431 301 10 1081 2016 90
136 380 223 10 1308 2081 90
709 273 234 10 1623 1849 90
475 401 368 20 301 1186 90
159 386 357 20 1255 1770 90
417 320 258 20 70 1855 90
249 305 212 20 1205 1267 90
589 368 325 30 139 1635 90
318 267 260 20 445 733 90
320 420 311 30 452 1494 90
792 404 310 20 165 1321 90
717 387 224 30 863 2332 90
889 395 365 30 185 1571 90
639 316 254 20 618 1043 90
389 346 211 10 103 940 90
745 371 207 10 128 648 90
325 323 258 10 1131 1685 90
271 296 253 10 375 1453 90
825 400 376 40 475 1210 90
697 404 346 10 740 1745 90
967 313 263 20 64 1044 90
901 326 253 10 928 1309 90
387 274 248 20 24 1128 90
262 402 362 20 1170 1712 90
660 331 252 10 871 1556 90
423 366 196 10 127 351 90
267 379 208 10 558 1271 90
446 391 334 20 358 1895 90
86 394 367 30 223 697 90
767 266 250 10 181 796 90
512 409 361 30 870 1403 90
501 399 352 10 1167 1514 90
800 413 353 10 1176 2285 90
509 360 338 10 243 461 90
674 266 264 30 335 1030 90
64 382 197 20 353 1088 90
602 281 279 20 505 1084 90
487 388 220 20 1164 1842 90
356 314 279 10 70 742 90
733 298 255 10 48 923 90
469 430 310 30 748 1765 90
946 368 219 20 652 1388 90
394 361 337 50 141 1661 90
729 389 198 20 148 1176 90
520 420 308 30 586 993 90
689 383 351 20 167 1003 90
411 428 298 30 1187 2280 90
541 413 350 10 1171 2104 90
230 366 346 20 194 1262 90
286 440 302 20 780 1939 90
670 412 300 20 169 2097 90
543 379 229 10 707 1543 90
110 406 339 20 179 578 90
654 373 205 40 130 1466 90
722 369 351 20 248 1589 90
106 389 342 10 604 1846 90
995 428 314 20 502 1642 90
385 384 346 20 1185 1637 90
132 400 364 30 188 1547 90
739 319 257 20 424 1047 90
662 384 206 20 141 1631 90
322 418 300 10 175 1340 90
942 293 249 10 43 533 90
213 394 205 10 150 1106 90
19 302 235 20 610 1636 90
445 283 248 30 33 563 90
669 412 367 20 607 1473 90
269 386 344 20 948 1689 90
993 405 311 30 166 1060 90
756 380 228 30 567 1867 90
569 419 310 10 184 1579 90
591 325 246 10 1091 2109 90
375 428 312 10 662 1666 90
560 296 232 10 1146 1549 90
835 378 326 30 148 1110 90
130 368 340 10 148 1013 90
573 325 251 20 1015 1996 90
195 395 378 10 1187 2244 90
921 272 246 10 89 507 90
280 272 243 30 23 423 90
690 289 240 20 687 1350 90
570 389 221 10 1148 1675 90
298 408 305 10 167 1607 90
566 394 356 30 178 1252 90
982 436 301 20 785 2122 90
430 330 259 30 640 1983 90
148 403 361 10 1011 2053 90
748 275 236 20 1361 1924 90
823 313 266 20 68 838 90
723 388 228 10 905 1724 90
580 366 341 20 369 896 90
