r2_10_6

VEHICLE
NUMBER  CAPACITY
250   1000

CUSTOMER
CUST NO. XCOORD. YCOORD. DEMAND READY TIME DUE DATE SERVICE TIME

0  250  250   0   0  7697   0
632 351 148 30 0 7544 10
712 242 106 28 0 7543 10
348 267 162 6 0 7598 10
856 404 59 13 0 7442 10
83 276 84 20 0 7519 10
25 415 118 19 0 7476 10
217 426 38 23 0 7412 10
650 309 29 11 0 7459 10
68 374 116 9 0 7505 10
962 235 33 30 0 7470 10
820 365 28 9 0 7437 10
119 420 80 24 0 7447 10
32 261 138 1 0 7575 10
344 441 60 21 0 7418 10
908 480 136 22 0 7431 10
500 451 62 5 0 7412 10
769 371 71 21 0 7471 10
429 372 115 13 0 7506 10
412 363 34 19 0 7444 10
894 441 100 31 0 7445 10
475 295 89 23 0 7520 10
467 325 147 14 0 7560 10
256 351 60 15 0 7472 10
253 239 15 2 0 7452 10
878 392 87 23 0 7471 10
416 432 66 30 0 7429 10
675 339 144 13 0 7549 10
792 372 97 13 0 7492 10
534 367 97 17 0 7495 10
853 482 104 19 0 7413 10
311 384 149 18 0 7520 10
620 472 57 17 0 7393 10
432 288 70 24 0 7504 10
447 323 34 13 0 7459 10
369 386 154 31 0 7521 10
455 250 57 26 0 7494 10
185 365 119 30 0 7513 10
378 339 41 6 0 7460 10
409 376 113 8 0 7501 10
