rc1_10_8

VEHICLE
NUMBER   CAPACITY
250     200

CUSTOMER
CUST NO. XCOORD.  YCOORD.  DEMAND  READY TIME DUE DATE  SERVICE TIME

0   250    250     0     0    1821     0
452 397 18 10 274 408 10
455 407 88 10 262 417 10
429 306 42 11 433 550 10
205 391 112 24 966 1064 10
196 436 25 19 1264 1331 10
444 480 152 26 996 1077 10
756 484 171 10 246 392 10
493 447 184 27 386 493 10
22 347 54 10 279 341 10
322 364 71 5 1315 1412 10
716 479 127 20 259 402 10
132 472 57 17 1244 1376 10
638 408 84 10 249 349 10
94 269 112 19 1225 1331 10
490 324 99 10 286 420 10
529 384 149 18 1181 1243 10
454 488 3 3 365 466 10
856 433 15 20 297 404 10
849 275 42 30 209 325 10
604 441 177 23 950 1082 10
267 406 96 20 219 377 10
345 479 121 10 263 382 10
665 478 118 20 300 438 10
736 399 104 10 224 385 10
969 489 17 10 339 450 10
471 423 221 9 223 323 10
96 371 71 21 253 351 10
380 432 2 20 420 543 10
209 265 0 10 842 980 10
502 330 138 18 1074 1175 10
870 299 98 30 159 290 10
175 343 49 10 246 313 10
676 335 57 30 210 289 10
35 467 114 10 335 446 10
360 376 190 30 139 287 10
673 432 66 30 1016 1156 10
797 275 45 20 206 310 10
401 443 237 20 193 288 10
889 420 224 10 399 489 10
875 477 179 20 237 348 10
121 459 53 20 1089 1186 10
891 418 218 20 240 325 10
167 459 10 10 318 407 10
602 376 195 10 150 242 10
198 389 17 10 318 443 10
361 481 122 30 264 412 10
299 500 228 8 714 879 10
558 282 1 18 1014 1100 10
159 386 154 31 1047 1185 10
751 342 54 20 216 317 10
122 491 25 10 367 480 10
721 344 62 10 301 421 10
52 375 191 30 138 254 10
568 277 50 10 201 317 10
363 374 232 33 125 255 10
291 291 213 23 1194 1351 10
570 344 70 24 1110 1212 10
672 435 180 37 197 344 10
844 398 23 10 270 377 10
819 347 62 10 285 411 10
588 359 182 20 162 287 10
117 474 96 30 271 410 10
118 268 52 10 267 375 10
447 458 213 22 1064 1223 10
103 382 110 24 1044 1211 10
636 304 102 30 161 262 10
172 385 17 40 767 880 10
953 492 34 5 752 899 10
400 330 147 28 796 931 10
531 308 199 14 1460 1586 10
958 421 218 10 219 320 10
982 337 41 8 952 1083 10
978 437 98 16 1067 1191 10
300 412 214 10 165 325 10
331 480 119 7 589 698 10
195 481 20 20 325 437 10
412 397 153 29 833 961 10
813 478 99 10 273 408 10
533 300 108 10 150 264 10
810 269 46 20 227 341 10
557 297 131 25 1118 1242 10
951 389 156 27 649 813 10
648 498 171 12 1261 1281 10
162 371 192 30 134 184 10
592 452 206 31 461 554 10
323 418 221 10 234 379 10
219 477 120 10 286 428 10
57 389 11 20 310 366 10
709 313 126 10 164 353 10
780 488 96 22 1019 1143 10
183 464 13 20 350 450 10
769 331 134 11 1086 1192 10
89 415 223 20 287 352 10
576 481 96 20 277 371 10
806 379 196 20 139 288 10
616 437 15 30 300 449 10
877 405 187 34 1215 1316 10
527 306 229 10 1262 1409 10
768 420 213 10 173 341 10
320 476 61 36 354 574 10
866 319 124 20 143 285 10
91 432 199 7 607 700 10
239 403 93 10 310 401 10
21 307 108 10 198 306 10
553 346 57 20 277 369 10
865 482 141 14 965 1086 10
674 374 116 9 524 680 10
170 488 173 20 250 376 10
371 323 29 7 1098 1206 10
546 437 19 15 975 1082 10
143 371 193 20 133 269 10
445 404 83 30 260 366 10
781 341 72 9 747 893 10
288 483 27 20 418 528 10
399 485 104 21 751 868 10
456 459 14 20 315 446 10
692 445 237 10 195 383 10
350 357 181 20 127 247 10
263 485 27 10 391 530 10
749 438 127 2 893 1019 10
446 476 94 20 274 405 10
941 343 47 20 225 359 10
282 391 18 10 315 470 10
129 325 56 13 753 870 10
804 415 95 15 1113 1270 10
561 482 104 19 745 900 10
701 461 8 20 321 449 10
778 409 155 19 185 288 10
643 352 63 6 1158 1229 10
933 317 123 20 160 251 10
69 325 147 14 1145 1258 10
325 304 97 20 162 320 10
321 406 94 10 220 361 10
997 335 99 25 1158 1309 10
521 399 106 20 267 367 10
629 413 217 20 166 298 10
720 303 78 12 179 243 10
23 406 87 10 273 382 10
776 470 125 20 253 349 10
351 476 174 30 273 405 10
809 435 11 40 302 414 10
852 267 44 20 214 327 10
41 439 15 20 301 420 10
732 340 54 10 215 326 10
591 484 177 20 245 378 10
364 398 20 20 273 400 10
637 478 121 40 292 376 10
646 351 5 12 451 571 10
699 269 48 20 244 347 10
963 477 122 10 278 412 10
264 323 118 20 150 247 10
247 455 168 21 848 916 10
85 355 174 33 694 766 10
405 364 173 30 137 302 10
74 358 183 20 212 285 10
470 341 59 27 744 866 10
903 399 102 20 214 350 10
165 437 12 20 302 450 10
985 493 111 26 477 636 10
580 303 186 10 1316 1422 10
390 452 172 9 590 657 10
820 404 140 8 1209 1339 10
787 324 127 30 143 254 10
908 365 28 9 250 334 10
514 361 181 20 159 266 10
938 471 94 30 955 1073 10
708 491 20 20 366 451 10
112 429 67 16 699 796 10
528 273 55 20 196 296 10
731 417 218 10 257 329 10
403 335 46 18 1300 1414 10
242 460 13 20 316 386 10
727 293 228 19 48 206 10
278 435 16 10 334 431 10
846 386 13 10 301 403 10
191 429 169 8 859 977 10
285 344 203 14 106 259 10
675 478 102 10 279 400 10
379 399 175 13 708 816 10
873 459 17 20 332 521 10
517 359 179 20 130 237 10
841 404 103 20 212 370 10
478 365 190 22 1443 1541 10
884 307 102 40 179 270 10
287 346 60 10 277 395 10
377 397 20 20 272 410 10
654 281 96 1 1068 1214 10
926 351 128 15 1202 1334 10
564 292 32 14 222 360 10
274 394 23 20 351 486 10
365 481 26 30 321 455 10
661 441 60 21 1434 1514 10
1000 341 58 10 212 333 10
233 423 214 20 176 318 10
896 476 102 20 289 413 10
901 394 47 5 282 373 10
336 441 7 20 351 462 10
599 479 169 20 247 401 10
235 326 118 10 152 297 10
20 409 90 20 225 383 10
298 417 217 30 170 274 10
131 418 75 11 396 529 10
861 409 88 20 226 355 10
171 398 97 10 212 291 10
474 339 60 20 209 330 10
236 365 74 24 788 938 10
519 401 164 13 595 678 10
829 460 2 20 324 489 10
38 391 202 14 148 235 10
927 352 176 20 126 213 10
965 489 27 10 350 523 10
729 435 20 20 344 449 10
682 440 7 20 308 397 10
169 274 48 10 203 333 10
954 371 200 10 185 293 10
784 480 136 22 256 381 10
232 390 34 7 1004 1147 10
767 315 121 10 152 284 10
223 393 20 20 347 465 10
552 477 97 10 273 414 10
192 350 199 21 1123 1309 10
762 305 107 20 160 321 10
337 462 14 20 363 462 10
150 472 129 10 252 388 10
215 436 237 20 186 355 10
998 485 24 20 326 487 10
249 439 156 2 478 604 10
110 483 14 10 331 456 10
16 451 62 5 275 393 10
33 390 120 24 946 1093 10
824 411 95 30 223 358 10
890 461 182 13 580 707 10
814 391 99 20 206 352 10
207 426 231 24 992 1095 10
142 343 62 10 277 467 10
883 360 184 10 184 288 10
245 484 174 10 246 362 10
670 400 103 10 216 326 10
956 428 202 24 866 972 10
594 452 110 14 295 415 10
135 374 190 20 137 252 10
612 313 119 30 149 313 10
273 355 177 20 127 249 10
888 479 176 20 240 362 10
726 397 57 17 1432 1550 10
977 480 131 5 661 744 10
42 307 52 23 893 978 10
669 320 211 16 942 1073 10
981 270 49 30 216 398 10
667 295 89 23 714 800 10
579 406 99 20 217 351 10
504 483 22 10 325 458 10
595 347 192 18 1456 1550 10
68 378 199 10 166 279 10
426 367 178 20 137 266 10
790 314 205 22 1490 1593 10
226 482 184 14 1048 1196 10
620 376 92 10 924 1088 10
231 458 16 20 313 442 10
571 481 84 17 423 619 10
326 297 102 10 155 268 10
108 488 26 30 384 512 10
611 466 149 16 1115 1288 10
51 314 124 20 177 314 10
180 398 103 30 208 380 10
950 481 124 10 263 351 10
874 423 217 20 176 377 10
952 384 16 20 309 423 10
48 323 77 36 1381 1460 10
725 415 216 10 168 322 10
486 495 227 20 284 433 10
990 393 12 10 277 484 10
522 425 215 10 202 286 10
523 407 98 10 218 364 10
316 355 180 30 126 188 10
