r1_10_7

VEHICLE
NUMBER   CAPACITY
250     200

CUSTOMER
CUST NO. XCOORD.  YCOORD.  DEMAND  READY TIME DUE DATE  SERVICE TIME

0   250    250     0     0    1925     0
452 33 286 11 0 1696 10
455 213 283 14 0 1866 10
148 161 276 8 133 163 10
156 48 293 22 0 1709 10
753 225 269 30 0 1884 10
15 164 320 12 1095 1125 10
2 67 190 25 1173 1203 10
932 187 263 35 64 94 10
95 86 189 21 227 257 10
493 24 259 19 0 1689 10
404 91 326 4 0 1739 10
461 215 282 21 1440 1470 10
800 206 172 29 788 818 10
638 94 192 1 1080 1110 10
647 46 248 9 814 844 10
759 34 329 2 1043 1073 10
697 235 288 18 0 1875 10
945 97 288 22 0 1758 10
197 45 166 22 1013 1043 10
836 5 281 16 1372 1402 10
755 110 251 23 498 528 10
345 47 208 30 226 256 10
253 246 314 36 1445 1475 10
84 115 296 24 1529 1559 10
424 19 273 25 1017 1047 10
632 226 175 23 1694 1724 10
832 30 155 9 0 1676 10
492 63 155 7 0 1706 10
328 235 316 2 656 686 10
151 60 231 32 0 1725 10
673 191 215 17 68 98 10
416 26 221 28 996 1026 10
792 131 246 17 832 862 10
401 35 263 27 270 300 10
765 61 214 4 0 1723 10
335 55 318 13 312 342 10
394 159 226 16 94 124 10
305 1 252 5 0 1666 10
313 173 182 25 102 132 10
361 130 186 16 136 166 10
53 231 167 15 0 1830 10
937 118 314 26 338 368 10
299 221 291 9 0 1865 10
751 268 288 26 0 1873 10
122 181 260 23 0 1846 10
703 176 199 28 0 1826 10
687 228 260 12 1606 1636 10
721 214 274 24 0 1872 10
52 2 264 40 0 1667 10
844 221 269 14 0 1881 10
819 213 185 21 74 104 10
160 68 303 22 0 1726 10
664 162 301 16 1613 1643 10
858 66 314 26 194 224 10
281 206 174 14 0 1828 10
588 39 153 26 798 828 10
863 62 236 29 0 1727 10
966 53 204 8 0 1713 10
117 201 278 13 0 1859 10
830 89 322 21 1021 1051 10
258 39 162 18 565 595 10
543 71 304 19 689 719 10
489 195 273 22 59 89 10
657 9 233 31 0 1674 10
770 180 283 23 744 774 10
934 74 215 10 229 259 10
213 211 248 26 39 69 10
544 87 311 7 0 1741 10
289 153 244 5 108 138 10
212 134 211 35 122 152 10
331 40 278 10 0 1704 10
140 111 178 18 156 186 10
898 218 271 16 0 1877 10
723 120 261 5 793 823 10
29 41 232 16 0 1706 10
634 223 178 20 1136 1166 10
959 52 303 25 0 1711 10
964 16 287 12 0 1679 10
323 134 194 19 1652 1682 10
442 44 311 27 0 1701 10
586 157 269 31 1576 1606 10
45 32 319 21 401 431 10
616 153 235 10 98 128 10
877 274 261 20 1707 1737 10
527 244 277 18 1301 1331 10
640 13 314 14 0 1670 10
866 240 240 35 1700 1730 10
498 72 227 25 0 1736 10
239 230 320 8 1192 1222 10
970 273 255 18 0 1892 10
553 80 251 14 304 334 10
254 176 200 17 568 598 10
26 210 276 5 0 1868 10
371 179 318 2 1121 1151 10
143 57 183 15 0 1711 10
63 146 188 6 1235 1265 10
61 261 201 15 1514 1544 10
392 51 286 14 1459 1489 10
14 266 221 9 0 1882 10
350 37 281 17 493 523 10
940 33 152 17 0 1677 10
902 32 191 5 586 616 10
541 272 234 26 1590 1620 10
854 233 230 20 26 56 10
62 59 276 11 892 922 10
487 280 245 21 30 60 10
748 92 259 4 399 429 10
411 179 286 8 0 1836 10
804 133 273 20 0 1796 10
449 171 188 30 621 651 10
69 64 198 10 0 1722 10
325 64 294 12 0 1724 10
409 38 190 23 0 1695 10
796 209 212 18 0 1860 10
704 247 306 33 0 1859 10
606 175 239 23 75 105 10
629 84 255 13 0 1749 10
516 217 207 26 0 1861 10
788 148 208 22 0 1805 10
637 34 239 16 0 1699 10
382 6 196 20 1203 1233 10
82 245 176 20 0 1841 10
525 56 268 28 1064 1094 10
428 68 160 21 0 1712 10
264 167 291 27 1634 1664 10
885 60 246 25 0 1725 10
247 247 219 17 0 1884 10
79 117 178 28 0 1764 10
495 83 300 26 500 530 10
775 228 287 21 43 73 10
985 111 192 11 1199 1229 10
144 181 185 19 0 1821 10
9 83 290 14 0 1744 10
820 134 276 15 0 1797 10
893 226 316 21 70 100 10
651 169 305 21 162 192 10
528 105 181 19 0 1755 10
731 86 199 23 0 1744 10
242 61 170 20 1006 1036 10
609 82 183 17 1102 1132 10
173 248 176 32 0 1841 10
915 159 299 12 0 1812 10
873 214 311 14 70 100 10
92 33 278 18 0 1697 10
517 162 306 22 119 149 10
478 240 255 33 1611 1641 10
758 133 202 33 461 491 10
884 87 213 18 0 1748 10
377 144 220 35 0 1805 10
532 190 267 36 0 1853 10
386 149 214 7 0 1808 10
501 229 322 11 0 1840 10
1000 166 247 1 0 1831 10
563 100 266 5 470 500 10
302 178 302 19 887 917 10
259 79 257 26 953 983 10
315 18 225 8 0 1682 10
296 66 163 6 395 425 10
336 80 279 19 0 1743 10
235 215 293 13 55 85 10
882 7 194 29 0 1666 10
610 248 214 19 0 1879 10
298 83 169 21 0 1730 10
341 10 237 19 616 646 10
583 34 169 11 484 514 10
733 40 304 16 1145 1175 10
829 103 177 28 626 656 10
625 197 202 29 1204 1234 10
927 219 215 32 0 1869 10
248 28 180 34 0 1683 10
729 199 203 20 1457 1487 10
138 136 265 12 0 1801 10
867 46 163 8 0 1694 10
762 171 303 18 0 1820 10
58 31 175 24 0 1684 10
337 48 162 15 220 250 10
655 158 179 37 0 1799 10
547 161 275 21 0 1823 10
853 172 314 9 545 575 10
110 251 238 27 0 1903 10
718 172 292 17 0 1827 10
824 68 240 11 794 824 10
890 143 158 12 0 1774 10
807 77 172 23 0 1726 10
746 130 247 17 0 1795 10
685 33 268 18 696 726 10
135 5 224 19 0 1669 10
290 153 192 13 0 1802 10
106 241 180 13 1695 1725 10
384 224 320 36 1284 1314 10
459 259 301 25 0 1864 10
726 214 245 8 36 66 10
719 14 232 18 0 1679 10
838 36 301 21 219 249 10
262 180 162 9 0 1803 10
667 210 219 7 50 80 10
585 71 282 29 0 1734 10
214 212 186 11 1722 1752 10
265 89 185 16 600 630 10
68 219 210 14 50 80 10
426 69 266 12 0 1734 10
86 43 210 20 210 240 10
790 267 290 15 0 1872 10
707 23 235 43 1023 1053 10
231 13 214 21 1354 1384 10
51 203 211 20 0 1854 10
423 146 313 22 0 1794 10
48 0 188 26 0 1658 10
486 265 240 9 18 48 10
