rc2_10_8

VEHICLE
NUMBER  CAPACITY
250   1000

CUSTOMER
CUST NO. XCOORD. YCOORD. DEMAND READY TIME DUE DATE SERVICE TIME

0  250  250   0   0  7284   0
312 94 97 20 794 1039 10
914 23 67 30 1308 1925 10
881 15 68 10 1123 1418 10
266 25 65 10 1260 1870 10
851 15 69 10 855 1598 10
80 34 169 11 1860 2136 10
254 75 118 21 1481 1912 10
717 6 53 8 2191 2624 10
788 87 96 30 951 1424 10
572 21 68 20 1558 1773 10
510 21 146 21 1837 2178 10
137 97 93 20 692 1351 10
596 95 92 20 874 1268 10
614 39 162 18 1950 2692 10
204 17 65 20 1152 1583 10
943 16 68 20 981 1648 10
748 44 115 24 773 1198 10
816 24 65 10 1175 1867 10
418 24 68 20 1352 2084 10
462 43 135 31 572 1322 10
306 91 101 10 1177 1328 10
687 18 24 32 2085 3062 10
488 30 72 10 1386 2187 10
342 96 97 20 649 1087 10
640 20 73 10 924 1397 10
343 21 64 20 1205 1733 10
525 88 95 20 878 1405 10
422 18 63 10 1380 1452 10
800 93 96 20 600 1324 10
