rc1_10_1

VEHICLE
NUMBER  CAPACITY
250   200

CUSTOMER
CUST NO. XCOORD. YCOORD. DEMAND READY TIME DUE DATE SERVICE TIME

0  250  250   0   0  1821   0
189 149 214 7 482 512 10
206 224 203 20 53 83 10
864 213 185 21 74 104 10
272 236 213 20 39 69 10
961 204 187 30 175 205 10
391 263 153 12 412 442 10
605 231 203 20 67 97 10
660 233 207 10 46 76 10
584 173 182 25 102 132 10
607 231 204 20 150 180 10
706 224 192 10 70 100 10
944 195 185 20 112 142 10
199 148 208 22 526 556 10
578 236 126 23 124 154 10
695 234 202 10 80 110 10
344 238 210 30 134 164 10
929 247 219 17 31 61 10
859 237 213 10 147 177 10
763 231 195 20 109 139 10
501 226 191 20 93 123 10
124 210 185 20 76 106 10
166 186 135 24 718 748 10
808 202 186 20 151 181 10
234 219 215 32 46 76 10
959 206 186 10 188 218 10
904 143 158 12 141 171 10
754 201 188 10 139 169 10
753 199 187 20 127 157 10
346 200 178 20 94 124 10
261 238 203 10 94 124 10
314 208 184 20 78 108 10
386 233 204 20 54 84 10
500 204 185 20 163 193 10
293 225 196 10 59 89 10
5 230 197 40 122 152 10
686 241 205 30 118 148 10
248 224 191 20 81 111 10
453 238 204 20 105 135 10
476 176 199 28 89 119 10
760 228 199 10 134 164 10
388 177 156 25 167 197 10
