rc1_10_6

VEHICLE
NUMBER   CAPACITY
250     200

CUSTOMER
CUST NO. XCOORD.  YCOORD.  DEMAND  READY TIME DUE DATE  SERVICE TIME

0   250    250     0     0    1821     0
2 214 394 10 216 276 10
292 154 374 36 922 982 10
785 162 388 11 1111 1171 10
507 189 402 10 521 581 10
281 213 399 18 219 279 10
246 175 352 12 1625 1685 10
258 149 341 6 389 449 10
734 210 379 12 694 754 10
657 207 400 20 176 236 10
581 225 369 38 121 181 10
387 142 360 20 1517 1577 10
347 216 341 19 639 699 10
448 215 395 20 227 287 10
855 210 391 30 146 206 10
311 211 386 20 141 201 10
238 210 398 10 189 249 10
144 142 372 18 162 222 10
440 220 392 20 243 303 10
257 218 403 15 1304 1364 10
679 208 396 20 161 221 10
17 203 390 40 147 207 10
876 213 397 10 202 262 10
168 175 422 24 1431 1491 10
383 146 376 8 219 279 10
626 170 347 15 421 481 10
984 154 392 9 171 231 10
