c1_10_10

VEHICLE
NUMBER   CAPACITY
250     200

CUSTOMER
CUST NO. XCOORD.  YCOORD.  DEMAND  READY TIME DUE DATE  SERVICE TIME

0   250    250     0     0    1824     0
303 172 488 10 250 763 90
216 58 458 10 491 984 90
816 144 439 30 490 1042 90
490 21 488 10 343 1049 90
652 101 384 30 200 563 90
96 54 430 20 326 936 90
537 147 435 20 295 865 90
492 67 452 30 272 780 90
237 58 449 30 872 1164 90
75 57 432 10 803 1202 90
317 100 387 10 279 668 90
401 109 463 30 776 1202 90
124 146 439 10 413 936 90
178 60 454 10 641 1203 90
974 112 465 10 419 1009 90
422 111 464 10 551 1060 90
570 55 449 20 278 699 90
690 18 462 20 837 1268 90
160 134 428 20 692 1235 90
664 18 484 10 329 865 90
103 115 465 10 253 674 90
258 101 386 20 201 773 90
489 21 487 10 329 910 90
752 53 440 10 420 897 90
349 59 457 30 552 1106 90
535 175 487 20 248 746 90
400 54 445 10 307 819 90
958 97 385 30 310 825 90
978 178 491 10 302 945 90
331 112 467 10 339 723 90
851 179 492 10 441 989 90
412 138 438 20 643 1081 90
219 65 453 30 274 802 90
275 52 432 20 554 1078 90
436 24 492 10 1053 1403 90
671 174 494 10 305 751 90
81 141 431 30 211 709 90
866 12 463 20 519 1033 90
176 63 444 20 822 1408 90
91 55 428 20 264 849 90
970 15 457 20 313 832 90
553 116 466 20 254 941 90
269 50 438 20 543 960 90
865 56 434 20 632 1188 90
505 94 383 10 472 851 90
170 62 453 10 296 803 90
711 12 451 20 311 705 90
350 49 451 20 284 711 90
49 21 485 30 348 679 90
701 25 499 10 911 1399 90
387 26 490 10 832 1406 90
606 102 391 20 899 1360 90
713 60 428 20 894 1301 90
516 97 387 10 637 1055 90
364 66 448 10 270 720 90
79 22 483 30 325 703 90
431 100 394 10 778 1294 90
731 8 497 40 701 1265 90
403 13 455 10 313 921 90
614 17 459 10 1006 1421 90
944 111 463 20 694 1099 90
240 59 459 20 418 875 90
845 17 458 10 1024 1422 90
882 51 447 10 280 684 90
341 95 391 10 671 1211 90
729 14 459 20 341 840 90
185 64 426 10 931 1454 90
887 16 463 20 649 1090 90
823 101 385 20 201 802 90
16 20 488 10 627 948 90
142 95 384 30 572 933 90
413 13 459 20 407 957 90
106 141 428 20 208 667 90
158 140 431 30 211 802 90
669 20 489 10 630 1127 90
972 111 467 20 408 836 90
579 110 459 30 748 1417 90
948 56 428 20 263 824 90
812 16 460 20 908 1383 90
226 173 490 20 252 644 90
571 57 425 20 260 860 90
408 16 462 10 721 1200 90
681 54 424 10 262 838 90
789 117 467 10 254 794 90
375 16 497 20 863 1298 90
538 111 459 20 970 1378 90
378 55 431 20 516 930 90
385 145 434 20 269 707 90
