r1_10_5

VEHICLE
NUMBER   CAPACITY
250     200

CUSTOMER
CUST NO. XCOORD.  YCOORD.  DEMAND  READY TIME DUE DATE  SERVICE TIME

0   250    250     0     0    1925     0
452 33 286 11 1546 1576 10
455 213 283 14 1471 1501 10
148 161 276 8 133 163 10
156 48 293 22 276 306 10
753 225 269 30 1271 1301 10
15 164 320 12 1095 1125 10
205 44 344 12 1079 1109 10
932 187 263 35 64 94 10
493 24 259 19 370 400 10
22 104 349 20 1009 1039 10
404 91 326 4 963 993 10
461 215 282 21 1440 1470 10
816 46 389 22 257 287 10
549 175 352 12 1665 1695 10
647 46 248 9 814 844 10
759 34 329 2 1043 1073 10
697 235 288 18 40 70 10
59 69 423 32 802 832 10
945 97 288 22 1284 1314 10
856 243 402 13 405 435 10
919 88 484 5 1491 1521 10
293 163 472 9 653 683 10
80 132 479 11 257 287 10
836 5 281 16 1372 1402 10
755 110 251 23 498 528 10
742 29 358 23 611 641 10
253 246 314 36 1445 1475 10
84 115 296 24 1529 1559 10
424 19 273 25 1017 1047 10
468 76 462 18 956 986 10
593 12 367 27 326 356 10
837 173 474 14 1285 1315 10
327 150 484 16 625 655 10
380 84 377 10 926 956 10
35 250 328 24 249 279 10
328 235 316 2 656 686 10
418 44 496 32 402 432 10
369 177 486 20 1597 1627 10
792 131 246 17 832 862 10
401 35 263 27 270 300 10
875 164 473 26 296 326 10
335 55 318 13 312 342 10
484 185 434 9 574 604 10
121 64 437 11 918 948 10
167 20 480 25 570 600 10
24 91 427 14 883 913 10
305 1 252 5 275 305 10
663 181 441 25 542 572 10
178 148 462 10 727 757 10
937 118 314 26 338 368 10
299 221 291 9 50 80 10
122 181 260 23 69 99 10
687 228 260 12 1606 1636 10
721 214 274 24 1369 1399 10
52 2 264 40 655 685 10
220 67 378 26 470 500 10
363 94 344 26 682 712 10
641 202 391 30 624 654 10
630 222 331 10 540 570 10
690 154 374 36 937 967 10
844 221 269 14 1265 1295 10
160 68 303 22 221 251 10
664 162 301 16 1613 1643 10
858 66 314 26 194 224 10
923 138 406 8 1216 1246 10
117 201 278 13 56 86 10
830 89 322 21 1021 1051 10
543 71 304 19 689 719 10
489 195 273 22 59 89 10
574 44 440 24 789 819 10
518 48 366 29 743 773 10
349 122 422 3 1457 1487 10
693 103 464 22 1273 1303 10
770 180 283 23 744 774 10
312 67 352 20 373 403 10
481 69 414 6 1263 1293 10
958 61 441 27 544 574 10
213 211 248 26 39 69 10
544 87 311 7 174 204 10
289 153 244 5 108 138 10
982 48 437 4 804 834 10
331 40 278 10 1104 1134 10
333 161 416 25 1011 1041 10
677 5 445 30 313 343 10
851 237 420 15 1334 1364 10
412 244 422 14 538 568 10
859 58 391 16 882 912 10
898 218 271 16 1574 1604 10
166 89 358 23 1247 1277 10
659 48 412 7 1032 1062 10
739 12 358 7 1224 1254 10
32 27 444 22 1080 1110 10
723 120 261 5 793 823 10
959 52 303 25 441 471 10
964 16 287 12 271 301 10
897 247 443 17 330 360 10
436 179 497 1 1411 1441 10
520 94 497 31 782 812 10
57 130 494 6 759 789 10
567 230 487 20 1130 1160 10
442 44 311 27 407 437 10
700 226 423 15 197 227 10
183 211 411 15 1147 1177 10
586 157 269 31 1576 1606 10
769 26 442 23 1344 1374 10
462 166 440 12 207 237 10
45 32 319 21 401 431 10
619 195 464 20 1541 1571 10
880 115 395 11 815 845 10
527 244 277 18 1301 1331 10
768 84 453 19 1223 1253 10
66 142 372 18 162 192 10
640 13 314 14 245 275 10
353 211 446 15 1123 1153 10
744 248 386 22 378 408 10
239 230 320 8 1192 1222 10
553 80 251 14 304 334 10
340 177 404 17 1262 1292 10
425 245 461 8 649 679 10
26 210 276 5 47 77 10
371 179 318 2 1121 1151 10
539 167 445 7 1412 1442 10
251 136 430 14 710 740 10
834 217 357 23 1420 1450 10
432 225 488 28 636 666 10
392 51 286 14 1459 1489 10
88 49 353 15 1446 1476 10
3 80 400 10 1446 1476 10
476 141 426 23 531 561 10
350 37 281 17 493 523 10
263 53 466 9 335 365 10
608 62 375 16 349 379 10
925 231 410 14 1236 1266 10
243 79 467 22 351 381 10
717 13 394 15 373 403 10
62 59 276 11 892 922 10
748 92 259 4 399 429 10
411 179 286 8 341 371 10
282 174 347 3 1015 1045 10
754 50 383 20 260 290 10
804 133 273 20 119 149 10
211 105 474 27 471 501 10
961 36 451 15 889 919 10
479 162 388 11 1126 1156 10
777 35 344 21 863 893 10
581 244 368 25 414 444 10
779 208 488 22 478 508 10
325 64 294 12 1101 1131 10
321 178 420 18 1071 1101 10
308 154 392 9 171 201 10
704 247 306 33 56 86 10
18 144 331 13 931 961 10
629 84 255 13 282 312 10
453 112 433 29 235 265 10
367 29 336 22 332 362 10
284 67 451 5 1216 1246 10
23 28 467 34 1343 1373 10
430 80 337 28 1119 1149 10
843 10 407 36 434 464 10
97 218 403 15 1319 1349 10
525 56 268 28 1064 1094 10
886 3 471 13 711 741 10
99 228 399 14 586 616 10
264 167 291 27 1634 1664 10
885 60 246 25 190 220 10
582 90 477 18 277 307 10
73 77 372 19 211 241 10
737 26 342 12 321 351 10
145 7 382 27 770 800 10
495 83 300 26 500 530 10
850 239 486 3 1482 1512 10
77 225 369 38 121 151 10
352 222 499 7 845 875 10
775 228 287 21 43 73 10
470 196 489 23 1030 1060 10
182 216 341 19 654 684 10
238 208 445 22 1332 1362 10
439 152 476 45 523 553 10
596 43 360 2 835 865 10
9 83 290 14 608 638 10
390 107 374 8 914 944 10
373 149 341 6 404 434 10
820 134 276 15 133 163 10
893 226 316 21 70 100 10
651 169 305 21 162 192 10
708 137 377 23 169 199 10
738 139 438 24 218 248 10
607 217 333 26 411 441 10
944 96 346 26 185 215 10
285 27 464 21 1291 1321 10
136 93 413 17 226 256 10
379 80 458 30 371 401 10
915 159 299 12 1016 1046 10
873 214 311 14 70 100 10
92 33 278 18 1487 1517 10
517 162 306 22 119 149 10
177 29 462 17 1310 1340 10
841 95 382 19 231 261 10
190 11 403 18 343 373 10
478 240 255 33 1611 1641 10
654 65 343 38 207 237 10
926 199 438 3 1360 1390 10
532 190 267 36 1754 1784 10
274 90 496 13 1395 1425 10
365 146 376 8 234 264 10
501 229 322 11 1660 1690 10
1000 166 247 1 84 114 10
563 100 266 5 470 500 10
302 178 302 19 887 917 10
840 195 450 16 1486 1516 10
900 241 402 11 1025 1055 10
259 79 257 26 953 983 10
901 213 399 18 234 264 10
336 80 279 19 1158 1188 10
551 51 360 13 1145 1175 10
235 215 293 13 55 85 10
905 215 434 9 193 223 10
171 111 392 18 1169 1199 10
474 243 408 15 1434 1464 10
733 40 304 16 1145 1175 10
860 142 360 20 1532 1562 10
698 0 356 13 1086 1116 10
946 176 470 14 547 577 10
545 207 487 4 689 719 10
566 13 465 31 774 804 10
199 126 391 19 273 303 10
138 136 265 12 114 144 10
762 171 303 18 1589 1619 10
150 210 379 12 709 739 10
547 161 275 21 1347 1377 10
249 167 488 17 252 282 10
853 172 314 9 545 575 10
50 132 477 25 327 357 10
16 52 412 22 1406 1436 10
718 172 292 17 92 122 10
395 185 431 15 387 417 10
224 78 406 15 960 990 10
746 130 247 17 120 150 10
918 164 332 19 1280 1310 10
670 149 458 13 1164 1194 10
685 33 268 18 696 726 10
956 80 357 1 530 560 10
413 250 441 5 756 786 10
808 77 465 11 275 305 10
384 224 320 36 1284 1314 10
459 259 301 25 99 129 10
460 189 402 10 536 566 10
203 182 480 31 365 395 10
496 72 477 46 288 318 10
888 153 362 7 1161 1191 10
726 214 245 8 36 66 10
977 49 437 7 427 457 10
817 246 407 12 312 342 10
42 166 345 14 1130 1160 10
981 175 422 24 1446 1476 10
569 240 362 23 1414 1444 10
838 36 301 21 219 249 10
585 71 282 29 642 672 10
909 174 397 32 1245 1275 10
504 63 420 19 520 550 10
878 133 455 25 808 838 10
426 69 266 12 758 788 10
571 0 422 8 821 851 10
324 93 490 2 379 409 10
408 174 376 8 1419 1449 10
206 170 347 15 436 466 10
681 59 388 20 663 693 10
423 146 313 22 1195 1225 10
597 102 422 23 226 256 10
688 114 460 14 1086 1116 10
375 68 450 18 633 663 10
208 124 448 6 369 399 10
234 135 400 20 299 329 10
992 195 386 13 146 176 10
