rc1_10_6

VEHICLE
NUMBER  CAPACITY
250   200

CUSTOMER
CUST NO. XCOORD. YCOORD. DEMAND READY TIME DUE DATE SERVICE TIME

0  250  250   0   0  1821   0
380 432 2 20 452 512 10
278 435 16 10 352 412 10
231 458 16 20 313 373 10
108 488 26 30 418 478 10
456 459 14 20 315 375 10
288 483 27 20 443 503 10
565 262 92 25 615 675 10
274 394 23 20 389 449 10
819 347 62 10 318 378 10
455 407 88 10 309 369 10
969 489 17 10 365 425 10
873 459 17 20 396 456 10
242 460 13 20 316 376 10
365 481 26 30 321 381 10
616 437 15 30 340 400 10
165 437 12 20 315 375 10
721 344 62 10 331 391 10
829 460 2 20 338 398 10
750 239 15 2 589 649 10
263 485 27 10 431 491 10
282 391 18 10 363 423 10
337 462 14 20 382 442 10
674 374 116 9 572 632 10
429 306 42 11 462 522 10
708 491 20 20 379 439 10
110 483 14 10 348 408 10
998 485 24 20 326 386 10
320 476 61 36 434 494 10
809 435 11 40 302 362 10
952 384 16 20 336 396 10
167 459 10 10 320 380 10
198 389 17 10 351 411 10
131 418 75 11 433 493 10
965 489 27 10 406 466 10
239 403 93 10 326 386 10
183 464 13 20 370 430 10
504 483 22 10 325 385 10
223 393 20 20 376 436 10
195 481 20 20 332 392 10
287 346 60 10 306 366 10
701 461 8 20 354 414 10
490 324 99 10 323 383 10
57 389 11 20 308 368 10
454 488 3 3 386 446 10
41 439 15 20 328 388 10
729 435 20 20 366 426 10
336 441 7 20 377 437 10
122 491 25 10 394 454 10
846 386 13 10 322 382 10
142 343 62 10 342 402 10
646 351 5 12 481 541 10
682 440 7 20 308 368 10
