r1_10_4

VEHICLE
NUMBER  CAPACITY
250   200

CUSTOMER
CUST NO. XCOORD. YCOORD. DEMAND READY TIME DUE DATE SERVICE TIME

0  250  250   0   0  1925   0
589 306 229 10 0 1856 10
281 206 174 14 0 1828 10
297 314 205 22 0 1837 10
796 209 212 18 0 1860 10
911 287 256 18 0 1878 10
853 172 314 9 0 1815 10
267 308 199 14 0 1838 10
117 201 278 13 0 1859 10
122 181 260 23 0 1846 10
547 161 275 21 0 1823 10
247 247 219 17 0 1884 10
407 295 283 26 0 1860 10
770 180 283 23 0 1838 10
478 240 255 33 0 1904 10
655 158 179 37 0 1799 10
302 178 302 19 0 1827 10
927 219 215 32 0 1869 10
729 199 203 20 0 1846 10
313 173 182 25 0 1813 10
790 267 290 15 0 1872 10
144 181 185 19 0 1821 10
970 273 255 18 0 1892 10
299 221 291 9 0 1865 10
703 176 199 28 0 1826 10
586 157 269 31 0 1821 10
854 233 230 20 0 1889 10
1000 166 247 1 0 1831 10
695 306 235 25 0 1858 10
459 259 301 25 0 1864 10
751 268 288 26 0 1873 10
214 212 186 11 0 1841 10
289 153 244 5 0 1818 10
704 247 306 33 0 1859 10
516 217 207 26 0 1861 10
15 164 320 12 0 1805 10
706 289 220 19 0 1866 10
621 325 210 15 0 1830 10
14 266 221 9 0 1882 10
915 159 299 12 0 1812 10
532 190 267 36 0 1853 10
626 270 337 20 0 1826 10
819 213 185 21 0 1841 10
687 228 260 12 0 1891 10
753 225 269 30 0 1884 10
632 226 175 23 0 1837 10
235 215 293 13 0 1860 10
26 210 276 5 0 1868 10
278 297 283 28 0 1858 10
721 214 274 24 0 1872 10
630 222 331 10 0 1830 10
110 251 238 27 0 1903 10
51 203 211 20 0 1854 10
844 221 269 14 0 1881 10
28 273 300 30 0 1860 10
501 229 322 11 0 1840 10
411 179 286 8 0 1836 10
371 179 318 2 0 1817 10
866 240 240 35 0 1901 10
607 217 333 26 0 1826 10
712 318 280 21 0 1841 10
82 245 176 20 0 1841 10
697 235 288 18 0 1875 10
527 244 277 18 0 1888 10
718 172 292 17 0 1827 10
918 164 332 19 0 1797 10
743 285 247 13 0 1880 10
559 286 244 31 0 1879 10
173 248 176 32 0 1841 10
423 146 313 22 0 1794 10
541 272 234 26 0 1888 10
726 214 245 8 0 1879 10
201 293 228 19 0 1867 10
35 250 328 24 0 1837 10
616 153 235 10 0 1817 10
610 248 214 19 0 1879 10
845 264 180 33 0 1844 10
667 210 219 7 0 1865 10
618 284 319 17 0 1839 10
264 167 291 27 0 1823 10
455 213 283 14 0 1866 10
218 311 203 15 0 1838 10
762 171 303 18 0 1820 10
881 297 304 4 0 1844 10
461 215 282 21 0 1868 10
898 218 271 16 0 1877 10
517 162 306 22 0 1811 10
