r1_10_4

VEHICLE
NUMBER  CAPACITY
250   200

CUSTOMER
CUST NO. XCOORD. YCOORD. DEMAND READY TIME DUE DATE SERVICE TIME

0  250  250   0   0  1925   0
213 211 248 26 39 49 10
141 291 251 20 41 51 10
650 293 174 31 87 97 10
489 195 273 22 59 69 10
148 161 276 8 143 153 10
487 280 245 21 30 40 10
673 191 215 17 68 78 10
394 159 226 16 94 104 10
802 301 239 31 52 62 10
873 214 311 14 70 80 10
932 187 263 35 64 74 10
486 265 240 9 18 28 10
68 219 210 14 50 60 10
651 169 305 21 172 182 10
775 228 287 21 43 53 10
943 290 328 7 154 164 10
893 226 316 21 70 80 10
74 298 264 36 50 60 10
606 175 239 23 75 85 10
