rc2_10_7

VEHICLE
NUMBER   CAPACITY
250     1000

CUSTOMER
CUST NO. XCOORD.  YCOORD.  DEMAND  READY TIME DUE DATE  SERVICE TIME

0   250    250     0     0    7284     0
452 397 18 10 1085 1371 10
455 407 88 10 1194 1521 10
429 306 42 11 1734 2200 10
205 391 112 24 3924 4198 10
196 436 25 19 4991 5387 10
444 480 152 26 3932 4361 10
756 484 171 10 1146 1320 10
493 447 184 27 1633 1882 10
22 347 54 10 1000 1481 10
322 364 71 5 5202 5706 10
716 479 127 20 919 1359 10
132 472 57 17 4955 5524 10
638 408 84 10 982 1413 10
490 324 99 10 1131 1692 10
529 384 149 18 4712 4986 10
454 488 3 3 1459 1865 10
856 433 15 20 974 1408 10
849 275 42 30 907 1114 10
604 441 177 23 4041 4088 10
267 406 96 20 875 972 10
345 479 121 10 1140 1442 10
665 478 118 20 1371 1583 10
736 399 104 10 952 1486 10
969 489 17 10 1338 1822 10
471 423 221 9 964 1222 10
96 371 71 21 1131 1283 10
380 432 2 20 1782 2071 10
209 265 0 10 3450 3838 10
502 330 138 18 4306 4691 10
870 299 98 30 507 947 10
175 343 49 10 840 1399 10
676 335 57 30 639 1049 10
35 467 114 10 1340 1788 10
360 376 190 30 617 745 10
673 432 66 30 4321 4369 10
797 275 45 20 718 1198 10
401 443 237 20 679 948 10
889 420 224 10 1547 2004 10
875 477 179 20 628 1274 10
121 459 53 20 4264 4834 10
891 418 218 20 919 1338 10
167 459 10 10 1282 1518 10
602 376 195 10 572 996 10
198 389 17 10 1237 1808 10
361 481 122 30 1095 1388 10
299 500 228 8 3013 3361 10
558 282 1 18 4122 4337 10
159 386 154 31 4257 4670 10
751 342 54 20 860 1259 10
122 491 25 10 1452 1937 10
721 344 62 10 1310 1581 10
52 375 191 30 567 888 10
568 277 50 10 814 888 10
363 374 232 33 213 789 10
291 291 213 23 4758 5424 10
570 344 70 24 4346 4940 10
672 435 180 37 752 1164 10
844 398 23 10 853 1315 10
819 347 62 10 1306 1482 10
588 359 182 20 680 1113 10
117 474 96 30 1003 1171 10
118 268 52 10 1056 1509 10
447 458 213 22 4452 4694 10
103 382 110 24 4301 4718 10
636 304 102 30 803 891 10
172 385 17 40 2988 3603 10
953 492 34 5 3153 3451 10
400 330 147 28 3126 3782 10
531 308 199 14 5998 6188 10
958 421 218 10 635 1517 10
982 337 41 8 3917 4222 10
978 437 98 16 4255 4774 10
300 412 214 10 518 810 10
331 480 119 7 2306 2842 10
195 481 20 20 1055 1840 10
412 397 153 29 3417 3763 10
813 478 99 10 1096 1514 10
533 300 108 10 497 708 10
810 269 46 20 911 1357 10
557 297 131 25 4556 4888 10
951 389 156 27 2806 3038 10
648 498 171 12 4950 5221 10
162 371 192 30 491 668 10
592 452 206 31 1745 2313 10
323 418 221 10 1138 1311 10
219 477 120 10 1120 1736 10
57 389 11 20 1153 1554 10
709 313 126 10 919 1147 10
780 488 96 22 4143 4507 10
183 464 13 20 1391 1808 10
769 331 134 11 4423 4687 10
89 415 223 20 1100 1459 10
576 481 96 20 1131 1365 10
806 379 196 20 635 1037 10
616 437 15 30 1445 1517 10
877 405 187 34 4778 5347 10
768 420 213 10 646 1102 10
320 476 61 36 1595 2114 10
866 319 124 20 629 915 10
91 432 199 7 2408 2820 10
239 403 93 10 1118 1728 10
21 307 108 10 689 1330 10
553 346 57 20 1210 1375 10
865 482 141 14 3989 4217 10
674 374 116 9 2292 2525 10
170 488 173 20 1136 1214 10
371 323 29 7 4461 4759 10
546 437 19 15 3802 4429 10
143 371 193 20 421 649 10
445 404 83 30 1001 1506 10
781 341 72 9 3164 3395 10
288 483 27 20 1709 2074 10
399 485 104 21 3106 3369 10
456 459 14 20 1007 1595 10
692 445 237 10 739 985 10
350 357 181 20 519 796 10
263 485 27 10 1772 1916 10
749 438 127 2 3760 3887 10
446 476 94 20 988 1290 10
941 343 47 20 931 1404 10
282 391 18 10 1483 1659 10
129 325 56 13 3053 3439 10
804 415 95 15 4612 4921 10
561 482 104 19 3082 3498 10
701 461 8 20 1256 1816 10
778 409 155 19 449 1033 10
643 352 63 6 4556 4990 10
933 317 123 20 546 1096 10
69 325 147 14 4469 5144 10
325 304 97 20 462 1113 10
321 406 94 10 748 1194 10
997 335 99 25 4797 5070 10
521 399 106 20 1095 1439 10
629 413 217 20 603 830 10
720 303 78 12 439 1001 10
23 406 87 10 1065 1559 10
776 470 125 20 833 1191 10
351 476 174 30 1340 1374 10
809 435 11 40 1111 1387 10
852 267 44 20 694 1473 10
41 439 15 20 1356 1509 10
732 340 54 10 797 1226 10
591 484 177 20 938 1195 10
364 398 20 20 866 1406 10
637 478 121 40 1267 1403 10
646 351 5 12 1867 2221 10
699 269 48 20 959 1406 10
963 477 122 10 1321 1439 10
264 323 118 20 497 910 10
247 455 168 21 3357 3698 10
85 355 174 33 2858 2984 10
405 364 173 30 533 1029 10
74 358 183 20 685 1304 10
470 341 59 27 3060 3379 10
903 399 102 20 1018 1238 10
165 437 12 20 1259 1498 10
985 493 111 26 2069 2379 10
580 303 186 10 5205 5749 10
390 452 172 9 2295 2691 10
820 404 140 8 4915 5275 10
787 324 127 30 293 856 10
908 365 28 9 841 1425 10
514 361 181 20 606 1090 10
938 471 94 30 4045 4066 10
708 491 20 20 1528 1740 10
112 429 67 16 2914 3064 10
528 273 55 20 649 921 10
731 417 218 10 1109 1235 10
403 335 46 18 5325 5529 10
242 460 13 20 1225 1469 10
278 435 16 10 1406 1653 10
846 386 13 10 1268 1548 10
191 429 169 8 3651 3691 10
285 344 203 14 682 776 10
675 478 102 10 1099 1615 10
379 399 175 13 2861 3234 10
873 459 17 20 1531 1879 10
517 359 179 20 367 1051 10
841 404 103 20 724 1328 10
478 365 190 22 5646 6293 10
884 307 102 40 719 1079 10
287 346 60 10 1149 1541 10
377 397 20 20 1086 1274 10
654 281 96 1 4204 4922 10
926 351 128 15 4802 5343 10
564 292 32 14 756 1198 10
274 394 23 20 1563 1787 10
365 481 26 30 1189 1385 10
661 441 60 21 5715 6075 10
1000 341 58 10 856 1053 10
233 423 214 20 644 1210 10
896 476 102 20 1237 1572 10
901 394 47 5 1305 1318 10
336 441 7 20 1404 1849 10
599 479 169 20 1014 1574 10
235 326 118 10 548 755 10
20 409 90 20 946 1240 10
298 417 217 30 638 991 10
131 418 75 11 1545 2158 10
861 409 88 20 858 1424 10
171 398 97 10 691 1101 10
474 339 60 20 686 1121 10
236 365 74 24 3270 3637 10
519 401 164 13 2503 2587 10
829 460 2 20 1227 1717 10
38 391 202 14 366 825 10
927 352 176 20 311 697 10
965 489 27 10 1404 2086 10
729 435 20 20 1388 1783 10
682 440 7 20 1208 1422 10
169 274 48 10 663 1147 10
954 371 200 10 802 1113 10
784 480 136 22 1006 1048 10
232 390 34 7 4077 4526 10
767 315 121 10 705 1040 10
223 393 20 20 1421 1824 10
552 477 97 10 924 1458 10
192 350 199 21 4513 5218 10
762 305 107 20 619 1302 10
337 462 14 20 1231 2066 10
150 472 129 10 770 1370 10
215 436 237 20 546 946 10
998 485 24 20 1059 1630 10
249 439 156 2 1843 2484 10
110 483 14 10 1252 1774 10
16 451 62 5 1044 1335 10
33 390 120 24 3978 4175 10
824 411 95 30 797 1265 10
890 461 182 13 2345 2807 10
814 391 99 20 692 960 10
207 426 231 24 4123 4225 10
142 343 62 10 1251 1729 10
883 360 184 10 793 1099 10
245 484 174 10 1049 1187 10
670 400 103 10 902 1263 10
956 428 202 24 3405 3945 10
594 452 110 14 1171 1671 10
135 374 190 20 286 981 10
612 313 119 30 670 1176 10
273 355 177 20 454 659 10
888 479 176 20 820 1191 10
726 397 57 17 5634 6294 10
977 480 131 5 2670 2950 10
42 307 52 23 3583 3901 10
669 320 211 16 3857 4204 10
981 270 49 30 1075 1381 10
667 295 89 23 2763 3293 10
579 406 99 20 741 1196 10
504 483 22 10 1310 1483 10
595 347 192 18 5705 6320 10
68 378 199 10 627 1151 10
426 367 178 20 473 1090 10
790 314 205 22 5963 6371 10
226 482 184 14 4360 4615 10
620 376 92 10 3735 4310 10
231 458 16 20 1052 1453 10
571 481 84 17 1937 2227 10
326 297 102 10 519 819 10
108 488 26 30 1758 1825 10
611 466 149 16 4463 5145 10
51 314 124 20 865 1103 10
180 398 103 30 835 1513 10
950 481 124 10 911 1477 10
874 423 217 20 902 1152 10
952 384 16 20 1264 1661 10
48 323 77 36 5536 5825 10
725 415 216 10 546 985 10
486 495 227 20 1164 1707 10
990 393 12 10 1149 1445 10
522 425 215 10 920 1032 10
523 407 98 10 683 1066 10
316 355 180 30 461 756 10
