rc2_10_7

VEHICLE
NUMBER   CAPACITY
250     1000

CUSTOMER
CUST NO. XCOORD.  YCOORD.  DEMAND  READY TIME DUE DATE  SERVICE TIME

0   250    250     0     0    7284     0
156 79 80 19 5466 5711 10
753 199 187 20 363 770 10
319 80 251 14 1008 1540 10
193 60 231 32 3993 4335 10
451 228 287 21 43 405 10
161 192 265 10 374 740 10
578 236 126 23 209 790 10
356 128 113 22 1346 1675 10
816 24 65 10 1378 1665 10
800 93 96 20 745 1179 10
647 197 267 10 429 560 10
294 94 40 24 4223 4441 10
94 269 112 19 4864 5357 10
759 140 108 29 4193 4497 10
559 21 70 15 2853 3437 10
59 246 255 10 419 601 10
945 92 236 20 739 1443 10
879 53 204 8 4163 4397 10
339 58 39 12 4673 4750 10
388 177 156 25 535 923 10
919 61 214 4 1221 1633 10
293 225 196 10 201 365 10
80 34 169 11 1784 2211 10
836 240 34 28 6237 6360 10
31 136 52 10 1149 1312 10
742 93 235 10 876 1213 10
252 234 246 10 214 423 10
652 251 63 14 3765 4254 10
632 125 61 26 2215 2799 10
832 46 163 8 3618 3911 10
864 213 185 21 74 651 10
437 221 291 9 81 408 10
760 228 199 10 384 810 10
988 34 239 16 840 1031 10
500 204 185 20 548 878 10
735 228 260 12 6312 6653 10
5 230 197 40 451 642 10
151 87 3 13 5575 6009 10
418 24 68 20 1575 1860 10
686 241 205 30 398 665 10
153 212 186 11 6634 7200 10
684 90 232 10 794 1019 10
317 241 180 13 6824 6853 10
407 214 245 8 36 426 10
765 273 149 14 5816 6325 10
270 178 135 21 5971 6259 10
484 195 273 22 188 288 10
995 18 225 8 2704 2947 10
47 41 232 16 686 1076 10
344 238 210 30 142 1049 10
394 64 5 14 4361 4791 10
34 188 119 44 3723 4195 10
305 111 178 18 461 791 10
497 72 227 25 2173 2457 10
663 178 72 23 2793 3382 10
115 264 180 33 6555 7011 10
124 210 185 20 245 365 10
272 236 213 20 86 230 10
313 30 155 9 4973 5391 10
53 226 175 23 6675 6995 10
457 120 17 30 972 1381 10
687 18 24 32 2428 2719 10
65 200 261 10 567 885 10
286 91 235 10 902 1371 10
306 91 101 10 1056 1449 10
422 18 63 10 1052 1780 10
174 71 12 2 923 1540 10
715 233 87 18 925 1215 10
967 197 270 30 270 616 10
695 234 202 10 205 552 10
28 80 117 24 3157 3556 10
43 111 192 11 4842 4873 10
543 168 59 6 1392 1657 10
574 57 43 15 3985 4322 10
488 30 72 10 1637 1935 10
349 200 270 20 144 448 10
730 195 111 15 3892 4213 10
312 94 97 20 754 1078 10
212 132 30 20 1173 1553 10
101 237 254 20 332 454 10
540 253 118 19 2215 2283 10
333 142 14 18 3107 3695 10
510 21 146 21 1992 2023 10
743 125 32 30 827 1369 10
851 15 69 10 1175 1278 10
859 237 213 10 577 718 10
898 109 56 27 691 1228 10
166 186 135 24 2759 3103 10
659 244 254 20 174 749 10
723 200 78 31 3880 4181 10
477 265 240 9 18 385 10
895 92 76 4 4538 4693 10
959 206 186 10 407 1214 10
355 95 234 10 498 928 10
964 100 66 15 5415 5902 10
314 208 184 20 258 450 10
976 198 271 20 198 597 10
921 56 75 24 5453 6168 10
700 165 59 27 3397 4266 10
372 89 65 16 2827 3055 10
462 43 135 31 665 1230 10
818 133 273 20 428 526 10
441 253 50 27 683 1243 10
640 20 73 10 1046 1276 10
914 23 67 30 1443 1790 10
176 248 251 20 2 174 10
744 215 282 21 5485 6158 10
942 52 18 28 3268 3707 10
970 13 214 21 5360 5589 10
343 21 64 20 1275 1663 10
584 173 182 25 222 599 10
254 75 118 21 1560 1832 10
425 103 177 28 2428 2704 10
7 133 202 33 1554 2251 10
621 129 27 10 1248 1253 10
872 199 203 20 5638 6140 10
6 175 239 23 163 444 10
14 102 264 10 395 795 10
555 102 6 3 5692 6095 10
476 176 199 28 187 531 10
994 209 68 27 6108 6556 10
947 124 56 20 713 1138 10
427 225 269 30 5055 5232 10
940 224 56 13 4660 4952 10
979 131 246 17 3070 3706 10
717 6 53 8 2227 2588 10
109 151 81 28 6056 6527 10
149 249 258 30 285 849 10
871 240 250 10 29 390 10
748 44 115 24 716 1255 10
411 120 37 28 2908 3415 10
754 201 188 10 558 672 10
961 204 187 30 497 1025 10
479 133 53 20 799 1556 10
779 243 248 30 7 442 10
374 200 265 10 666 674 10
796 271 128 12 1248 1637 10
391 263 153 12 1484 1936 10
935 66 31 25 4157 4350 10
18 92 233 10 668 1242 10
536 105 181 19 5957 6412 10
660 233 207 10 79 372 10
453 238 204 20 205 753 10
955 153 235 10 256 530 10
627 92 230 20 474 1156 10
435 257 57 18 4809 5118 10
137 97 93 20 921 1122 10
788 87 96 30 1142 1232 10
525 88 95 20 999 1284 10
420 209 212 18 5942 6401 10
346 200 178 20 97 772 10
99 38 15 3 4277 4572 10
885 130 57 40 882 1098 10
506 60 5 18 4221 4248 10
772 89 185 16 2186 2733 10
73 26 67 15 4976 5678 10
79 60 29 32 5293 5729 10
145 66 88 2 3092 3665 10
653 132 55 10 925 1333 10
916 126 30 10 858 1436 10
244 211 248 26 39 445 10
508 134 211 35 348 736 10
572 21 68 20 1474 1857 10
125 150 68 23 1452 2051 10
596 95 92 20 903 1239 10
373 144 35 26 917 1001 10
266 25 65 10 1344 1787 10
438 1 101 8 4863 5316 10
911 214 274 24 5385 5688 10
799 146 188 6 4865 5135 10
450 179 75 13 2820 3219 10
54 242 106 28 4966 5302 10
614 39 162 18 2135 2507 10
607 231 204 20 433 888 10
173 180 283 23 2878 3191 10
944 195 185 20 390 627 10
562 120 261 5 3015 3452 10
706 224 192 10 131 549 10
92 92 18 8 4257 4856 10
177 7 194 29 3728 4003 10
786 47 208 30 698 1233 10
27 130 140 17 696 976 10
190 187 73 18 1025 1432 10
868 198 264 20 595 647 10
929 247 219 17 31 369 10
189 149 214 7 1859 2117 10
386 233 204 20 164 390 10
501 226 191 20 293 571 10
44 131 56 10 762 1405 10
563 125 29 30 1005 1381 10
302 157 269 31 6198 6532 10
922 210 276 5 47 492 10
900 92 232 10 550 983 10
241 65 62 15 3612 4320 10
261 238 203 10 148 722 10
259 253 74 20 5165 5755 10
750 239 15 2 2299 2651 10
827 125 39 20 870 1092 10
610 206 261 10 499 1080 10
763 231 195 20 360 634 10
530 122 35 10 916 1165 10
733 132 57 20 780 1296 10
991 236 247 20 178 362 10
186 231 29 14 4704 5226 10
248 224 191 20 119 649 10
64 92 259 4 1522 1794 10
204 17 65 20 1176 1559 10
310 133 26 10 1259 1354 10
633 238 123 24 2925 3444 10
887 91 231 30 608 1114 10
127 0 188 26 3690 3886 10
566 68 160 21 4271 4936 10
187 157 38 3 4044 4458 10
199 148 208 22 1941 2391 10
526 95 64 4 2951 3296 10
230 244 250 10 10 204 10
464 199 268 20 123 567 10
415 132 32 18 3058 3338 10
547 201 278 13 105 346 10
50 86 199 23 1063 1280 10
943 16 68 20 1278 1352 10
694 31 175 24 782 1310 10
116 94 235 20 514 820 10
757 272 234 26 6371 6472 10
904 143 158 12 468 753 10
395 95 235 10 595 651 10
413 210 29 13 4231 4295 10
808 202 186 20 446 883 10
126 201 270 10 111 393 10
158 188 151 7 5022 5471 10
342 96 97 20 735 1002 10
817 130 247 17 363 598 10
714 217 207 26 5550 5629 10
410 30 7 23 4566 5063 10
838 204 269 30 85 314 10
396 203 211 20 5103 5469 10
406 267 162 6 5620 6094 10
408 92 234 10 784 1215 10
793 245 251 10 5 513 10
206 224 203 20 71 358 10
423 149 98 4 4701 4740 10
789 140 137 32 2224 2454 10
565 262 92 25 2536 2628 10
688 57 183 15 4284 4638 10
234 219 215 32 46 590 10
538 166 247 1 250 423 10
881 15 68 10 882 1660 10
605 231 203 20 204 448 10
385 235 33 30 5338 5478 10
