r1_10_8

VEHICLE
NUMBER  CAPACITY
250   200

CUSTOMER
CUST NO. XCOORD. YCOORD. DEMAND READY TIME DUE DATE SERVICE TIME

0  250  250   0   0  1925   0
751 268 288 26 0 1873 10
201 293 228 19 0 1867 10
89 356 256 19 0 1809 10
322 389 255 15 0 1776 10
827 386 225 13 0 1777 10
656 299 353 34 0 1801 10
706 289 220 19 0 1866 10
613 333 163 32 0 1795 10
967 359 287 24 0 1800 10
21 343 276 15 0 1819 10
790 267 290 15 0 1872 10
497 380 194 3 0 1774 10
686 355 174 33 0 1786 10
970 273 255 18 0 1892 10
728 368 311 14 0 1783 10
297 314 205 22 0 1837 10
695 306 235 25 0 1858 10
372 344 203 14 0 1810 10
286 361 178 5 0 1783 10
621 325 210 15 0 1830 10
132 331 356 13 0 1782 10
957 394 310 10 0 1759 10
787 363 225 35 0 1800 10
612 371 315 18 0 1778 10
108 350 199 21 0 1803 10
986 357 290 24 0 1801 10
626 270 337 20 0 1826 10
28 273 300 30 0 1860 10
319 374 260 27 0 1791 10
407 295 283 26 0 1860 10
852 346 354 8 0 1774 10
589 306 229 10 0 1856 10
93 366 288 29 0 1793 10
694 325 311 22 0 1819 10
743 285 247 13 0 1880 10
794 366 260 23 0 1799 10
712 318 280 21 0 1841 10
713 333 293 27 0 1822 10
278 297 283 28 0 1858 10
916 351 233 21 0 1813 10
116 386 245 16 0 1779 10
530 359 246 18 0 1806 10
485 360 294 9 0 1797 10
267 308 199 14 0 1838 10
862 381 328 12 0 1763 10
223 342 319 36 0 1800 10
994 408 318 15 0 1743 10
741 360 284 19 0 1800 10
142 322 290 23 0 1833 10
911 287 256 18 0 1878 10
772 348 348 23 0 1777 10
104 370 262 15 0 1795 10
894 347 192 18 0 1802 10
255 337 232 2 0 1827 10
881 297 304 4 0 1844 10
202 343 205 26 0 1812 10
204 385 285 13 0 1776 10
921 343 166 28 0 1790 10
218 311 203 15 0 1838 10
773 309 161 23 0 1809 10
14 266 221 9 0 1882 10
559 286 244 31 0 1879 10
849 398 329 17 0 1748 10
541 272 234 26 0 1888 10
618 284 319 17 0 1839 10
876 364 173 30 0 1778 10
