c1_10_8

VEHICLE
NUMBER  CAPACITY
250   200

CUSTOMER
CUST NO. XCOORD. YCOORD. DEMAND READY TIME DUE DATE SERVICE TIME

0  250  250   0   0  1824   0
475 126 30 10 411 643 90
127 122 35 10 250 471 90
675 107 26 10 437 660 90
842 105 22 30 273 452 90
50 108 26 10 340 575 90
190 111 23 10 266 439 90
708 132 57 20 294 545 90
460 131 56 10 406 615 90
822 105 27 10 509 772 90
235 125 29 30 499 738 90
351 125 39 20 245 509 90
382 124 56 20 231 537 90
852 132 55 10 510 694 90
682 125 32 30 298 570 90
784 130 57 40 227 459 90
