rc2_10_1

VEHICLE
NUMBER  CAPACITY
250   1000

CUSTOMER
CUST NO. XCOORD. YCOORD. DEMAND READY TIME DUE DATE SERVICE TIME

0  250  250   0   0  7284   0
866 319 124 20 712 832 10
767 315 121 10 812 932 10
933 317 123 20 761 881 10
870 299 98 30 667 787 10
720 303 78 12 660 780 10
264 323 118 20 643 763 10
235 326 118 10 591 711 10
709 313 126 10 973 1093 10
21 307 108 10 950 1070 10
762 305 107 20 901 1021 10
578 236 126 23 439 559 10
787 324 127 30 514 634 10
612 313 119 30 863 983 10
51 314 124 20 924 1044 10
326 297 102 10 609 729 10
636 304 102 30 787 907 10
325 304 97 20 727 847 10
533 300 108 10 542 662 10
540 253 118 19 2189 2309 10
565 262 92 25 2522 2642 10
796 271 128 12 1382 1502 10
391 263 153 12 1650 1770 10
884 307 102 40 839 959 10
490 324 99 10 1352 1472 10
