rc1_10_8

VEHICLE
NUMBER  CAPACITY
250   200

CUSTOMER
CUST NO. XCOORD. YCOORD. DEMAND READY TIME DUE DATE SERVICE TIME

0  250  250   0   0  1821   0
529 384 149 18 1181 1243 10
447 458 213 22 1064 1223 10
877 405 187 34 1215 1316 10
444 480 152 26 996 1077 10
192 350 199 21 1123 1309 10
136 463 253 23 988 1136 10
159 386 154 31 1047 1185 10
226 482 184 14 1048 1196 10
865 482 141 14 965 1086 10
604 441 177 23 950 1082 10
820 404 140 8 1209 1339 10
669 320 211 16 942 1073 10
611 466 149 16 1115 1288 10
648 498 171 12 1261 1281 10
207 426 231 24 992 1095 10
