c2_10_10

VEHICLE
NUMBER  CAPACITY
250   700

CUSTOMER
CUST NO. XCOORD. YCOORD. DEMAND READY TIME DUE DATE SERVICE TIME

0  250  250   0   0  3914   0
878 222 357 30 1157 2037 90
170 191 352 20 117 997 90
236 204 371 30 389 1269 90
890 208 371 20 295 1175 90
680 220 362 20 971 1851 90
511 207 337 20 445 1325 90
940 186 372 20 1325 2205 90
111 191 397 20 158 1038 90
282 222 356 20 1248 2128 90
428 213 363 30 874 1754 90
590 202 386 20 144 1024 90
28 205 343 20 542 1422 90
296 189 368 20 132 1012 90
783 200 342 10 637 1517 90
292 221 374 30 770 1650 90
23 209 358 30 1117 1997 90
900 216 374 30 675 1555 90
867 206 379 10 136 1016 90
513 206 377 20 199 1079 90
126 220 359 30 1064 1944 90
964 196 348 10 734 1614 90
542 214 372 10 583 1463 90
974 197 351 20 917 1797 90
794 210 359 10 1208 2088 90
769 194 353 20 1011 1891 90
836 197 350 30 826 1706 90
559 203 369 10 481 1361 90
