rc1_10_2

VEHICLE
NUMBER  CAPACITY
250   200

CUSTOMER
CUST NO. XCOORD. YCOORD. DEMAND READY TIME DUE DATE SERVICE TIME

0  250  250   0   0  1821   0
294 94 40 24 0 1550 10
596 95 92 20 0 1590 10
488 30 72 10 0 1529 10
462 43 135 31 0 1575 10
44 131 56 10 0 1584 10
423 149 98 4 0 1629 10
306 91 101 10 0 1594 10
418 24 68 20 0 1521 10
343 21 64 20 0 1516 10
827 125 39 20 0 1566 10
79 60 29 32 0 1520 10
574 57 43 15 0 1528 10
942 52 18 28 0 1506 10
212 132 30 20 0 1562 10
816 24 65 10 0 1519 10
310 133 26 10 0 1559 10
457 120 17 30 0 1545 10
99 38 15 3 0 1495 10
479 133 53 20 0 1582 10
506 60 5 18 0 1501 10
885 130 57 40 0 1584 10
748 44 115 24 0 1565 10
333 142 14 18 0 1552 10
555 102 6 3 0 1526 10
438 1 101 8 0 1521 10
