rc1_10_2

VEHICLE
NUMBER  CAPACITY
250   200

CUSTOMER
CUST NO. XCOORD. YCOORD. DEMAND READY TIME DUE DATE SERVICE TIME

0  250  250   0   0  1821   0
663 178 72 23 757 787 10
700 165 59 27 943 973 10
687 18 24 32 628 658 10
28 80 117 24 824 854 10
717 6 53 8 587 617 10
559 21 70 15 771 801 10
450 179 75 13 740 770 10
415 132 32 18 784 814 10
145 66 88 2 830 860 10
372 89 65 16 720 750 10
614 39 162 18 565 595 10
632 125 61 26 612 642 10
411 120 37 28 775 805 10
832 46 163 8 926 956 10
526 95 64 4 766 796 10
241 65 62 15 976 1006 10
