r1_10_2

VEHICLE
NUMBER  CAPACITY
250   200

CUSTOMER
CUST NO. XCOORD. YCOORD. DEMAND READY TIME DUE DATE SERVICE TIME

0  250  250   0   0  1925   0
462 166 440 12 207 217 10
432 225 488 28 646 656 10
946 176 470 14 557 567 10
670 149 458 13 0 1684 10
369 177 486 20 0 1668 10
439 152 476 45 533 543 10
57 130 494 6 769 779 10
619 195 464 20 0 1695 10
738 139 438 24 0 1697 10
308 154 392 9 171 181 10
545 207 487 4 699 709 10
50 132 477 25 337 347 10
249 167 488 17 260 270 10
992 195 386 13 146 156 10
80 132 479 11 257 267 10
539 167 445 7 0 1704 10
251 136 430 14 720 730 10
333 161 416 25 0 1727 10
395 185 431 15 397 407 10
476 141 426 23 541 551 10
203 182 480 31 0 1676 10
779 208 488 22 488 498 10
840 195 450 16 0 1708 10
293 163 472 9 663 673 10
905 215 434 9 0 1728 10
460 189 402 10 0 1752 10
484 185 434 9 0 1720 10
327 150 484 16 635 645 10
663 181 441 25 552 562 10
178 148 462 10 737 747 10
878 133 455 25 818 828 10
926 199 438 3 0 1721 10
352 222 499 7 855 865 10
875 164 473 26 306 316 10
