r1_10_3

VEHICLE
NUMBER  CAPACITY
250   200

CUSTOMER
CUST NO. XCOORD. YCOORD. DEMAND READY TIME DUE DATE SERVICE TIME

0  250  250   0   0  1925   0
412 244 422 14 548 558 10
261 259 498 33 1085 1095 10
293 163 472 9 663 673 10
567 230 487 20 1140 1150 10
457 283 438 3 241 251 10
897 247 443 17 340 350 10
352 222 499 7 855 865 10
192 272 420 7 1396 1406 10
700 226 423 15 207 217 10
663 181 441 25 552 562 10
946 176 470 14 557 567 10
272 278 450 29 1385 1395 10
436 179 497 1 1421 1431 10
425 245 461 8 659 669 10
548 268 458 24 533 543 10
249 167 488 17 260 270 10
440 277 428 7 500 510 10
901 213 399 18 244 254 10
875 164 473 26 306 316 10
470 196 489 23 1040 1050 10
161 263 418 25 288 298 10
