r2_10_3

VEHICLE
NUMBER  CAPACITY
250   1000

CUSTOMER
CUST NO. XCOORD. YCOORD. DEMAND READY TIME DUE DATE SERVICE TIME

0  250  250   0   0  7697   0
520 297 283 28 0 7630 10
19 307 249 10 0 7630 10
58 322 290 23 0 7605 10
542 330 281 14 0 7602 10
850 266 221 9 0 7654 10
898 265 240 9 21 123 10
921 291 251 20 129 200 10
852 359 287 24 0 7572 10
287 360 294 9 0 7569 10
519 374 260 27 0 7563 10
658 366 260 23 0 7571 10
576 306 229 10 0 7628 10
320 330 308 24 0 7589 10
739 289 220 19 0 7638 10
220 298 264 36 147 253 10
371 356 256 19 0 7581 10
594 365 274 14 395 545 10
289 325 210 15 0 7602 10
116 280 245 21 0 7657 10
6 273 255 18 0 7664 10
950 274 261 20 0 7661 10
704 306 235 25 172 291 10
582 320 211 16 0 7607 10
803 293 228 19 133 253 10
390 285 247 13 0 7652 10
73 343 276 15 321 451 10
917 357 290 24 0 7573 10
624 301 239 31 169 248 10
454 318 280 21 254 340 10
4 340 291 22 1893 1991 10
772 366 288 29 0 7565 10
993 287 256 18 61 239 10
