c2_10_6

VEHICLE
NUMBER   CAPACITY
250     700

CUSTOMER
CUST NO. XCOORD.  YCOORD.  DEMAND  READY TIME DUE DATE  SERVICE TIME

0   250    250     0     0    3914     0
2 266 231 40 1815 2218 90
756 380 228 30 925 1508 90
356 314 279 10 113 586 90
529 315 232 10 2580 3086 90
128 317 235 20 2414 2886 90
276 379 245 10 2626 3080 90
267 379 208 10 656 1173 90
84 317 234 10 2372 2746 90
328 316 234 10 2544 2938 90
686 293 245 10 3298 3722 90
153 272 228 10 1895 2330 90
163 383 246 20 2627 3268 90
602 281 279 20 592 996 90
573 325 251 20 1241 1769 90
174 323 229 10 1560 2036 90
570 389 221 10 1240 1583 90
690 289 240 20 762 1276 90
844 307 227 30 2688 3178 90
819 377 246 20 2890 3379 90
967 313 263 20 320 772 90
830 254 238 30 2376 3076 90
560 296 232 10 1109 1586 90
543 379 229 10 862 1389 90
349 384 235 20 2449 3055 90
745 371 207 10 128 642 90
934 382 245 20 2811 3266 90
213 394 205 10 274 776 90
743 317 251 30 792 1248 90
813 382 213 20 1598 1992 90
533 278 230 10 1218 1874 90
119 259 243 20 11 505 90
739 319 257 20 527 944 90
723 388 228 10 1091 1538 90
662 384 206 20 562 1077 90
634 320 231 20 2214 2714 90
976 297 250 30 2978 3777 90
921 272 246 10 22 606 90
402 385 235 10 2402 2920 90
709 273 234 10 1430 2041 90
527 274 231 30 1841 2572 90
503 250 217 40 2435 2794 90
36 280 224 10 2049 2562 90
271 296 253 10 724 1105 90
942 293 249 10 43 505 90
19 302 235 20 902 1344 90
674 266 264 30 421 945 90
615 265 218 20 2284 2735 90
445 283 248 30 33 376 90
639 316 254 20 558 1102 90
902 308 232 30 2788 3267 90
717 387 224 30 1369 1825 90
487 388 220 20 1277 1729 90
748 275 236 20 1357 1929 90
98 255 245 10 7 329 90
778 320 225 20 1879 2309 90
581 392 213 20 1900 2445 90
69 386 218 20 1785 2177 90
980 386 213 20 1685 2467 90
387 274 248 20 154 626 90
325 323 258 10 1160 1657 90
321 384 217 20 1615 2163 90
660 331 252 10 1008 1420 90
368 328 216 10 1756 2228 90
430 330 259 30 974 1648 90
591 325 246 10 1280 1921 90
637 245 239 20 2758 3269 90
646 389 233 20 2350 2783 90
330 321 228 30 2046 2514 90
603 326 241 20 1472 1919 90
280 272 243 30 23 642 90
482 319 229 10 2126 2618 90
675 308 235 10 2928 3502 90
136 380 223 10 1483 1906 90
798 312 252 20 690 1159 90
478 249 251 20 2933 3298 90
654 373 205 40 130 708 90
901 326 253 10 820 1417 90
336 268 235 10 1648 2195 90
724 325 228 20 1647 2134 90
733 298 255 10 48 724 90
64 382 197 20 520 921 90
729 389 198 20 349 898 90
645 354 219 10 3198 3712 90
633 272 233 10 1602 2053 90
946 368 219 20 793 1248 90
975 305 233 20 2899 3342 90
389 346 211 10 103 432 90
823 313 266 20 258 647 90
767 266 250 10 321 657 90
215 253 241 20 2646 3184 90
249 305 212 20 991 1480 90
318 267 260 20 385 793 90
384 363 212 30 3103 3605 90
579 283 229 30 1218 1684 90
68 272 212 20 2098 2723 90
324 253 244 20 2501 3142 90
56 321 224 30 1924 2447 90
793 367 239 20 2983 3490 90
417 320 258 20 394 894 90
423 366 196 10 127 631 90
486 301 247 10 3059 3578 90
