rc1_10_6

VEHICLE
NUMBER   CAPACITY
250     200

CUSTOMER
CUST NO. XCOORD.  YCOORD.  DEMAND  READY TIME DUE DATE  SERVICE TIME

0   250    250     0     0    1821     0
452 397 18 10 277 337 10
455 407 88 10 309 369 10
429 306 42 11 462 522 10
205 391 112 24 985 1045 10
196 436 25 19 1267 1327 10
22 347 54 10 280 340 10
322 364 71 5 1333 1393 10
132 472 57 17 1280 1340 10
638 408 84 10 269 329 10
490 324 99 10 323 383 10
454 488 3 3 386 446 10
856 433 15 20 297 357 10
849 275 42 30 223 283 10
836 240 34 28 1535 1595 10
267 406 96 20 219 279 10
652 251 63 14 972 1032 10
736 399 104 10 275 335 10
969 489 17 10 365 425 10
96 371 71 21 272 332 10
380 432 2 20 452 512 10
209 265 0 10 881 941 10
502 330 138 18 1095 1155 10
870 299 98 30 159 219 10
175 343 49 10 250 310 10
676 335 57 30 210 270 10
673 432 66 30 1056 1116 10
797 275 45 20 210 270 10
121 459 53 20 1107 1167 10
167 459 10 10 320 380 10
198 389 17 10 351 411 10
558 282 1 18 1027 1087 10
751 342 54 20 235 295 10
122 491 25 10 394 454 10
721 344 62 10 331 391 10
568 277 50 10 201 261 10
570 344 70 24 1131 1191 10
844 398 23 10 270 330 10
819 347 62 10 318 378 10
118 268 52 10 291 351 10
103 382 110 24 1097 1157 10
636 304 102 30 182 242 10
172 385 17 40 794 854 10
953 492 34 5 796 856 10
400 330 147 28 833 893 10
982 337 41 8 987 1047 10
195 481 20 20 332 392 10
533 300 108 10 150 210 10
810 269 46 20 254 314 10
557 297 131 25 1150 1210 10
57 389 11 20 308 368 10
709 313 126 10 228 288 10
183 464 13 20 370 430 10
769 331 134 11 1109 1169 10
616 437 15 30 340 400 10
441 253 50 27 211 271 10
320 476 61 36 434 494 10
866 319 124 20 163 223 10
239 403 93 10 326 386 10
21 307 108 10 222 282 10
553 346 57 20 293 353 10
674 374 116 9 572 632 10
371 323 29 7 1122 1182 10
546 437 19 15 999 1059 10
445 404 83 30 283 343 10
781 341 72 9 790 850 10
288 483 27 20 443 503 10
456 459 14 20 315 375 10
263 485 27 10 431 491 10
941 343 47 20 262 322 10
282 391 18 10 363 423 10
129 325 56 13 781 841 10
804 415 95 15 1162 1222 10
701 461 8 20 354 414 10
643 352 63 6 1163 1223 10
933 317 123 20 175 235 10
69 325 147 14 1172 1232 10
325 304 97 20 167 227 10
321 406 94 10 220 280 10
997 335 99 25 1203 1263 10
521 399 106 20 287 347 10
720 303 78 12 179 239 10
23 406 87 10 298 358 10
809 435 11 40 302 362 10
852 267 44 20 241 301 10
41 439 15 20 328 388 10
732 340 54 10 223 283 10
435 257 57 18 1211 1271 10
364 398 20 20 273 333 10
646 351 5 12 481 541 10
699 269 48 20 266 326 10
264 323 118 20 150 210 10
470 341 59 27 775 835 10
903 399 102 20 252 312 10
165 437 12 20 315 375 10
787 324 127 30 143 203 10
908 365 28 9 253 313 10
708 491 20 20 379 439 10
112 429 67 16 717 777 10
528 273 55 20 196 256 10
403 335 46 18 1327 1387 10
242 460 13 20 316 376 10
278 435 16 10 352 412 10
846 386 13 10 322 382 10
873 459 17 20 396 456 10
841 404 103 20 227 287 10
884 307 102 40 195 255 10
287 346 60 10 306 366 10
377 397 20 20 272 332 10
654 281 96 1 1111 1171 10
926 351 128 15 1238 1298 10
564 292 32 14 222 282 10
274 394 23 20 389 449 10
365 481 26 30 321 381 10
661 441 60 21 1444 1504 10
1000 341 58 10 212 272 10
259 253 74 20 1335 1395 10
901 394 47 5 298 358 10
336 441 7 20 377 437 10
750 239 15 2 589 649 10
235 326 118 10 152 212 10
20 409 90 20 243 303 10
131 418 75 11 433 493 10
861 409 88 20 255 315 10
171 398 97 10 212 272 10
474 339 60 20 209 269 10
236 365 74 24 833 893 10
829 460 2 20 338 398 10
965 489 27 10 406 466 10
729 435 20 20 366 426 10
682 440 7 20 308 368 10
169 274 48 10 203 263 10
232 390 34 7 1045 1105 10
767 315 121 10 188 248 10
223 393 20 20 376 436 10
762 305 107 20 210 270 10
337 462 14 20 382 442 10
998 485 24 20 326 386 10
110 483 14 10 348 408 10
16 451 62 5 275 335 10
824 411 95 30 228 288 10
814 391 99 20 206 266 10
142 343 62 10 342 402 10
670 400 103 10 241 301 10
612 313 119 30 201 261 10
726 397 57 17 1461 1521 10
42 307 52 23 905 965 10
981 270 49 30 277 337 10
667 295 89 23 727 787 10
579 406 99 20 217 277 10
504 483 22 10 325 385 10
620 376 92 10 976 1036 10
231 458 16 20 313 373 10
326 297 102 10 155 215 10
108 488 26 30 418 478 10
51 314 124 20 216 276 10
180 398 103 30 263 323 10
952 384 16 20 336 396 10
565 262 92 25 615 675 10
48 323 77 36 1390 1450 10
990 393 12 10 294 354 10
385 235 33 30 1322 1382 10
523 407 98 10 218 278 10
