rc1_10_6

VEHICLE
NUMBER   CAPACITY
250     200

CUSTOMER
CUST NO. XCOORD.  YCOORD.  DEMAND  READY TIME DUE DATE  SERVICE TIME

0   250    250     0     0    1821     0
753 199 187 20 112 172 10
451 228 287 21 43 103 10
161 192 265 10 109 169 10
578 236 126 23 124 184 10
647 197 267 10 94 154 10
94 269 112 19 1248 1308 10
59 246 255 10 98 158 10
388 177 156 25 152 212 10
293 225 196 10 59 119 10
252 234 246 10 50 110 10
864 213 185 21 74 134 10
437 221 291 9 50 110 10
760 228 199 10 119 179 10
500 204 185 20 148 208 10
735 228 260 12 1591 1651 10
5 230 197 40 107 167 10
686 241 205 30 103 163 10
153 212 186 11 1677 1737 10
317 241 180 13 1680 1740 10
407 214 245 8 36 96 10
765 273 149 14 1488 1548 10
270 178 135 21 1499 1559 10
484 195 273 22 59 119 10
344 238 210 30 119 179 10
115 264 180 33 1666 1726 10
124 210 185 20 76 136 10
272 236 213 20 39 99 10
53 226 175 23 1673 1733 10
65 200 261 10 151 211 10
291 291 213 23 1243 1303 10
715 233 87 18 238 298 10
967 197 270 30 81 141 10
695 234 202 10 65 125 10
349 200 270 20 53 113 10
67 299 285 3 1239 1299 10
531 308 199 14 1493 1553 10
101 237 254 20 68 128 10
540 253 118 19 532 592 10
859 237 213 10 132 192 10
166 186 135 24 703 763 10
659 244 254 20 85 145 10
477 265 240 9 18 78 10
959 206 186 10 173 233 10
314 208 184 20 78 138 10
275 306 235 25 57 117 10
976 198 271 20 69 129 10
527 306 229 10 1305 1365 10
176 248 251 20 2 62 10
744 215 282 21 1425 1485 10
269 307 249 10 1362 1422 10
584 173 182 25 102 162 10
872 199 203 20 1442 1502 10
6 175 239 23 75 135 10
476 176 199 28 89 149 10
427 225 269 30 1256 1316 10
149 249 258 30 112 172 10
871 240 250 10 22 82 10
754 201 188 10 124 184 10
961 204 187 30 160 220 10
779 243 248 30 9 69 10
374 200 265 10 137 197 10
796 271 128 12 331 391 10
391 263 153 12 397 457 10
660 233 207 10 46 106 10
453 238 204 20 90 150 10
420 209 212 18 1513 1573 10
346 200 178 20 87 147 10
93 273 300 30 55 115 10
244 211 248 26 39 99 10
590 244 277 18 1286 1346 10
795 274 261 20 1692 1752 10
580 303 186 10 1339 1399 10
911 214 274 24 1354 1414 10
727 293 228 19 48 108 10
54 242 106 28 1253 1313 10
607 231 204 20 135 195 10
173 180 283 23 729 789 10
944 195 185 20 97 157 10
706 224 192 10 63 123 10
868 198 264 20 125 185 10
929 247 219 17 31 91 10
386 233 204 20 49 109 10
501 226 191 20 78 138 10
922 210 276 5 47 107 10
261 238 203 10 79 139 10
296 297 283 28 1334 1394 10
610 206 261 10 167 227 10
763 231 195 20 94 154 10
991 236 247 20 37 97 10
248 224 191 20 66 126 10
633 238 123 24 766 826 10
698 179 286 8 326 386 10
230 244 250 10 6 66 10
464 199 268 20 56 116 10
547 201 278 13 56 116 10
757 272 234 26 1575 1635 10
808 202 186 20 136 196 10
126 201 270 10 52 112 10
158 188 151 7 1282 1342 10
384 295 247 12 1288 1348 10
714 217 207 26 1367 1427 10
669 320 211 16 978 1038 10
838 204 269 30 49 109 10
396 203 211 20 1291 1351 10
214 286 244 31 1269 1329 10
406 267 162 6 1434 1494 10
790 314 205 22 1512 1572 10
793 245 251 10 5 65 10
206 224 203 20 53 113 10
234 219 215 32 46 106 10
538 166 247 1 84 144 10
605 231 203 20 52 112 10
