rc2_10_10

VEHICLE
NUMBER  CAPACITY
250   1000

CUSTOMER
CUST NO. XCOORD. YCOORD. DEMAND READY TIME DUE DATE SERVICE TIME

0  250  250   0   0  7284   0
810 269 46 20 834 1434 10
852 267 44 20 783 1383 10
565 262 92 25 2282 2882 10
699 269 48 20 882 1482 10
441 253 50 27 663 1263 10
528 273 55 20 485 1085 10
190 187 73 18 928 1528 10
750 239 15 2 2175 2775 10
543 168 59 6 1224 1824 10
429 306 42 11 1667 2267 10
169 274 48 10 605 1205 10
981 270 49 30 928 1528 10
849 275 42 30 710 1310 10
715 233 87 18 770 1370 10
568 277 50 10 551 1151 10
564 292 32 14 677 1277 10
118 268 52 10 982 1582 10
797 275 45 20 658 1258 10
