rc2_10_10

VEHICLE
NUMBER  CAPACITY
250   1000

CUSTOMER
CUST NO. XCOORD. YCOORD. DEMAND READY TIME DUE DATE SERVICE TIME

0  250  250   0   0  7284   0
413 210 29 13 3963 4563 10
700 165 59 27 3531 4131 10
209 265 0 10 3344 3944 10
186 231 29 14 4665 5265 10
723 200 78 31 3731 4331 10
42 307 52 23 3442 4042 10
259 253 74 20 5160 5760 10
54 242 106 28 4834 5434 10
385 235 33 30 5108 5708 10
450 179 75 13 2720 3320 10
663 178 72 23 2787 3387 10
994 209 68 27 6032 6632 10
652 251 63 14 3710 4310 10
558 282 1 18 3930 4530 10
730 195 111 15 3752 4352 10
940 224 56 13 4506 5106 10
435 257 57 18 4664 5264 10
836 240 34 28 5998 6598 10
