rc1_10_1

VEHICLE
NUMBER  CAPACITY
250   200

CUSTOMER
CUST NO. XCOORD. YCOORD. DEMAND READY TIME DUE DATE SERVICE TIME

0  250  250   0   0  1821   0
636 304 102 30 197 227 10
21 307 108 10 237 267 10
564 292 32 14 229 259 10
169 274 48 10 211 241 10
810 269 46 20 269 299 10
699 269 48 20 281 311 10
715 233 87 18 253 283 10
540 253 118 19 547 577 10
528 273 55 20 196 226 10
325 304 97 20 182 212 10
750 239 15 2 604 634 10
326 297 102 10 155 185 10
441 253 50 27 226 256 10
118 268 52 10 306 336 10
981 270 49 30 292 322 10
568 277 50 10 201 231 10
533 300 108 10 150 180 10
796 271 128 12 346 376 10
565 262 92 25 630 660 10
884 307 102 40 210 240 10
852 267 44 20 256 286 10
429 306 42 11 477 507 10
762 305 107 20 225 255 10
849 275 42 30 238 268 10
870 299 98 30 167 197 10
797 275 45 20 225 255 10
720 303 78 12 179 209 10
490 324 99 10 338 368 10
