rc1_10_1

VEHICLE
NUMBER  CAPACITY
250   200

CUSTOMER
CUST NO. XCOORD. YCOORD. DEMAND READY TIME DUE DATE SERVICE TIME

0  250  250   0   0  1821   0
836 240 34 28 1560 1590 10
435 257 57 18 1226 1256 10
259 253 74 20 1350 1380 10
186 231 29 14 1226 1256 10
94 269 112 19 1263 1293 10
723 200 78 31 993 1023 10
558 282 1 18 1042 1072 10
633 238 123 24 781 811 10
371 323 29 7 1137 1167 10
413 210 29 13 1051 1081 10
994 209 68 27 1568 1598 10
48 323 77 36 1405 1435 10
940 224 56 13 1186 1216 10
385 235 33 30 1337 1367 10
654 281 96 1 1126 1156 10
42 307 52 23 920 950 10
129 325 56 13 796 826 10
209 265 0 10 896 926 10
667 295 89 23 742 772 10
54 242 106 28 1268 1298 10
652 251 63 14 987 1017 10
