c2_10_7

VEHICLE
NUMBER  CAPACITY
250   700

CUSTOMER
CUST NO. XCOORD. YCOORD. DEMAND READY TIME DUE DATE SERVICE TIME

0  250  250   0   0  3914   0
186 39 296 20 1600 2526 90
290 132 273 10 2103 2464 90
544 91 298 10 1598 2587 90
548 138 276 10 1485 2505 90
737 23 306 20 1723 2801 90
880 127 278 10 1723 2650 90
595 77 287 10 1449 2521 90
866 132 272 30 2026 2722 90
568 16 285 30 2298 2845 90
950 5 296 10 2283 2650 90
938 37 295 20 1460 2482 90
39 17 283 20 2193 3134 90
564 67 302 30 2257 2889 90
928 29 302 20 1949 2382 90
440 83 301 20 2148 2606 90
795 133 278 10 1718 2463 90
22 19 297 20 2188 2536 90
272 73 303 10 2036 2919 90
100 85 317 30 2133 3241 90
828 91 303 20 1946 2612 90
161 90 298 10 1967 2401 90
