r1_10_1

VEHICLE
NUMBER  CAPACITY
250   200

CUSTOMER
CUST NO. XCOORD. YCOORD. DEMAND READY TIME DUE DATE SERVICE TIME

0  250  250   0   0  1925   0
291 352 63 6 1188 1198 10
823 364 71 5 1358 1368 10
785 295 89 23 752 762 10
576 341 59 27 800 810 10
494 376 92 10 1001 1011 10
332 307 52 23 930 940 10
580 323 34 13 1325 1335 10
90 335 99 25 1228 1238 10
344 349 76 15 1041 1051 10
653 323 29 7 1147 1157 10
465 335 46 18 1352 1362 10
564 343 34 7 735 745 10
766 365 74 24 858 868 10
689 337 41 8 1012 1022 10
864 344 70 24 1156 1166 10
153 367 97 17 998 1008 10
360 341 72 9 815 825 10
271 372 39 10 734 744 10
546 332 5 14 1043 1053 10
646 318 99 35 1223 1233 10
889 323 77 36 1415 1425 10
542 325 56 13 806 816 10
968 309 29 11 1304 1314 10
