r1_10_5

VEHICLE
NUMBER  CAPACITY
250   200

CUSTOMER
CUST NO. XCOORD. YCOORD. DEMAND READY TIME DUE DATE SERVICE TIME

0  250  250   0   0  1925   0
710 261 359 10 109 139 10
901 213 399 18 234 264 10
395 185 431 15 387 417 10
77 225 369 38 121 151 10
897 247 443 17 330 360 10
700 226 423 15 197 227 10
908 256 441 34 191 221 10
358 313 391 5 154 184 10
856 243 402 13 405 435 10
799 279 355 9 166 196 10
992 195 386 13 146 176 10
744 248 386 22 378 408 10
161 263 418 25 278 308 10
306 286 356 30 111 141 10
203 182 480 31 365 395 10
249 167 488 17 252 282 10
374 307 412 8 404 434 10
817 246 407 12 312 342 10
875 164 473 26 296 326 10
669 288 439 16 273 303 10
457 283 438 3 231 261 10
757 255 487 19 398 428 10
462 166 440 12 207 237 10
581 244 368 25 414 444 10
96 262 369 15 129 159 10
905 215 434 9 193 223 10
