r2_10_10

VEHICLE
NUMBER   CAPACITY
250     1000

CUSTOMER
CUST NO. XCOORD.  YCOORD.  DEMAND  READY TIME DUE DATE  SERVICE TIME

0   250    250     0     0    7697     0
148 459 53 20 4296 4801 10
773 415 207 18 3423 3896 10
753 332 5 14 3911 4472 10
429 372 115 13 1229 1801 10
15 437 90 12 2115 2684 10
467 325 147 14 4576 5038 10
913 257 133 19 3306 3712 10
216 292 136 28 2926 3438 10
2 325 56 13 3028 3463 10
227 390 249 21 2161 2613 10
319 429 59 9 1681 2109 10
444 442 153 29 4574 5055 10
229 359 246 18 5517 5986 10
404 385 239 21 2915 3489 10
356 426 231 24 3992 4356 10
993 287 256 18 37 474 10
348 267 162 6 5682 6031 10
800 392 1 11 2304 2657 10
94 375 145 12 3489 4066 10
559 475 198 20 3113 3689 10
856 404 59 13 3503 3920 10
31 361 178 5 3733 4167 10
742 485 104 21 2973 3503 10
828 292 104 26 1033 1518 10
652 337 232 2 6052 6632 10
969 405 187 34 4851 5274 10
424 480 131 5 2517 3104 10
632 351 148 30 1626 2183 10
502 306 42 11 1780 2153 10
870 308 199 14 5818 6368 10
676 492 34 5 3026 3579 10
500 451 62 5 975 1403 10
537 456 157 20 5617 6143 10
35 461 195 26 5408 5873 10
268 404 207 6 3452 3952 10
673 394 47 5 1089 1535 10
683 257 57 18 4748 5179 10
153 495 227 20 1212 1660 10
369 386 154 31 4221 4706 10
684 428 202 24 3458 3893 10
416 432 66 30 4113 4577 10
797 371 163 21 3122 3621 10
792 372 97 13 625 1204 10
75 452 110 14 1187 1656 10
589 333 163 32 4774 5267 10
167 343 205 26 2847 3412 10
344 441 60 21 5629 6161 10
178 466 149 16 4575 5033 10
361 330 138 18 4241 4756 10
299 269 112 19 4812 5409 10
157 327 139 13 4858 5320 10
751 482 184 14 4217 4758 10
457 385 58 24 1471 1888 10
65 466 96 22 5385 5800 10
568 365 190 22 5694 6245 10
363 397 153 29 3379 3800 10
422 282 1 18 4003 4457 10
630 450 45 24 1850 2298 10
690 351 128 15 4837 5308 10
844 352 63 6 4539 5007 10
695 323 77 36 5451 5909 10
923 383 17 15 3596 4047 10
830 321 149 18 5472 6045 10
447 323 34 13 5098 5540 10
574 341 72 9 3042 3517 10
488 476 61 36 1610 2099 10
40 365 74 24 3230 3677 10
693 447 184 27 1490 2025 10
770 439 156 2 1819 2507 10
67 303 78 12 488 951 10
636 497 18 10 4331 4830 10
531 343 34 7 2731 3187 10
289 325 210 15 3542 4045 10
540 323 29 7 4347 4873 10
534 367 97 17 3786 4237 10
412 363 34 19 938 1361 10
119 420 80 24 4205 4689 10
847 382 9 30 884 1411 10
898 265 240 9 18 520 10
659 497 54 14 3712 4233 10
739 289 220 19 49 548 10
32 261 138 1 2279 2788 10
631 351 5 12 1836 2252 10
29 309 161 23 2160 2627 10
219 415 253 21 1280 1773 10
825 409 155 19 438 1044 10
761 399 175 13 2775 3320 10
921 291 251 20 41 469 10
442 311 203 15 2666 3235 10
402 267 174 34 6296 6770 10
586 432 199 7 2347 2881 10
769 371 71 21 974 1440 10
576 306 229 10 5108 5575 10
152 380 194 3 2684 3145 10
441 489 159 29 5528 6013 10
877 493 111 26 1977 2472 10
503 247 219 17 31 469 10
623 386 225 13 3484 3985 10
81 398 49 21 2953 3501 10
744 389 255 15 2909 3492 10
942 347 184 15 4132 4618 10
91 392 95 16 2866 3384 10
19 307 249 10 5329 5803 10
340 438 127 2 3617 4031 10
254 363 225 35 3249 3718 10
425 429 67 16 2748 3229 10
26 440 77 14 3453 3971 10
371 356 256 19 214 635 10
546 273 70 36 2304 2771 10
63 436 25 19 4963 5415 10
834 452 172 9 2262 2723 10
432 288 70 24 521 1032 10
6 273 255 18 5782 6275 10
3 290 145 5 4953 5419 10
14 376 92 10 3794 4251 10
639 391 202 14 385 806 10
692 273 149 14 5728 6414 10
427 281 96 1 4296 4831 10
749 458 213 22 4360 4786 10
717 481 84 17 1875 2289 10
871 423 221 9 884 1303 10
98 407 35 11 4968 5459 10
643 429 169 8 3390 3952 10
449 292 32 14 755 1199 10
779 347 192 18 5738 6287 10
894 441 100 31 3312 3796 10
370 335 99 25 4699 5168 10
409 376 113 8 1895 2339 10
308 435 180 37 660 1256 10
987 253 118 19 1994 2505 10
347 420 224 10 1509 2042 10
25 415 118 19 650 1202 10
515 344 70 24 4385 4901 10
704 306 235 25 57 454 10
624 301 239 31 52 582 10
862 404 140 8 4825 5364 10
78 498 171 12 4856 5316 10
720 441 177 23 3808 4322 10
367 389 156 27 2704 3141 10
430 396 83 15 6210 6602 10
776 442 5 16 1122 1561 10
256 351 60 15 582 1220 10
809 374 232 33 241 762 10
622 390 120 24 3822 4332 10
637 437 98 16 4224 4806 10
97 454 201 16 5063 5497 10
217 426 38 23 2236 2753 10
650 309 29 11 4968 5504 10
428 495 199 25 1231 1583 10
886 470 138 16 5324 5912 10
885 450 194 27 2318 2799 10
582 320 211 16 3781 4279 10
79 492 188 33 2660 3183 10
145 293 174 31 165 534 10
850 266 221 9 33 561 10
188 385 17 40 3089 3501 10
783 438 5 18 1996 2517 10
311 384 149 18 4544 5153 10
590 364 71 5 5190 5718 10
74 488 173 25 4623 5178 10
508 352 241 5 2999 3459 10
903 307 52 23 3467 4017 10
165 248 176 32 5414 5918 10
580 272 234 26 6200 6643 10
949 331 134 11 4317 4793 10
390 285 247 13 4952 5367 10
373 412 100 1 1944 2283 10
820 365 28 9 885 1381 10
603 303 186 10 5177 5776 10
908 480 136 22 788 1266 10
475 295 89 23 2786 3269 10
651 397 57 17 5689 6238 10
708 495 83 32 1555 2091 10
528 339 113 14 2795 3410 10
450 418 75 11 1545 2159 10
598 324 99 10 1139 1684 10
100 264 180 33 6521 7044 10
738 263 153 12 1446 1973 10
679 291 213 23 4815 5366 10
191 251 238 27 12 486 10
675 339 144 13 4247 4665 10
136 330 147 28 3250 3658 10
379 440 201 29 3386 3874 10
798 398 210 31 390 837 10
92 460 117 14 1928 2351 10
27 261 201 15 5895 6337 10
512 364 173 30 521 1040 10
478 388 44 22 4374 4793 10
55 317 45 8 2484 2902 10
884 417 212 12 3553 3848 10
926 350 199 21 4662 5070 10
274 488 3 3 1395 1929 10
365 354 156 20 3152 3627 10
661 437 19 15 3917 4314 10
11 436 123 40 665 1136 10
233 343 166 28 3282 3845 10
900 382 110 24 4260 4759 10
259 463 253 23 4006 4491 10
357 432 2 20 1656 2197 10
298 372 39 10 2714 3194 10
724 390 34 7 4015 4588 10
642 449 190 2 4432 4807 10
519 374 260 27 6964 7355 10
733 418 251 21 4607 5087 10
829 443 167 17 2015 2450 10
248 439 222 22 3765 4192 10
64 393 98 13 2801 3339 10
965 318 99 35 4662 5161 10
645 282 10 30 4885 5328 10
185 365 119 30 1342 1832 10
975 461 182 13 2291 2861 10
127 297 131 25 4494 4949 10
297 337 41 8 3816 4322 10
230 314 205 22 5894 6440 10
83 276 84 20 2540 3030 10
223 480 152 26 3902 4390 10
552 481 207 34 3142 3827 10
794 423 170 27 1907 2317 10
215 389 43 21 1398 1887 10
998 439 237 11 3557 4071 10
853 482 104 19 3050 3529 10
50 295 247 12 5070 5478 10
694 386 245 16 1718 2233 10
116 280 245 21 30 420 10
718 271 128 12 1193 1692 10
224 262 97 17 3651 4046 10
245 415 95 15 4488 5046 10
685 355 174 33 2674 3169 10
102 500 228 8 2948 3427 10
839 286 244 31 4933 5459 10
105 461 186 16 5874 6344 10
612 341 59 27 3010 3429 10
496 488 96 22 4112 4537 10
342 494 165 19 2277 2678 10
888 248 214 19 5720 6234 10
719 484 224 7 1009 1507 10
658 366 260 23 5872 6409 10
410 409 255 23 5871 6428 10
669 455 168 21 3350 3705 10
838 400 71 17 5305 5792 10
262 452 206 31 1774 2283 10
396 456 113 17 4691 5246 10
948 471 94 30 3841 4270 10
878 392 87 23 4485 5096 10
443 480 119 7 2342 2806 10
68 374 116 9 2124 2694 10
620 472 57 17 4984 5495 10
571 349 43 26 637 1199 10
324 335 46 18 5203 5651 10
408 401 164 13 2334 2756 10
803 293 228 19 48 559 10
928 472 248 11 3159 3636 10
793 344 203 14 475 984 10
206 413 127 28 3136 3630 10
950 274 261 20 6653 7122 10
423 268 113 21 2580 2977 10
597 345 146 27 5598 6033 10
952 349 76 15 3991 4374 10
486 265 0 10 3410 3879 10
990 391 112 24 3837 4285 10
234 482 141 14 3907 4299 10
538 441 7 20 1364 1888 10
881 351 233 21 5493 6010 10
605 264 135 1 3373 3782 10
378 339 41 6 1623 2142 10
523 262 92 25 2359 2804 10
