rc1_10_1

VEHICLE
NUMBER  CAPACITY
250   200

CUSTOMER
CUST NO. XCOORD. YCOORD. DEMAND READY TIME DUE DATE SERVICE TIME

0  250  250   0   0  1821   0
282 391 18 10 378 408 10
474 339 60 20 211 241 10
274 394 23 20 404 434 10
553 346 57 20 308 338 10
175 343 49 10 265 295 10
990 393 12 10 309 339 10
732 340 54 10 238 268 10
846 386 13 10 337 367 10
287 346 60 10 321 351 10
819 347 62 10 333 363 10
57 389 11 20 323 353 10
1000 341 58 10 224 254 10
452 397 18 10 292 322 10
646 351 5 12 496 526 10
377 397 20 20 280 310 10
901 394 47 5 313 343 10
223 393 20 20 391 421 10
364 398 20 20 273 303 10
22 347 54 10 295 325 10
952 384 16 20 351 381 10
198 389 17 10 366 396 10
96 371 71 21 287 317 10
751 342 54 20 250 280 10
721 344 62 10 346 376 10
142 343 62 10 357 387 10
941 343 47 20 277 307 10
908 365 28 9 268 298 10
844 398 23 10 270 300 10
676 335 57 30 210 240 10
