r2_10_6

VEHICLE
NUMBER  CAPACITY
250   1000

CUSTOMER
CUST NO. XCOORD. YCOORD. DEMAND READY TIME DUE DATE SERVICE TIME

0  250  250   0   0  7697   0
557 214 274 24 5416 5656 10
547 214 245 8 0 7651 10
338 224 320 36 5075 5315 10
487 268 288 26 5008 5248 10
411 228 260 12 6362 6602 10
896 244 277 18 5145 5385 10
323 217 333 26 0 7598 10
179 221 269 14 5002 5242 10
912 215 282 21 5702 5942 10
452 225 269 30 5023 5263 10
181 284 319 17 3207 3447 10
303 230 320 8 4708 4948 10
184 218 271 16 6235 6475 10
170 250 328 24 0 7609 10
281 217 357 23 0 7576 10
539 270 337 20 7071 7311 10
87 246 314 36 5721 5961 10
848 229 322 11 6581 6821 10
210 216 341 19 0 7590 10
294 213 283 14 5824 6064 10
95 240 255 33 6384 6624 10
