c2_10_9

VEHICLE
NUMBER   CAPACITY
250     700

CUSTOMER
CUST NO. XCOORD.  YCOORD.  DEMAND  READY TIME DUE DATE  SERVICE TIME

0   250    250     0     0    3914     0
753 69 475 30 757 1781 90
10 79 479 30 645 1510 90
760 67 463 30 570 757 90
225 94 456 20 2361 3566 90
703 54 485 30 1693 2014 90
822 57 456 20 282 724 90
160 95 475 20 2315 3551 90
664 59 471 20 1311 1817 90
659 61 437 20 265 1330 90
892 78 479 30 671 1666 90
45 95 466 10 2901 3307 90
877 63 454 10 276 915 90
288 52 484 10 1378 2145 90
263 70 482 20 1801 3061 90
608 87 454 40 709 1215 90
181 76 456 30 622 1099 90
137 71 453 20 550 979 90
217 64 473 10 822 1907 90
145 77 483 20 2433 2805 90
125 67 485 40 1567 2926 90
799 69 485 10 2300 2377 90
235 85 486 30 2338 3097 90
83 66 491 20 1700 2600 90
232 69 493 20 1532 2582 90
762 59 480 10 1302 2024 90
207 94 479 20 2889 2932 90
956 87 481 10 2105 3522 90
972 60 497 10 1698 2215 90
226 73 484 20 2419 2632 90
707 52 469 20 1105 1829 90
801 54 446 20 343 391 90
