r2_10_4

VEHICLE
NUMBER   CAPACITY
250     1000

CUSTOMER
CUST NO. XCOORD.  YCOORD.  DEMAND  READY TIME DUE DATE  SERVICE TIME

0   250    250     0     0    7697     0
303 230 320 8 4770 4887 10
957 248 386 22 0 7551 10
132 170 347 15 0 7562 10
849 279 355 9 0 7579 10
307 235 316 2 2616 2751 10
703 195 386 13 0 7541 10
286 267 374 23 0 7562 10
281 217 357 23 0 7576 10
250 299 353 34 0 7573 10
752 222 331 10 2158 2279 10
210 216 341 19 0 7590 10
139 235 288 18 0 7647 10
323 217 333 26 0 7598 10
338 224 320 36 5187 5202 10
372 240 362 23 0 7575 10
880 259 301 25 0 7636 10
269 286 356 30 354 542 10
170 250 328 24 0 7609 10
539 270 337 20 0 7598 10
87 246 314 36 5773 5910 10
494 244 368 25 0 7569 10
181 284 319 17 3270 3384 10
660 210 379 12 0 7552 10
364 226 316 21 0 7617 10
653 262 369 15 0 7568 10
848 229 322 11 0 7612 10
144 174 376 8 0 7540 10
596 166 345 14 0 7561 10
607 174 347 3 0 7564 10
386 225 369 38 0 7566 10
750 257 391 22 0 7546 10
583 214 311 14 0 7617 10
389 287 397 12 0 7536 10
154 268 351 7 0 7585 10
290 175 352 12 6652 6789 10
203 261 359 10 0 7578 10
977 290 328 7 555 714 10
984 247 306 33 182 266 10
