rc2_10_4

VEHICLE
NUMBER  CAPACITY
250   1000

CUSTOMER
CUST NO. XCOORD. YCOORD. DEMAND READY TIME DUE DATE SERVICE TIME

0  250  250   0   0  7284   0
212 132 30 20 0 7025 10
700 165 59 27 0 7065 10
596 95 92 20 0 7053 10
190 187 73 18 0 7087 10
31 136 52 10 0 7046 10
898 109 56 27 0 7035 10
788 87 96 30 0 7050 10
525 88 95 20 0 7050 10
543 168 59 6 0 7067 10
333 142 14 18 0 7015 10
423 149 98 4 0 7092 10
885 130 57 40 0 7047 10
109 151 81 28 0 7079 10
373 144 35 26 0 7035 10
92 92 18 8 0 6994 10
450 179 75 13 0 7086 10
310 133 26 10 0 7022 10
800 93 96 20 0 7055 10
895 92 76 4 0 7039 10
312 94 97 20 0 7056 10
306 91 101 10 0 7057 10
27 130 140 17 0 7112 10
342 96 97 20 0 7057 10
372 89 65 16 0 7029 10
530 122 35 10 0 7024 10
28 80 117 24 0 7059 10
743 125 32 30 0 7023 10
555 102 6 3 0 6989 10
411 120 37 28 0 7025 10
187 157 38 3 0 7043 10
916 126 30 10 0 7022 10
137 97 93 20 0 7055 10
356 128 113 22 0 7091 10
125 150 68 23 0 7067 10
947 124 56 20 0 7043 10
44 131 56 10 0 7047 10
759 140 108 29 0 7095 10
663 178 72 23 0 7082 10
457 120 17 30 0 7008 10
479 133 53 20 0 7045 10
632 125 61 26 0 7048 10
294 94 40 24 0 7013 10
