c1_10_1

VEHICLE
NUMBER  CAPACITY
250   200

CUSTOMER
CUST NO. XCOORD. YCOORD. DEMAND READY TIME DUE DATE SERVICE TIME

0  250  250   0   0  1824   0
115 404 447 20 250 280 90
959 462 367 20 481 545 90
785 422 409 10 234 290 90
494 398 428 10 561 634 90
104 422 420 20 490 545 90
486 406 450 20 405 464 90
605 389 404 10 267 331 90
528 391 429 20 475 525 90
440 408 453 10 575 661 90
578 388 408 10 361 425 90
743 408 452 10 490 564 90
810 459 368 10 299 361 90
962 405 450 20 311 376 90
841 461 369 10 579 633 90
620 460 367 20 392 450 90
476 390 423 10 290 336 90
443 391 407 10 549 605 90
346 390 408 30 450 520 90
451 386 405 20 206 266 90
267 421 415 30 297 364 90
837 419 418 10 394 454 90
960 455 365 20 235 306 90
788 389 428 20 380 435 90
849 388 418 10 217 283 90
132 419 422 20 575 647 90
