c2_10_3

VEHICLE
NUMBER  CAPACITY
250   700

CUSTOMER
CUST NO. XCOORD. YCOORD. DEMAND READY TIME DUE DATE SERVICE TIME

0  250  250   0   0  3914   0
911 195 300 10 0 3750 90
542 214 372 10 0 3697 90
533 278 230 10 0 3790 90
352 279 369 10 0 3702 90
236 204 371 30 0 3695 90
945 179 284 30 0 3746 90
960 264 365 10 0 3709 90
47 229 364 10 0 3709 90
651 278 329 10 0 3741 90
473 197 301 10 0 3751 90
324 253 244 20 0 3818 90
540 194 296 20 0 3752 90
602 281 279 20 0 3782 90
793 367 239 20 0 3707 90
170 191 352 20 0 3707 90
61 236 361 30 0 3713 90
845 233 441 20 0 3633 90
778 320 225 20 0 3750 90
590 202 386 20 0 3680 90
709 273 234 10 0 3796 90
652 261 371 20 0 3703 90
511 207 337 20 0 3727 90
521 254 357 20 0 3717 90
115 222 381 20 0 3691 90
249 305 212 20 0 3758 90
882 218 298 30 0 3767 90
907 262 352 10 0 3722 90
797 188 356 20 0 3702 90
579 283 229 30 0 3785 90
628 184 354 30 0 3701 90
330 321 228 30 0 3750 90
527 274 231 30 0 3794 90
686 293 245 10 0 3781 90
445 283 248 30 0 3791 90
674 266 264 30 0 3803 90
964 196 348 10 0 3713 90
529 315 232 10 0 3757 90
769 194 353 20 0 3707 90
610 220 192 20 0 3759 90
397 188 293 30 0 3749 90
713 191 308 20 0 3742 90
325 323 258 10 0 3751 90
535 185 293 10 0 3747 90
867 206 379 10 0 3688 90
314 188 330 30 0 3723 90
332 206 326 30 0 3737 90
827 277 369 30 0 3702 90
486 301 247 10 0 3773 90
182 242 350 10 0 3724 90
816 183 340 10 0 3712 90
310 214 382 30 0 3688 90
19 302 235 20 0 3770 90
482 319 229 10 0 3752 90
872 199 305 30 0 3749 90
2 266 231 40 0 3800 90
403 261 350 10 0 3724 90
441 201 331 20 0 3730 90
940 186 372 20 0 3687 90
78 272 365 30 0 3707 90
350 284 360 30 0 3709 90
804 196 302 20 0 3750 90
633 272 233 10 0 3797 90
976 297 250 30 0 3777 90
146 241 375 10 0 3699 90
584 234 383 10 0 3691 90
639 316 254 20 0 3758 90
878 222 357 30 0 3714 90
781 211 308 30 0 3755 90
194 201 307 10 0 3749 90
660 331 252 10 0 3743 90
596 187 362 20 0 3696 90
300 180 335 20 0 3714 90
733 298 255 10 0 3776 90
96 266 373 10 0 3700 90
387 274 248 20 0 3800 90
942 293 249 10 0 3781 90
865 204 291 20 0 3763 90
292 221 374 30 0 3697 90
913 179 311 10 0 3731 90
830 254 238 30 0 3812 90
585 199 327 10 0 3732 90
884 216 300 30 0 3764 90
149 257 336 10 0 3738 90
967 313 263 20 0 3760 90
526 190 332 20 0 3723 90
333 198 284 10 0 3762 90
318 267 260 20 0 3805 90
99 220 379 10 0 3692 90
184 268 351 10 0 3722 90
428 213 363 30 0 3706 90
829 194 301 30 0 3749 90
748 275 236 20 0 3796 90
728 222 317 30 0 3752 90
280 272 243 30 0 3801 90
174 323 229 10 0 3749 90
690 289 240 20 0 3784 90
997 175 282 10 0 3743 90
35 216 307 20 0 3758 90
432 165 333 20 0 3706 90
739 319 257 20 0 3755 90
