c1_10_2

VEHICLE
NUMBER  CAPACITY
250   200

CUSTOMER
CUST NO. XCOORD. YCOORD. DEMAND READY TIME DUE DATE SERVICE TIME

0  250  250   0   0  1824   0
686 304 102 30 505 559 90
277 238 204 20 566 634 90
321 319 124 20 400 465 90
312 317 261 20 398 473 90
5 286 159 20 530 597 90
477 285 162 30 625 688 90
613 320 283 30 421 471 90
357 304 97 20 407 466 90
478 285 158 30 340 405 90
410 288 154 10 442 494 90
804 231 195 20 497 552 90
120 335 243 20 428 495 90
466 375 191 30 473 531 90
30 281 137 10 370 416 90
796 343 254 20 334 394 90
588 316 286 30 601 662 90
343 344 146 10 496 529 90
715 230 197 40 588 645 90
766 343 148 20 399 441 90
947 316 284 20 510 570 90
702 319 260 20 489 566 90
199 320 262 10 585 656 90
353 317 123 20 497 554 90
456 357 181 20 367 441 90
279 376 195 10 576 616 90
996 330 242 30 627 671 90
983 315 121 10 590 647 90
930 345 144 30 568 640 90
442 226 191 20 397 459 90
987 376 190 30 382 439 90
565 359 179 20 465 529 90
