rc1_10_1

VEHICLE
NUMBER   CAPACITY
250     200

CUSTOMER
CUST NO. XCOORD.  YCOORD.  DEMAND  READY TIME DUE DATE  SERVICE TIME

0   250    250     0     0    1821     0
303 440 241 10 301 331 10
216 402 284 30 165 195 10
227 451 305 13 208 238 10
493 447 184 27 424 454 10
600 497 266 25 748 778 10
755 399 301 30 194 224 10
604 441 177 23 1001 1031 10
542 321 277 10 75 105 10
989 343 276 15 96 126 10
398 348 348 23 935 965 10
471 423 221 9 258 288 10
260 436 241 20 327 357 10
960 393 301 30 178 208 10
537 398 325 30 233 263 10
492 443 272 10 270 300 10
360 376 190 30 155 185 10
683 434 245 10 342 372 10
416 390 294 20 237 267 10
792 321 280 30 77 107 10
401 443 237 20 193 223 10
889 420 224 10 429 459 10
891 418 218 20 267 297 10
602 376 195 10 181 211 10
573 441 244 10 277 307 10
24 371 332 14 530 560 10
178 322 290 23 1479 1509 10
299 500 228 8 782 812 10
52 375 191 30 167 197 10
771 320 280 10 85 115 10
363 374 232 33 125 155 10
690 442 243 10 289 319 10
672 435 180 37 225 255 10
556 359 287 24 115 145 10
588 359 182 20 209 239 10
863 381 328 12 717 747 10
447 458 213 22 1128 1158 10
560 440 244 10 266 296 10
210 391 293 20 226 256 10
518 388 334 20 161 191 10
693 441 273 20 282 312 10
931 398 329 17 167 197 10
934 408 318 15 643 673 10
481 385 295 20 142 172 10
958 421 218 10 254 284 10
544 406 285 20 179 209 10
300 412 214 10 165 195 10
483 445 273 20 258 288 10
722 371 315 18 1166 1196 10
677 385 239 21 786 816 10
301 442 289 25 195 225 10
678 386 245 16 479 509 10
631 394 322 12 1025 1055 10
162 371 192 30 134 164 10
592 452 206 31 492 522 10
323 418 221 10 291 321 10
520 499 316 18 622 652 10
338 360 294 9 1418 1448 10
567 405 276 20 234 264 10
402 316 286 30 137 167 10
89 415 223 20 305 335 10
806 379 196 20 194 224 10
877 405 187 34 1251 1281 10
768 420 213 10 204 234 10
81 407 280 10 209 239 10
66 400 288 30 154 184 10
36 440 292 24 940 970 10
91 432 199 7 639 669 10
146 395 332 10 206 236 10
26 441 265 40 197 227 10
201 390 325 30 251 281 10
143 371 193 20 133 163 10
472 395 295 20 211 241 10
63 388 331 20 160 190 10
973 388 325 10 263 293 10
826 366 334 5 410 440 10
711 352 241 5 792 822 10
691 402 281 20 250 280 10
87 316 284 20 125 155 10
692 445 237 10 200 230 10
350 357 181 20 149 179 10
541 359 246 18 1423 1453 10
854 390 249 21 582 612 10
393 320 283 30 111 141 10
494 366 288 29 684 714 10
777 435 268 10 312 342 10
894 389 300 10 154 184 10
181 385 285 13 868 898 10
515 444 242 10 216 246 10
202 346 354 8 817 847 10
629 413 217 20 166 196 10
713 442 247 10 241 271 10
284 330 281 14 1330 1360 10
430 374 306 4 994 1024 10
843 487 320 21 858 888 10
516 444 271 10 246 276 10
548 435 267 20 323 353 10
650 418 251 21 1197 1227 10
428 443 246 20 230 260 10
495 440 284 25 852 882 10
85 355 174 33 715 745 10
123 439 243 20 314 344 10
188 439 268 10 298 328 10
405 364 173 30 180 210 10
352 400 286 10 154 184 10
775 475 267 7 780 810 10
74 358 183 20 234 264 10
603 401 281 20 261 291 10
514 361 181 20 197 227 10
731 417 218 10 278 308 10
644 365 274 14 117 147 10
738 360 284 19 667 697 10
285 344 203 14 167 197 10
764 450 265 10 216 246 10
136 463 253 23 1047 1077 10
379 399 175 13 747 777 10
517 359 179 20 162 192 10
478 365 190 22 1477 1507 10
758 380 350 15 866 896 10
532 390 301 10 165 195 10
133 460 328 13 224 254 10
912 489 338 17 1397 1427 10
11 313 282 20 163 193 10
233 423 214 20 217 247 10
491 453 318 30 374 404 10
315 394 333 20 194 224 10
298 417 217 30 189 219 10
341 410 285 20 193 223 10
38 391 202 14 148 178 10
927 352 176 20 126 156 10
545 391 334 20 181 211 10
114 356 256 19 106 136 10
389 315 287 30 148 178 10
954 371 200 10 224 254 10
192 350 199 21 1201 1231 10
794 436 295 11 528 558 10
215 436 237 20 186 216 10
655 333 293 27 617 647 10
718 478 300 12 890 920 10
890 461 182 13 629 659 10
207 426 231 24 1028 1058 10
222 370 262 15 1099 1129 10
883 360 184 10 221 251 10
224 330 308 24 1170 1200 10
918 489 274 31 534 564 10
685 389 334 20 169 199 10
956 428 202 24 904 934 10
135 374 190 20 143 173 10
971 440 247 20 253 283 10
105 395 331 20 217 247 10
273 355 177 20 127 157 10
669 320 211 16 993 1023 10
909 387 297 10 144 174 10
595 347 192 18 1488 1518 10
68 378 199 10 207 237 10
426 367 178 20 180 210 10
329 408 279 20 220 250 10
983 318 280 20 97 127 10
226 482 184 14 1107 1137 10
707 444 269 20 234 264 10
801 409 255 23 1522 1552 10
928 490 286 29 522 552 10
155 439 266 10 189 219 10
874 423 217 20 242 272 10
184 492 335 10 828 858 10
597 368 311 14 926 956 10
725 415 216 10 176 206 10
486 495 227 20 344 374 10
375 436 264 20 186 216 10
522 425 215 10 229 259 10
992 340 291 22 470 500 10
316 355 180 30 137 167 10
