rc1_10_1

VEHICLE
NUMBER   CAPACITY
250     200

CUSTOMER
CUST NO. XCOORD.  YCOORD.  DEMAND  READY TIME DUE DATE  SERVICE TIME

0   250    250     0     0    1821     0
2 214 394 10 231 261 10
549 245 408 10 204 234 10
10 226 423 15 197 227 10
507 189 402 10 536 566 10
327 250 405 20 162 192 10
225 246 398 40 148 178 10
906 250 411 30 188 218 10
281 213 399 18 234 264 10
734 210 379 12 709 739 10
657 207 400 20 191 221 10
107 249 407 10 174 204 10
761 245 461 8 649 679 10
442 250 441 5 756 786 10
503 185 434 9 574 604 10
487 241 403 10 220 250 10
581 225 369 38 121 151 10
13 239 486 3 1482 1512 10
862 244 368 25 414 444 10
448 215 395 20 242 272 10
78 243 408 15 1434 1464 10
855 210 391 30 146 176 10
311 211 386 20 141 171 10
238 210 398 10 204 234 10
440 220 392 20 258 288 10
257 218 403 15 1319 1349 10
679 208 396 20 176 206 10
240 248 404 30 154 184 10
17 203 390 40 159 189 10
876 213 397 10 217 247 10
113 195 464 20 1541 1571 10
656 255 487 19 398 428 10
853 243 399 10 235 265 10
168 175 422 24 1446 1476 10
154 241 402 11 1025 1055 10
106 230 487 20 1130 1160 10
208 260 472 33 1036 1066 10
