c2_10_5

VEHICLE
NUMBER  CAPACITY
250   700

CUSTOMER
CUST NO. XCOORD. YCOORD. DEMAND READY TIME DUE DATE SERVICE TIME

0  250  250   0   0  3914   0
796 446 169 10 3105 3425 90
65 491 160 20 1909 2229 90
439 460 173 20 2807 3127 90
954 464 178 10 2611 2931 90
766 463 161 30 2323 2643 90
66 453 164 10 3006 3326 90
48 457 160 10 2911 3231 90
179 460 183 10 2707 3027 90
725 490 159 20 1817 2137 90
192 483 170 30 2117 2437 90
986 489 150 50 1718 2038 90
30 467 157 20 2227 2547 90
372 466 169 30 2422 2742 90
410 465 176 20 2519 2839 90
81 440 173 10 3202 3522 90
139 420 168 10 3313 3633 90
832 500 162 20 2008 2328 90
