rc1_10_4

VEHICLE
NUMBER  CAPACITY
250   200

CUSTOMER
CUST NO. XCOORD. YCOORD. DEMAND READY TIME DUE DATE SERVICE TIME

0  250  250   0   0  1821   0
85 355 174 33 0 1682 10
135 374 190 20 0 1674 10
426 367 178 20 0 1674 10
143 371 193 20 0 1678 10
52 375 191 30 0 1673 10
316 355 180 30 0 1685 10
74 358 183 20 0 1684 10
580 303 186 10 1354 1384 10
379 399 175 13 0 1645 10
38 391 202 14 0 1663 10
951 389 156 27 0 1644 10
877 405 187 34 1251 1281 10
192 350 199 21 0 1699 10
478 365 190 22 0 1682 10
529 384 149 18 0 1644 10
285 344 203 14 0 1706 10
883 360 184 10 0 1683 10
273 355 177 20 0 1684 10
595 347 192 18 1488 1518 10
514 361 181 20 0 1681 10
360 376 190 30 0 1672 10
790 314 205 22 0 1733 10
669 320 211 16 0 1731 10
159 386 154 31 0 1645 10
400 330 147 28 0 1681 10
677 385 239 21 0 1676 10
531 308 199 14 0 1734 10
69 325 147 14 0 1684 10
517 359 179 20 0 1681 10
602 376 195 10 0 1674 10
