r2_10_1

VEHICLE
NUMBER  CAPACITY
250   1000

CUSTOMER
CUST NO. XCOORD. YCOORD. DEMAND READY TIME DUE DATE SERVICE TIME

0  250  250   0   0  7697   0
710 240 240 35 6820 6897 10
848 229 322 11 6635 6767 10
553 199 203 20 5851 5928 10
539 270 337 20 7160 7222 10
625 115 296 24 6112 6239 10
329 157 269 31 6317 6414 10
400 181 185 19 6436 6594 10
294 213 283 14 5885 6002 10
944 209 212 18 6142 6200 10
912 215 282 21 5764 5879 10
667 171 303 18 6334 6501 10
290 175 352 12 6652 6789 10
557 214 274 24 5490 5583 10
95 240 255 33 6404 6604 10
184 218 271 16 6280 6429 10
887 190 267 36 7024 7126 10
426 162 301 16 6423 6601 10
411 228 260 12 6450 6514 10
415 212 186 11 6893 6999 10
336 217 207 26 5538 5642 10
593 161 275 21 5370 5524 10
973 167 291 27 6546 6649 10
87 246 314 36 5773 5910 10
