r2_10_1

VEHICLE
NUMBER  CAPACITY
250   1000

CUSTOMER
CUST NO. XCOORD. YCOORD. DEMAND READY TIME DUE DATE SERVICE TIME

0  250  250   0   0  7697   0
132 170 347 15 1764 1842 10
283 149 214 7 1911 2066 10
20 179 286 8 1380 1469 10
752 222 331 10 2158 2279 10
210 216 341 19 2613 2738 10
77 176 200 17 2266 2394 10
307 235 316 2 2616 2751 10
187 180 283 23 2963 3107 10
323 217 333 26 1633 1776 10
795 171 188 30 2481 2604 10
131 172 314 9 2169 2314 10
476 118 314 26 1315 1505 10
244 149 341 6 1599 1753 10
385 148 208 22 2095 2237 10
