rc1_10_6

VEHICLE
NUMBER  CAPACITY
250   200

CUSTOMER
CUST NO. XCOORD. YCOORD. DEMAND READY TIME DUE DATE SERVICE TIME

0  250  250   0   0  1821   0
281 213 399 18 219 279 10
271 299 353 34 114 174 10
487 241 403 10 205 265 10
886 250 328 24 234 294 10
225 246 398 40 148 208 10
311 211 386 20 141 201 10
240 248 404 30 154 214 10
436 272 403 30 175 235 10
850 286 356 30 111 171 10
679 208 396 20 161 221 10
878 269 402 20 188 248 10
920 166 440 12 207 267 10
327 250 405 20 155 215 10
82 277 403 10 160 220 10
710 283 438 3 216 276 10
37 268 400 20 228 288 10
906 250 411 30 173 233 10
860 182 480 31 350 410 10
974 270 401 20 152 212 10
10 226 423 15 182 242 10
228 226 316 21 70 130 10
984 154 392 9 171 231 10
330 263 418 25 263 323 10
741 313 391 5 154 214 10
383 146 376 8 219 279 10
855 210 391 30 146 206 10
448 215 395 20 227 287 10
144 142 372 18 162 222 10
853 243 399 10 220 280 10
107 249 407 10 159 219 10
148 267 394 10 244 304 10
354 270 400 10 151 211 10
370 262 369 15 119 179 10
657 207 400 20 176 236 10
581 225 369 38 121 181 10
17 203 390 40 147 207 10
362 266 405 20 202 262 10
2 214 394 10 216 276 10
549 245 408 10 189 249 10
238 210 398 10 189 249 10
440 220 392 20 243 303 10
534 267 400 10 217 277 10
876 213 397 10 202 262 10
932 272 402 10 153 213 10
