r2_10_7

VEHICLE
NUMBER  CAPACITY
250   1000

CUSTOMER
CUST NO. XCOORD. YCOORD. DEMAND READY TIME DUE DATE SERVICE TIME

0  250  250   0   0  7697   0
333 149 458 13 0 7456 10
780 178 420 18 0 7503 10
150 135 400 20 0 7498 10
732 141 426 23 0 7480 10
330 177 404 17 0 7517 10
575 181 441 25 0 7484 10
60 208 445 22 0 7488 10
144 174 376 8 0 7540 10
288 185 431 15 0 7495 10
315 189 402 10 0 7524 10
530 126 391 19 0 7500 10
801 195 464 20 0 7467 10
895 162 388 11 0 7524 10
959 199 438 3 0 7493 10
544 161 416 25 0 7499 10
757 211 446 15 0 7488 10
657 207 487 4 0 7447 10
678 142 372 18 0 7525 10
176 176 470 14 0 7455 10
865 182 480 31 0 7448 10
149 173 474 14 0 7451 10
134 154 374 36 0 7531 10
522 215 434 9 0 7500 10
997 167 445 7 0 7476 10
168 154 392 9 0 7516 10
53 179 497 1 0 7430 10
703 195 386 13 0 7541 10
393 137 377 23 0 7518 10
