rc1_10_9

VEHICLE
NUMBER   CAPACITY
250     200

CUSTOMER
CUST NO. XCOORD.  YCOORD.  DEMAND  READY TIME DUE DATE  SERVICE TIME

0   250    250     0     0    1821     0
303 440 241 10 256 376 10
216 402 284 30 155 275 10
227 451 305 13 208 328 10
493 447 184 27 379 499 10
600 497 266 25 703 823 10
755 399 301 30 157 277 10
604 441 177 23 956 1076 10
542 321 277 10 75 195 10
989 343 276 15 96 216 10
471 423 221 9 213 333 10
260 436 241 20 282 402 10
960 393 301 30 151 271 10
537 398 325 30 188 308 10
492 443 272 10 225 345 10
360 376 190 30 139 259 10
683 434 245 10 297 417 10
416 390 294 20 192 312 10
792 321 280 30 77 197 10
401 443 237 20 193 313 10
889 420 224 10 384 504 10
875 477 179 20 237 357 10
891 418 218 20 222 342 10
602 376 195 10 137 257 10
573 441 244 10 232 352 10
24 371 332 14 485 605 10
178 322 290 23 1434 1554 10
299 500 228 8 737 857 10
52 375 191 30 138 258 10
771 320 280 10 76 196 10
363 374 232 33 125 245 10
690 442 243 10 244 364 10
672 435 180 37 197 317 10
556 359 287 24 115 235 10
588 359 182 20 164 284 10
863 381 328 12 672 792 10
447 458 213 22 1083 1203 10
560 440 244 10 221 341 10
210 391 293 20 181 301 10
518 388 334 20 161 281 10
693 441 273 20 237 357 10
931 398 329 17 167 287 10
934 408 318 15 598 718 10
481 385 295 20 142 262 10
958 421 218 10 209 329 10
544 406 285 20 159 279 10
300 412 214 10 165 285 10
483 445 273 20 213 333 10
722 371 315 18 1121 1241 10
677 385 239 21 741 861 10
301 442 289 25 195 315 10
678 386 245 16 434 554 10
631 394 322 12 980 1100 10
162 371 192 30 134 254 10
592 452 206 31 447 567 10
323 418 221 10 246 366 10
520 499 316 18 577 697 10
338 360 294 9 1373 1493 10
567 405 276 20 189 309 10
402 316 286 30 92 212 10
89 415 223 20 260 380 10
806 379 196 20 149 269 10
877 405 187 34 1206 1326 10
768 420 213 10 173 293 10
81 407 280 10 164 284 10
66 400 288 30 154 274 10
36 440 292 24 895 1015 10
91 432 199 7 594 714 10
146 395 332 10 166 286 10
26 441 265 40 191 311 10
201 390 325 30 206 326 10
143 371 193 20 133 253 10
472 395 295 20 166 286 10
63 388 331 20 160 280 10
973 388 325 10 218 338 10
826 366 334 5 365 485 10
711 352 241 5 747 867 10
691 402 281 20 205 325 10
87 316 284 20 80 200 10
692 445 237 10 195 315 10
350 357 181 20 127 247 10
541 359 246 18 1378 1498 10
854 390 249 21 537 657 10
393 320 283 30 77 197 10
494 366 288 29 639 759 10
777 435 268 10 267 387 10
894 389 300 10 147 267 10
181 385 285 13 823 943 10
515 444 242 10 194 314 10
629 413 217 20 166 286 10
713 442 247 10 196 316 10
284 330 281 14 1285 1405 10
430 374 306 4 949 1069 10
843 487 320 21 813 933 10
516 444 271 10 201 321 10
548 435 267 20 278 398 10
650 418 251 21 1152 1272 10
428 443 246 20 193 313 10
495 440 284 25 807 927 10
85 355 174 33 670 790 10
123 439 243 20 269 389 10
188 439 268 10 253 373 10
405 364 173 30 137 257 10
352 400 286 10 154 274 10
775 475 267 7 735 855 10
74 358 183 20 189 309 10
603 401 281 20 216 336 10
514 361 181 20 152 272 10
731 417 218 10 233 353 10
644 365 274 14 117 237 10
738 360 284 19 622 742 10
191 429 169 8 858 978 10
285 344 203 14 122 242 10
764 450 265 10 200 320 10
136 463 253 23 1002 1122 10
379 399 175 13 702 822 10
517 359 179 20 130 250 10
478 365 190 22 1432 1552 10
758 380 350 15 821 941 10
532 390 301 10 149 269 10
133 460 328 13 224 344 10
912 489 338 17 1352 1472 10
11 313 282 20 118 238 10
233 423 214 20 176 296 10
491 453 318 30 329 449 10
315 394 333 20 166 286 10
298 417 217 30 170 290 10
341 410 285 20 163 283 10
519 401 164 13 576 696 10
38 391 202 14 148 268 10
927 352 176 20 126 246 10
545 391 334 20 164 284 10
114 356 256 19 106 226 10
389 315 287 30 103 223 10
954 371 200 10 179 299 10
192 350 199 21 1156 1276 10
794 436 295 11 483 603 10
215 436 237 20 186 306 10
655 333 293 27 572 692 10
718 478 300 12 845 965 10
890 461 182 13 584 704 10
207 426 231 24 983 1103 10
222 370 262 15 1054 1174 10
883 360 184 10 176 296 10
224 330 308 24 1125 1245 10
918 489 274 31 489 609 10
685 389 334 20 162 282 10
956 428 202 24 859 979 10
135 374 190 20 137 257 10
971 440 247 20 208 328 10
105 395 331 20 172 292 10
273 355 177 20 127 247 10
669 320 211 16 948 1068 10
909 387 297 10 144 264 10
595 347 192 18 1443 1563 10
68 378 199 10 162 282 10
426 367 178 20 137 257 10
329 408 279 20 175 295 10
983 318 280 20 74 194 10
226 482 184 14 1062 1182 10
707 444 269 20 194 314 10
801 409 255 23 1477 1597 10
928 490 286 29 477 597 10
155 439 266 10 189 309 10
874 423 217 20 197 317 10
184 492 335 10 783 903 10
597 368 311 14 881 1001 10
725 415 216 10 168 288 10
486 495 227 20 299 419 10
375 436 264 20 186 306 10
522 425 215 10 184 304 10
992 340 291 22 425 545 10
316 355 180 30 126 246 10
