rc1_10_9

VEHICLE
NUMBER   CAPACITY
250     200

CUSTOMER
CUST NO. XCOORD.  YCOORD.  DEMAND  READY TIME DUE DATE  SERVICE TIME

0   250    250     0     0    1821     0
148 267 394 10 214 334 10
141 294 421 26 1515 1635 10
2 214 394 10 186 306 10
932 272 402 10 153 273 10
957 257 391 22 1550 1670 10
968 311 422 29 943 1063 10
549 245 408 10 159 279 10
10 226 423 15 174 294 10
398 348 348 23 890 1010 10
327 250 405 20 155 275 10
741 313 391 5 154 274 10
8 328 458 17 723 843 10
237 331 356 13 667 787 10
225 246 398 40 148 268 10
906 250 411 30 161 281 10
974 270 401 20 152 272 10
281 213 399 18 189 309 10
734 210 379 12 664 784 10
657 207 400 20 156 276 10
745 224 320 36 1239 1359 10
218 272 420 7 1341 1461 10
534 267 400 10 187 307 10
107 249 407 10 157 277 10
436 272 403 30 154 274 10
761 245 461 8 604 724 10
442 250 441 5 711 831 10
458 235 316 2 611 731 10
354 270 400 10 151 271 10
271 299 353 34 114 234 10
710 283 438 3 190 310 10
834 284 319 17 772 892 10
88 334 403 26 174 294 10
37 268 400 20 198 318 10
487 241 403 10 175 295 10
49 340 416 36 276 396 10
581 225 369 38 121 241 10
370 262 369 15 119 239 10
347 216 341 19 609 729 10
202 346 354 8 772 892 10
13 239 486 3 1437 1557 10
862 244 368 25 369 489 10
448 215 395 20 197 317 10
368 246 314 36 1400 1520 10
78 243 408 15 1389 1509 10
256 329 456 19 220 340 10
82 277 403 10 155 275 10
217 287 397 12 519 639 10
886 250 328 24 204 324 10
855 210 391 30 146 266 10
850 286 356 30 111 231 10
311 211 386 20 141 261 10
330 263 418 25 233 353 10
238 210 398 10 159 279 10
440 220 392 20 213 333 10
475 277 428 7 445 565 10
90 230 320 8 1147 1267 10
257 218 403 15 1274 1394 10
463 318 497 21 809 929 10
617 307 412 8 359 479 10
679 208 396 20 151 271 10
240 248 404 30 154 274 10
17 203 390 40 147 267 10
876 213 397 10 172 292 10
362 266 405 20 172 292 10
485 313 493 20 1148 1268 10
656 255 487 19 353 473 10
853 243 399 10 190 310 10
154 241 402 11 980 1100 10
106 230 487 20 1085 1205 10
878 269 402 20 158 278 10
265 330 371 1 514 634 10
324 274 441 12 650 770 10
208 260 472 33 991 1111 10
