rc2_10_1

VEHICLE
NUMBER  CAPACITY
250   1000

CUSTOMER
CUST NO. XCOORD. YCOORD. DEMAND READY TIME DUE DATE SERVICE TIME

0  250  250   0   0  7284   0
371 323 29 7 4550 4670 10
94 269 112 19 5051 5171 10
654 281 96 1 4503 4623 10
502 330 138 18 4438 4558 10
54 242 106 28 5074 5194 10
385 235 33 30 5348 5468 10
940 224 56 13 4746 4866 10
570 344 70 24 4583 4703 10
69 325 147 14 4747 4867 10
403 335 46 18 5367 5487 10
769 331 134 11 4495 4615 10
926 351 128 15 5013 5133 10
557 297 131 25 4662 4782 10
322 364 71 5 5394 5514 10
765 273 149 14 6011 6131 10
435 257 57 18 4904 5024 10
186 231 29 14 4905 5025 10
259 253 74 20 5400 5520 10
997 335 99 25 4874 4994 10
836 240 34 28 6238 6358 10
643 352 63 6 4713 4833 10
48 323 77 36 5620 5740 10
