rc1_10_7

VEHICLE
NUMBER  CAPACITY
250   200

CUSTOMER
CUST NO. XCOORD. YCOORD. DEMAND READY TIME DUE DATE SERVICE TIME

0  250  250   0   0  1821   0
332 420 383 27 966 1028 10
1 440 436 18 862 951 10
482 491 369 28 698 792 10
831 448 414 23 1201 1275 10
912 489 338 17 1347 1478 10
432 470 405 17 883 998 10
910 433 447 20 784 835 10
840 470 417 11 679 825 10
649 468 352 9 751 815 10
70 421 386 29 802 876 10
802 449 428 25 1216 1307 10
459 370 382 11 855 942 10
662 411 379 25 1156 1260 10
936 425 448 9 759 860 10
29 421 387 15 744 889 10
184 492 335 10 808 878 10
498 377 385 6 837 925 10
250 434 359 13 1358 1457 10
