r2_10_10

VEHICLE
NUMBER   CAPACITY
250     1000

CUSTOMER
CUST NO. XCOORD.  YCOORD.  DEMAND  READY TIME DUE DATE  SERVICE TIME

0   250    250     0     0    7697     0
455 250 57 26 2824 3281 10
756 165 59 27 3560 4102 10
339 206 97 33 1567 2137 10
267 172 66 18 4990 5552 10
253 239 15 2 2233 2718 10
507 172 24 17 5638 6100 10
960 135 30 12 1709 2206 10
962 235 33 30 5194 5621 10
328 200 27 22 1935 2383 10
683 257 57 18 4748 5179 10
497 142 30 32 4826 5261 10
422 282 1 18 4003 4457 10
672 187 73 18 967 1490 10
258 144 35 26 750 1167 10
518 157 38 3 4024 4478 10
300 224 56 13 4542 5069 10
331 202 28 22 3523 4071 10
851 142 80 12 1803 2253 10
166 174 41 15 4993 5555 10
723 253 74 20 5222 5699 10
477 251 63 14 3744 4276 10
648 210 81 2 1427 1885 10
480 132 32 18 2931 3464 10
619 224 3 10 2627 3017 10
146 218 12 3 1961 2511 10
309 173 65 12 1592 2116 10
446 233 87 18 852 1289 10
243 209 68 27 6100 6565 10
541 200 78 31 3810 4252 10
701 158 24 18 2236 2773 10
366 201 66 14 4480 4974 10
325 198 85 28 906 1315 10
470 147 30 26 4220 4770 10
985 241 38 16 1984 2389 10
617 171 34 21 4395 4870 10
609 187 61 19 2028 2451 10
173 156 65 22 3979 4439 10
70 191 84 13 3278 3778 10
786 215 79 5 694 1214 10
831 235 13 27 1215 1774 10
491 253 50 27 739 1187 10
901 142 14 18 3212 3590 10
763 244 13 24 3883 4342 10
905 196 56 15 2274 2722 10
310 245 42 24 2067 2432 10
860 240 34 28 6042 6555 10
645 282 10 30 4885 5328 10
114 179 75 13 2798 3241 10
138 174 67 15 4935 5262 10
784 150 68 23 1539 1963 10
473 168 59 6 1273 1775 10
824 178 72 23 2829 3346 10
383 210 29 13 4023 4503 10
746 171 24 11 5356 5831 10
971 212 47 20 2994 3535 10
158 151 81 28 6039 6544 10
326 138 28 23 4208 4684 10
565 231 29 14 4762 5169 10
486 265 0 10 3410 3879 10
