r2_10_10

VEHICLE
NUMBER   CAPACITY
250     1000

CUSTOMER
CUST NO. XCOORD.  YCOORD.  DEMAND  READY TIME DUE DATE  SERVICE TIME

0   250    250     0     0    7697     0
444 442 153 29 4574 5055 10
559 475 198 20 3113 3689 10
424 480 131 5 2517 3104 10
537 456 157 20 5617 6143 10
35 461 195 26 5408 5873 10
153 495 227 20 1212 1660 10
684 428 202 24 3458 3893 10
178 466 149 16 4575 5033 10
751 482 184 14 4217 4758 10
693 447 184 27 1490 2025 10
770 439 156 2 1819 2507 10
825 409 155 19 438 1044 10
586 432 199 7 2347 2881 10
441 489 159 29 5528 6013 10
834 452 172 9 2262 2723 10
749 458 213 22 4360 4786 10
643 429 169 8 3390 3952 10
308 435 180 37 660 1256 10
862 404 140 8 4825 5364 10
78 498 171 12 4856 5316 10
720 441 177 23 3808 4322 10
97 454 201 16 5063 5497 10
428 495 199 25 1231 1583 10
886 470 138 16 5324 5912 10
885 450 194 27 2318 2799 10
79 492 188 33 2660 3183 10
74 488 173 25 4623 5178 10
908 480 136 22 788 1266 10
379 440 201 29 3386 3874 10
642 449 190 2 4432 4807 10
829 443 167 17 2015 2450 10
248 439 222 22 3765 4192 10
975 461 182 13 2291 2861 10
223 480 152 26 3902 4390 10
552 481 207 34 3142 3827 10
794 423 170 27 1907 2317 10
102 500 228 8 2948 3427 10
105 461 186 16 5874 6344 10
342 494 165 19 2277 2678 10
719 484 224 7 1009 1507 10
669 455 168 21 3350 3705 10
262 452 206 31 1774 2283 10
234 482 141 14 3907 4299 10
