r2_10_10

VEHICLE
NUMBER   CAPACITY
250     1000

CUSTOMER
CUST NO. XCOORD.  YCOORD.  DEMAND  READY TIME DUE DATE  SERVICE TIME

0   250    250     0     0    7697     0
773 415 207 18 3423 3896 10
227 390 249 21 2161 2613 10
229 359 246 18 5517 5986 10
404 385 239 21 2915 3489 10
356 426 231 24 3992 4356 10
94 375 145 12 3489 4066 10
31 361 178 5 3733 4167 10
652 337 232 2 6052 6632 10
969 405 187 34 4851 5274 10
632 351 148 30 1626 2183 10
268 404 207 6 3452 3952 10
369 386 154 31 4221 4706 10
797 371 163 21 3122 3621 10
167 343 205 26 2847 3412 10
937 370 262 15 4227 4688 10
568 365 190 22 5694 6245 10
363 397 153 29 3379 3800 10
219 415 253 21 1280 1773 10
761 399 175 13 2775 3320 10
152 380 194 3 2684 3145 10
623 386 225 13 3484 3985 10
744 389 255 15 2909 3492 10
942 347 184 15 4132 4618 10
254 363 225 35 3249 3718 10
371 356 256 19 214 635 10
639 391 202 14 385 806 10
871 423 221 9 884 1303 10
779 347 192 18 5738 6287 10
347 420 224 10 1509 2042 10
367 389 156 27 2704 3141 10
809 374 232 33 241 762 10
311 384 149 18 4544 5153 10
508 352 241 5 2999 3459 10
798 398 210 31 390 837 10
512 364 173 30 521 1040 10
884 417 212 12 3553 3848 10
926 350 199 21 4662 5070 10
365 354 156 20 3152 3627 10
233 343 166 28 3282 3845 10
519 374 260 27 6964 7355 10
733 418 251 21 4607 5087 10
694 386 245 16 1718 2233 10
685 355 174 33 2674 3169 10
658 366 260 23 5872 6409 10
410 409 255 23 5871 6428 10
408 401 164 13 2334 2756 10
793 344 203 14 475 984 10
881 351 233 21 5493 6010 10
