rc2_10_6

VEHICLE
NUMBER   CAPACITY
250     1000

CUSTOMER
CUST NO. XCOORD.  YCOORD.  DEMAND  READY TIME DUE DATE  SERVICE TIME

0   250    250     0     0    7284     0
753 199 187 20 447 687 10
467 172 314 9 2122 2362 10
319 80 251 14 1154 1394 10
193 60 231 32 4044 4284 10
451 228 287 21 52 292 10
161 192 265 10 437 677 10
993 3 292 20 962 1202 10
647 197 267 10 375 615 10
59 246 255 10 390 630 10
945 92 236 20 971 1211 10
879 53 204 8 4160 4400 10
930 86 268 10 809 1049 10
388 177 156 25 609 849 10
919 61 214 4 1307 1547 10
293 225 196 10 163 403 10
742 93 235 10 925 1165 10
252 234 246 10 199 439 10
424 91 268 10 918 1158 10
864 213 185 21 179 419 10
437 221 291 9 124 364 10
805 88 287 30 994 1234 10
760 228 199 10 477 717 10
988 34 239 16 816 1056 10
500 204 185 20 593 833 10
696 52 303 25 1705 1945 10
735 228 260 12 6362 6602 10
5 230 197 40 426 666 10
686 241 205 30 412 652 10
153 212 186 11 6826 7066 10
369 40 304 16 4519 4759 10
684 90 232 10 786 1026 10
75 30 302 10 1006 1246 10
317 241 180 13 6718 6958 10
407 214 245 8 36 276 10
613 90 274 20 657 897 10
163 64 294 12 4345 4585 10
484 195 273 22 118 358 10
995 18 225 8 2705 2945 10
47 41 232 16 761 1001 10
344 238 210 30 475 715 10
305 111 178 18 506 746 10
497 72 227 25 2195 2435 10
115 264 180 33 6663 6903 10
124 210 185 20 185 425 10
307 25 307 10 938 1178 10
272 236 213 20 39 279 10
53 226 175 23 6715 6955 10
937 35 304 30 810 1050 10
728 0 297 10 1111 1351 10
65 200 261 10 606 846 10
286 91 235 10 1016 1256 10
433 33 278 18 5889 6129 10
509 146 313 22 4721 4961 10
641 159 299 12 4002 4242 10
160 38 301 20 1122 1362 10
967 197 270 30 323 563 10
695 234 202 10 259 499 10
923 80 286 10 836 1076 10
43 111 192 11 4738 4978 10
258 149 341 6 1556 1796 10
349 200 270 20 176 416 10
40 80 290 10 730 970 10
575 1 293 10 1011 1251 10
535 8 300 10 1363 1603 10
745 224 320 36 5075 5315 10
907 19 273 25 4006 4246 10
101 237 254 20 273 513 10
859 237 213 10 528 768 10
659 244 254 20 341 581 10
842 5 281 16 5426 5666 10
477 265 240 9 18 258 10
30 83 300 26 1939 2179 10
959 206 186 10 690 930 10
355 95 234 10 593 833 10
314 208 184 20 234 474 10
976 198 271 20 277 517 10
45 88 286 10 950 1190 10
458 235 316 2 2563 2803 10
818 133 273 20 357 597 10
152 62 326 20 1085 1325 10
857 24 259 19 1420 1660 10
623 51 286 14 5776 6016 10
176 248 251 20 2 242 10
744 215 282 21 5702 5942 10
19 7 300 30 1319 1559 10
970 13 214 21 5354 5594 10
584 173 182 25 291 531 10
505 71 282 29 2507 2747 10
615 35 306 20 858 1098 10
425 103 177 28 2446 2686 10
221 33 286 11 6124 6364 10
251 118 314 26 1290 1530 10
7 133 202 33 1782 2022 10
872 199 203 20 5769 6009 10
6 175 239 23 183 423 10
14 102 264 10 475 715 10
476 176 199 28 239 479 10
427 225 269 30 5023 5263 10
902 16 287 12 1023 1263 10
243 0 293 30 1055 1295 10
979 131 246 17 3268 3508 10
149 249 258 30 447 687 10
871 240 250 10 90 330 10
754 201 188 10 495 735 10
469 35 303 20 766 1006 10
449 85 288 20 668 908 10
961 204 187 30 641 881 10
779 243 248 30 36 276 10
374 200 265 10 550 790 10
347 216 341 19 2556 2796 10
304 100 266 20 526 766 10
18 92 233 10 835 1075 10
536 105 181 19 6065 6305 10
660 233 207 10 105 345 10
811 7 292 10 866 1106 10
453 238 204 20 359 599 10
513 44 311 27 1570 1810 10
368 246 314 36 5721 5961 10
421 6 292 10 910 1150 10
367 89 290 20 610 850 10
955 153 235 10 273 513 10
627 92 230 20 695 935 10
382 6 296 10 1219 1459 10
97 5 297 10 1265 1505 10
420 209 212 18 6051 6291 10
346 200 178 20 314 554 10
886 250 328 24 935 1175 10
772 89 185 16 2339 2579 10
737 95 277 20 1038 1278 10
77 96 270 20 589 829 10
244 211 248 26 39 279 10
590 244 277 18 5145 5385 10
508 134 211 35 422 662 10
795 274 261 20 6768 7008 10
911 214 274 24 5416 5656 10
799 146 188 6 4880 5120 10
90 230 320 8 4708 4948 10
100 2 295 30 1163 1403 10
727 293 228 19 73 313 10
334 73 328 20 654 894 10
607 231 204 20 541 781 10
173 180 283 23 2915 3155 10
944 195 185 20 389 629 10
562 120 261 5 3113 3353 10
706 224 192 10 220 460 10
177 7 194 29 3745 3985 10
786 47 208 30 846 1086 10
868 198 264 20 501 741 10
929 247 219 17 31 271 10
189 149 214 7 1868 2108 10
386 233 204 20 157 397 10
635 89 272 10 706 946 10
501 226 191 20 312 552 10
302 157 269 31 6245 6485 10
922 210 276 5 71 311 10
900 92 232 10 647 887 10
261 238 203 10 315 555 10
845 90 296 20 546 786 10
882 56 268 28 4196 4436 10
610 206 261 10 670 910 10
763 231 195 20 377 617 10
991 236 247 20 150 390 10
248 224 191 20 264 504 10
64 92 259 4 1538 1778 10
645 30 301 10 1050 1290 10
698 179 286 8 1305 1545 10
887 91 231 30 741 981 10
127 0 188 26 3668 3908 10
199 148 208 22 2046 2286 10
414 87 285 30 904 1144 10
230 244 250 10 6 246 10
823 92 270 20 967 1207 10
464 199 268 20 225 465 10
547 201 278 13 106 346 10
50 86 199 23 1051 1291 10
116 94 235 20 547 787 10
757 272 234 26 6301 6541 10
904 143 158 12 490 730 10
395 95 235 10 503 743 10
228 226 316 21 161 401 10
808 202 186 20 544 784 10
126 201 270 10 132 372 10
158 188 151 7 5127 5367 10
511 37 281 17 1913 2153 10
626 170 347 15 1683 1923 10
203 91 266 10 870 1110 10
496 13 314 14 915 1155 10
817 130 247 17 360 600 10
714 217 207 26 5470 5710 10
569 32 319 21 1542 1782 10
838 204 269 30 79 319 10
396 203 211 20 5166 5406 10
618 79 291 10 775 1015 10
214 286 244 31 5076 5316 10
86 97 288 22 5076 5316 10
408 92 234 10 879 1119 10
803 90 285 40 1045 1285 10
793 245 251 10 5 245 10
134 89 270 10 754 994 10
206 224 203 20 95 335 10
688 57 183 15 4341 4581 10
234 219 215 32 67 307 10
538 166 247 1 216 456 10
605 231 203 20 206 446 10
