rc2_10_5

VEHICLE
NUMBER  CAPACITY
250   1000

CUSTOMER
CUST NO. XCOORD. YCOORD. DEMAND READY TIME DUE DATE SERVICE TIME

0  250  250   0   0  7284   0
576 481 96 20 1078 1418 10
813 478 99 10 1077 1533 10
998 485 24 20 1269 1421 10
963 477 122 10 1085 1675 10
377 397 20 20 987 1373 10
637 478 121 40 1270 1399 10
267 406 96 20 768 1078 10
736 399 104 10 1096 1342 10
219 477 120 10 1223 1634 10
16 451 62 5 1059 1320 10
455 407 88 10 1108 1607 10
242 460 13 20 1226 1468 10
41 439 15 20 1391 1474 10
861 409 88 20 955 1327 10
345 479 121 10 1212 1369 10
171 398 97 10 791 1000 10
110 483 14 10 1355 1671 10
682 440 7 20 1146 1484 10
150 472 129 10 914 1227 10
167 459 10 10 1319 1481 10
579 406 99 20 901 1035 10
950 481 124 10 1004 1383 10
675 478 102 10 1096 1618 10
198 389 17 10 1271 1775 10
844 398 23 10 988 1179 10
445 404 83 30 1192 1315 10
521 399 106 20 1145 1389 10
809 435 11 40 1158 1340 10
504 483 22 10 1373 1419 10
361 481 122 30 1175 1309 10
616 437 15 30 1337 1625 10
903 399 102 20 931 1326 10
901 394 47 5 1043 1580 10
321 406 94 10 848 1095 10
23 406 87 10 1225 1398 10
829 460 2 20 1318 1626 10
20 409 90 20 995 1190 10
117 474 96 30 981 1194 10
716 479 127 20 1108 1171 10
523 407 98 10 810 939 10
665 478 118 20 1354 1601 10
180 398 103 30 1052 1296 10
446 476 94 20 989 1289 10
96 371 71 21 1126 1288 10
365 481 26 30 1133 1441 10
841 404 103 20 920 1132 10
552 477 97 10 894 1488 10
814 391 99 20 596 1057 10
952 384 16 20 1263 1662 10
57 389 11 20 1163 1544 10
364 398 20 20 886 1386 10
778 409 155 19 596 886 10
278 435 16 10 1475 1584 10
824 411 95 30 827 1236 10
456 459 14 20 1231 1371 10
670 400 103 10 963 1201 10
594 452 110 14 1291 1551 10
856 433 15 20 1077 1306 10
896 476 102 20 1244 1566 10
990 393 12 10 1004 1589 10
776 470 125 20 861 1164 10
231 458 16 20 1041 1464 10
701 461 8 20 1426 1647 10
846 386 13 10 1148 1668 10
784 480 136 22 901 1152 10
195 481 20 20 1304 1591 10
452 397 18 10 1072 1384 10
239 403 93 10 1400 1446 10
638 408 84 10 1156 1239 10
165 437 12 20 1202 1554 10
