rc2_10_2

VEHICLE
NUMBER  CAPACITY
250   1000

CUSTOMER
CUST NO. XCOORD. YCOORD. DEMAND READY TIME DUE DATE SERVICE TIME

0  250  250   0   0  7284   0
344 238 210 30 0 7233 10
124 210 185 20 0 7198 10
961 204 187 30 0 7196 10
765 273 149 14 0 7171 10
34 188 119 44 3899 4019 10
605 231 203 20 0 7224 10
158 188 151 7 5187 5307 10
53 226 175 23 0 7196 10
270 178 135 21 6055 6175 10
153 212 186 11 6886 7006 10
904 143 158 12 0 7133 10
317 241 180 13 6778 6898 10
115 264 180 33 0 7203 10
396 203 211 20 5226 5346 10
872 199 203 20 5829 5949 10
714 217 207 26 5530 5650 10
406 267 162 6 5797 5917 10
420 209 212 18 0 7219 10
500 204 185 20 0 7195 10
293 225 196 10 0 7215 10
686 241 205 30 0 7229 10
388 177 156 25 0 7155 10
