rc2_10_1

VEHICLE
NUMBER  CAPACITY
250   1000

CUSTOMER
CUST NO. XCOORD. YCOORD. DEMAND READY TIME DUE DATE SERVICE TIME

0  250  250   0   0  7284   0
875 477 179 20 891 1011 10
560 440 244 10 1064 1184 10
123 439 243 20 1254 1374 10
105 395 331 20 866 986 10
493 447 184 27 1698 1818 10
143 371 193 20 475 595 10
971 440 247 20 1012 1132 10
954 371 200 10 897 1017 10
38 391 202 14 536 656 10
888 479 176 20 946 1066 10
315 394 333 20 777 897 10
426 367 178 20 721 841 10
960 393 301 30 713 833 10
360 376 190 30 621 741 10
522 425 215 10 916 1036 10
210 391 293 20 903 1023 10
644 365 274 14 410 530 10
352 400 286 10 607 727 10
273 355 177 20 497 617 10
375 436 264 20 686 806 10
693 441 273 20 1129 1249 10
245 484 174 10 1058 1178 10
216 402 284 30 658 778 10
973 388 325 10 1053 1173 10
81 407 280 10 834 954 10
401 443 237 20 754 874 10
537 398 325 30 933 1053 10
931 398 329 17 611 731 10
891 418 218 20 1068 1188 10
405 364 173 30 721 841 10
591 484 177 20 1006 1126 10
707 444 269 20 934 1054 10
958 421 218 10 1016 1136 10
602 376 195 10 724 844 10
532 390 301 10 661 781 10
692 445 237 10 802 922 10
486 495 227 20 1376 1496 10
162 371 192 30 519 639 10
573 441 244 10 1108 1228 10
927 352 176 20 444 564 10
89 415 223 20 1219 1339 10
768 420 213 10 814 934 10
516 444 271 10 982 1102 10
599 479 169 20 1234 1354 10
517 359 179 20 649 769 10
481 385 295 20 509 629 10
755 399 301 30 777 897 10
146 395 332 10 822 942 10
26 441 265 40 789 909 10
756 484 171 10 1173 1293 10
567 405 276 20 937 1057 10
806 379 196 20 776 896 10
515 444 242 10 862 982 10
351 476 174 30 1297 1417 10
285 344 203 14 669 789 10
874 423 217 20 967 1087 10
588 359 182 20 837 957 10
629 413 217 20 656 776 10
52 375 191 30 667 787 10
227 451 305 13 774 894 10
233 423 214 20 867 987 10
492 443 272 10 1080 1200 10
778 409 155 19 681 801 10
215 436 237 20 686 806 10
725 415 216 10 705 825 10
416 390 294 20 949 1069 10
323 418 221 10 1165 1285 10
68 378 199 10 829 949 10
329 408 279 20 880 1000 10
690 442 243 10 1154 1274 10
672 435 180 37 898 1018 10
133 460 328 13 876 996 10
556 359 287 24 400 520 10
298 417 217 30 754 874 10
518 388 334 20 632 752 10
66 400 288 30 559 679 10
135 374 190 20 573 693 10
114 356 256 19 365 485 10
731 417 218 10 1112 1232 10
909 387 297 10 561 681 10
74 358 183 20 935 1055 10
545 391 334 20 724 844 10
777 435 268 10 1247 1367 10
472 395 295 20 845 965 10
316 355 180 30 549 669 10
201 390 325 30 1005 1125 10
471 423 221 9 1033 1153 10
603 401 281 20 1044 1164 10
350 357 181 20 598 718 10
514 361 181 20 788 908 10
300 412 214 10 604 724 10
260 436 241 20 1309 1429 10
894 389 300 10 615 735 10
764 450 265 10 865 985 10
683 434 245 10 1367 1487 10
301 442 289 25 764 884 10
691 402 281 20 1000 1120 10
428 443 246 20 919 1039 10
548 435 267 20 1291 1411 10
341 410 285 20 771 891 10
63 388 331 20 580 700 10
363 374 232 33 441 561 10
303 440 241 10 1205 1325 10
544 406 285 20 715 835 10
188 439 268 10 1191 1311 10
491 453 318 30 1495 1615 10
155 439 266 10 741 861 10
883 360 184 10 886 1006 10
989 343 276 15 326 446 10
483 445 273 20 1031 1151 10
713 442 247 10 964 1084 10
170 488 173 20 1115 1235 10
685 389 334 20 676 796 10
