rc2_10_1

VEHICLE
NUMBER  CAPACITY
250   1000

CUSTOMER
CUST NO. XCOORD. YCOORD. DEMAND READY TIME DUE DATE SERVICE TIME

0  250  250   0   0  7284   0
595 347 192 18 5953 6073 10
284 330 281 14 5322 5442 10
192 350 199 21 4806 4926 10
478 365 190 22 5910 6030 10
650 418 251 21 4787 4907 10
648 498 171 12 5026 5146 10
541 359 246 18 5691 5811 10
338 360 294 9 5671 5791 10
722 371 315 18 4663 4783 10
801 409 255 23 6090 6210 10
224 330 308 24 4682 4802 10
912 489 338 17 5589 5709 10
877 405 187 34 5002 5122 10
