r2_10_5

VEHICLE
NUMBER  CAPACITY
250   1000

CUSTOMER
CUST NO. XCOORD. YCOORD. DEMAND READY TIME DUE DATE SERVICE TIME

0  250  250   0   0  7697   0
480 132 32 18 3078 3318 10
939 87 51 35 1997 2237 10
238 100 85 14 1344 1584 10
706 95 64 4 3004 3244 10
901 142 14 18 3281 3521 10
970 109 56 27 839 1079 10
784 150 68 23 1631 1871 10
601 120 17 30 1056 1296 10
960 135 30 12 1838 2078 10
701 158 24 18 2385 2625 10
104 98 2 14 2307 2547 10
663 125 61 26 2387 2627 10
117 108 37 23 2138 2378 10
570 120 37 28 3041 3281 10
777 71 12 2 1112 1352 10
591 125 65 17 3094 3334 10
258 144 35 26 839 1079 10
613 89 65 16 2821 3061 10
