rc1_10_7

VEHICLE
NUMBER  CAPACITY
250   200

CUSTOMER
CUST NO. XCOORD. YCOORD. DEMAND READY TIME DUE DATE SERVICE TIME

0  250  250   0   0  1821   0
654 281 96 1 1086 1195 10
502 330 138 18 1085 1165 10
769 331 134 11 1100 1177 10
558 282 1 18 995 1120 10
570 344 70 24 1105 1216 10
643 352 63 6 1148 1238 10
557 297 131 25 1128 1232 10
371 323 29 7 1093 1212 10
730 195 111 15 955 1071 10
413 210 29 13 1016 1116 10
982 337 41 8 976 1058 10
42 307 52 23 882 989 10
940 224 56 13 1168 1235 10
69 325 147 14 1163 1241 10
723 200 78 31 942 1073 10
652 251 63 14 960 1044 10
