c2_10_1

VEHICLE
NUMBER   CAPACITY
250     700

CUSTOMER
CUST NO. XCOORD.  YCOORD.  DEMAND  READY TIME DUE DATE  SERVICE TIME

0   250    250     0     0    3914     0
452 196 219 30 3054 3214 90
587 144 266 30 311 471 90
196 139 262 30 1450 1610 90
493 44 153 30 1995 2155 90
638 117 204 30 1698 1858 90
94 148 225 40 613 773 90
59 121 203 10 1792 1952 90
930 124 247 20 3095 3255 90
604 152 241 20 793 953 90
742 138 272 20 1821 1981 90
252 155 198 30 118 278 90
736 167 169 20 1654 1814 90
424 108 245 20 1730 1890 90
696 121 249 20 2421 2581 90
151 63 166 30 2502 2662 90
683 107 168 20 2515 2675 90
407 65 164 20 2595 2755 90
104 128 209 20 1093 1253 90
875 108 222 10 1497 1657 90
270 189 200 10 1989 2149 90
484 53 139 30 1214 1374 90
121 63 159 20 1009 1169 90
344 134 265 20 2666 2826 90
313 80 141 30 494 654 90
122 112 243 20 2321 2481 90
721 43 125 30 1603 1763 90
306 110 241 20 2136 2296 90
422 83 151 10 300 460 90
281 94 130 10 601 761 90
923 140 265 40 1543 1703 90
103 184 188 10 1260 1420 90
636 114 169 20 2612 2772 90
289 111 244 10 2229 2389 90
101 125 264 20 2855 3015 90
677 49 136 10 1705 1865 90
60 118 256 10 2519 2679 90
859 148 270 10 119 279 90
166 120 210 20 1282 1442 90
842 128 240 10 3285 3445 90
631 123 206 10 1885 2045 90
557 121 236 10 2034 2194 90
29 48 137 20 1797 1957 90
897 110 199 10 2207 2367 90
275 57 131 10 1403 1563 90
442 118 214 20 240 400 90
183 152 196 10 212 372 90
586 140 220 30 803 963 90
480 59 159 10 1103 1263 90
880 127 278 10 2106 2266 90
768 51 162 20 2213 2373 90
866 132 272 30 2294 2454 90
914 77 133 10 709 869 90
176 112 208 10 1601 1761 90
21 149 183 20 3108 3268 90
553 77 172 20 2976 3136 90
505 173 208 30 1881 2041 90
425 129 267 10 2480 2640 90
691 129 185 20 2814 2974 90
14 143 266 10 402 562 90
476 116 259 20 2613 2773 90
994 109 250 10 1540 1700 90
37 90 270 10 565 725 90
550 95 160 10 179 339 90
643 71 163 20 2785 2945 90
449 96 152 20 197 357 90
393 125 212 10 1187 1347 90
777 94 247 30 853 1013 90
933 74 165 10 2878 3038 90
308 152 260 10 98 258 90
987 152 225 30 994 1154 90
25 115 269 10 2956 3116 90
18 90 168 20 3080 3240 90
862 143 257 10 501 661 90
629 140 180 20 3009 3169 90
421 140 206 30 408 568 90
955 138 196 30 1993 2153 90
627 112 251 10 1633 1793 90
548 138 276 10 1915 2075 90
382 137 227 20 115 275 90
963 78 141 30 402 562 90
346 111 279 30 141 301 90
855 101 263 20 1156 1316 90
850 103 251 10 1258 1418 90
405 151 214 10 511 671 90
554 147 199 30 308 468 90
431 136 217 30 898 1058 90
848 183 187 20 1768 1928 90
74 101 179 20 2412 2572 90
666 106 248 20 1446 1606 90
903 118 223 10 339 499 90
985 59 128 20 1496 1656 90
795 133 278 10 2010 2170 90
949 163 277 10 3492 3652 90
373 141 267 10 1635 1795 90
787 59 163 20 2311 2471 90
893 104 198 20 2303 2463 90
90 131 269 10 2388 2548 90
334 137 186 10 2912 3072 90
944 96 269 10 965 1125 90
191 139 269 20 1728 1888 90
285 155 242 10 886 1046 90
27 113 229 30 1123 1283 90
17 67 153 20 912 1072 90
532 129 244 30 2908 3068 90
189 149 273 20 212 372 90
563 104 246 10 1353 1513 90
315 157 192 20 3210 3370 90
599 125 226 20 1389 1549 90
551 103 266 30 1062 1222 90
474 146 245 20 696 856 90
337 95 243 20 759 919 90
150 131 241 10 3378 3538 90
943 83 228 20 649 809 90
694 116 255 20 1239 1399 90
228 119 232 10 1939 2099 90
383 161 203 20 100 260 90
102 131 253 10 2809 2969 90
135 126 188 20 2098 2258 90
290 132 273 10 2203 2363 90
158 61 170 30 2408 2568 90
612 131 267 10 2572 2732 90
273 30 162 10 2102 2262 90
817 123 242 20 3190 3350 90
658 50 138 20 1889 2049 90
504 107 225 30 440 600 90
983 145 221 20 708 868 90
620 67 160 10 2690 2850 90
231 125 181 20 2718 2878 90
571 129 264 20 2761 2921 90
466 125 245 20 3002 3162 90
108 132 218 10 136 296 90
597 131 207 20 999 1159 90
277 107 221 40 534 694 90
740 129 255 10 2716 2876 90
992 57 132 10 1312 1472 90
538 128 249 20 1343 1503 90
881 140 252 20 597 757 90
605 71 139 30 807 967 90
316 101 237 20 1831 1991 90
