c2_10_1

VEHICLE
NUMBER   CAPACITY
250     700

CUSTOMER
CUST NO. XCOORD.  YCOORD.  DEMAND  READY TIME DUE DATE  SERVICE TIME

0   250    250     0     0    3914     0
773 244 94 20 1795 1955 90
12 225 125 20 127 287 90
216 223 90 30 2787 2947 90
578 247 89 20 2015 2175 90
968 211 198 30 2660 2820 90
461 209 201 30 2753 2913 90
376 211 188 10 660 820 90
920 229 78 20 2496 2656 90
593 200 195 20 2185 2345 90
837 243 88 20 1731 1891 90
327 231 97 20 2887 3047 90
380 232 85 10 2309 2469 90
437 259 90 30 637 797 90
8 216 117 10 429 589 90
268 236 95 30 2117 2277 90
684 220 177 20 461 621 90
663 232 87 30 1504 1664 90
936 211 97 20 812 972 90
283 243 108 20 3061 3221 90
924 238 83 20 1543 1703 90
771 247 82 30 1828 1988 90
291 228 186 20 269 429 90
641 212 96 10 904 1064 90
1 212 101 30 2662 2822 90
447 212 215 20 3160 3320 90
752 245 109 20 3089 3249 90
488 235 81 20 1450 1610 90
210 260 104 20 157 317 90
40 196 192 30 2090 2250 90
575 263 91 20 352 512 90
172 228 124 20 141 301 90
481 186 177 20 1361 1521 90
140 219 89 20 2692 2852 90
219 261 84 10 734 894 90
761 226 86 10 2595 2755 90
623 200 182 10 1153 1313 90
999 208 101 10 627 787 90
91 236 96 20 1604 1764 90
970 217 189 20 564 724 90
343 241 77 30 1225 1385 90
539 221 179 20 369 529 90
472 229 214 20 41 201 90
309 255 120 10 130 290 90
555 210 98 10 721 881 90
453 210 94 20 997 1157 90
720 211 107 10 531 691 90
284 224 93 20 2191 2351 90
843 253 81 10 1026 1186 90
732 256 117 20 3167 3327 90
788 236 92 10 2210 2370 90
525 173 169 10 1558 1718 90
420 225 192 20 74 234 90
712 223 114 20 332 492 90
886 184 178 10 1454 1614 90
247 216 93 10 2473 2633 90
506 204 189 10 2378 2538 90
188 204 90 20 1094 1254 90
601 212 168 20 860 1020 90
266 231 81 30 2403 2563 90
438 265 77 20 832 992 90
708 199 200 10 2945 3105 90
528 207 194 10 2473 2633 90
917 221 87 20 1403 1563 90
562 247 88 30 1924 2084 90
240 241 98 20 2987 3147 90
831 215 91 30 2290 2450 90
287 221 102 20 2858 3018 90
926 218 98 30 2002 2162 90
635 211 180 20 758 918 90
274 230 95 20 1899 2059 90
524 204 171 20 958 1118 90
610 220 192 20 169 329 90
965 216 92 20 2382 2542 90
204 238 57 30 1336 1496 90
545 226 120 30 235 395 90
414 203 203 10 2850 3010 90
58 259 76 10 928 1088 90
415 259 88 20 545 705 90
547 238 84 10 1634 1794 90
168 202 198 30 2278 2438 90
814 213 76 20 1300 1460 90
971 197 178 20 1058 1218 90
808 215 108 20 2760 2920 90
203 261 96 40 447 607 90
869 245 96 20 1703 1863 90
838 250 72 20 1125 1285 90
265 212 71 20 1204 1364 90
406 265 94 10 258 418 90
329 207 196 20 2565 2725 90
803 230 105 10 2958 3118 90
984 224 96 40 2098 2258 90
688 216 96 10 2566 2726 90
