r2_10_7

VEHICLE
NUMBER  CAPACITY
250   1000

CUSTOMER
CUST NO. XCOORD. YCOORD. DEMAND READY TIME DUE DATE SERVICE TIME

0  250  250   0   0  7697   0
769 371 71 21 0 7471 10
412 363 34 19 0 7444 10
256 351 60 15 0 7472 10
378 339 41 6 0 7460 10
590 364 71 5 0 7475 10
370 335 99 25 0 7514 10
55 317 45 8 0 7472 10
878 392 87 23 0 7471 10
2 325 56 13 0 7480 10
631 351 5 12 0 7422 10
447 323 34 13 0 7459 10
297 337 41 8 0 7461 10
534 367 97 17 0 7495 10
14 376 92 10 0 7485 10
409 376 113 8 0 7501 10
571 349 43 26 0 7458 10
215 389 43 21 0 7438 10
98 407 35 11 0 7421 10
856 404 59 13 0 7442 10
838 400 71 17 0 7454 10
820 365 28 9 0 7437 10
792 372 97 13 0 7492 10
