rc1_10_2

VEHICLE
NUMBER  CAPACITY
250   200

CUSTOMER
CUST NO. XCOORD. YCOORD. DEMAND READY TIME DUE DATE SERVICE TIME

0  250  250   0   0  1821   0
327 250 405 20 162 192 10
281 213 399 18 234 264 10
37 268 400 20 243 273 10
932 272 402 10 160 190 10
225 246 398 40 148 178 10
440 220 392 20 258 288 10
144 142 372 18 162 192 10
741 313 391 5 154 184 10
581 225 369 38 121 151 10
487 241 403 10 220 250 10
878 269 402 20 203 233 10
362 266 405 20 217 247 10
906 250 411 30 188 218 10
383 146 376 8 234 264 10
974 270 401 20 152 182 10
448 215 395 20 242 272 10
920 166 440 12 207 237 10
17 203 390 40 159 189 10
534 267 400 10 232 262 10
82 277 403 10 175 205 10
855 210 391 30 146 176 10
679 208 396 20 176 206 10
626 170 347 15 436 466 10
271 299 353 34 114 144 10
436 272 403 30 190 220 10
148 267 394 10 259 289 10
876 213 397 10 217 247 10
862 244 368 25 414 444 10
549 245 408 10 204 234 10
617 307 412 8 404 434 10
240 248 404 30 154 184 10
107 249 407 10 174 204 10
853 243 399 10 235 265 10
2 214 394 10 231 261 10
