c2_10_7

VEHICLE
NUMBER   CAPACITY
250     700

CUSTOMER
CUST NO. XCOORD.  YCOORD.  DEMAND  READY TIME DUE DATE  SERVICE TIME

0   250    250     0     0    3914     0
468 449 140 20 539 1082 90
471 446 139 20 292 1143 90
34 456 154 10 227 1087 90
139 420 168 10 2900 3636 90
372 466 169 30 2443 2720 90
81 440 173 10 2658 3619 90
66 453 164 10 2842 3490 90
49 452 154 30 223 1033 90
796 446 169 10 2680 3612 90
772 457 142 20 750 1068 90
495 444 157 10 215 1022 90
439 460 173 20 2694 3241 90
954 464 178 10 2404 3137 90
179 460 183 10 2720 3015 90
410 465 176 20 2652 2705 90
766 463 161 30 2109 2857 90
134 450 153 20 372 854 90
155 441 157 10 212 850 90
48 457 160 10 2577 3564 90
