c2_10_7

VEHICLE
NUMBER   CAPACITY
250     700

CUSTOMER
CUST NO. XCOORD.  YCOORD.  DEMAND  READY TIME DUE DATE  SERVICE TIME

0   250    250     0     0    3914     0
15 252 347 10 2465 3517 90
292 221 374 30 796 1625 90
348 239 373 10 1321 2650 90
559 203 369 10 624 1218 90
600 254 335 10 2688 3498 90
80 216 380 20 2345 2415 90
31 220 394 10 2514 3211 90
542 214 372 10 574 1472 90
652 261 371 20 679 1437 90
96 266 373 10 737 1008 90
960 264 365 10 1323 1348 90
962 233 346 20 2478 3103 90
676 260 330 40 2971 3595 90
335 229 396 30 2681 3244 90
47 229 364 10 2283 2901 90
115 222 381 20 2320 3019 90
157 251 376 10 2901 3631 90
118 220 384 10 2502 3024 90
67 277 371 30 325 1025 90
907 262 352 10 1085 2347 90
312 232 378 20 1737 2811 90
958 241 362 10 1921 3059 90
680 220 362 20 1025 1797 90
146 241 375 10 1808 2349 90
584 234 383 10 1946 2411 90
61 236 361 30 1723 1863 90
350 284 360 30 214 564 90
149 257 336 10 2802 3570 90
282 222 356 20 1494 1882 90
494 263 351 10 1571 1679 90
374 258 350 20 1688 2116 90
521 254 357 20 1545 2639 90
577 253 382 10 2611 3692 90
513 206 377 20 134 1290 90
78 272 365 30 446 1099 90
23 209 358 30 1088 2025 90
428 213 363 30 954 1674 90
99 220 379 10 2158 2790 90
73 278 357 10 110 645 90
352 279 369 10 229 935 90
590 202 386 20 144 1324 90
775 244 371 20 1943 2837 90
182 242 350 10 2392 3389 90
390 265 358 20 1156 1709 90
651 278 329 10 83 935 90
731 241 391 30 2878 3253 90
403 261 350 10 1387 2231 90
764 250 367 20 1937 2449 90
900 216 374 30 826 1405 90
491 261 370 30 1019 1279 90
827 277 369 30 437 543 90
20 259 355 20 1811 2183 90
236 204 371 30 509 1148 90
519 239 369 30 1521 2261 90
310 214 382 30 2265 2878 90
187 262 368 30 1184 1299 90
867 206 379 10 234 860 90
794 210 359 10 1112 2184 90
890 208 371 20 360 1109 90
807 234 350 10 2554 2839 90
746 263 372 10 784 1149 90
245 255 371 40 2076 2503 90
126 220 359 30 1331 1678 90
342 280 351 30 105 952 90
878 222 357 30 1234 1959 90
184 268 351 10 926 2133 90
