c2_10_7

VEHICLE
NUMBER   CAPACITY
250     700

CUSTOMER
CUST NO. XCOORD.  YCOORD.  DEMAND  READY TIME DUE DATE  SERVICE TIME

0   250    250     0     0    3914     0
465 345 15 20 1178 1946 90
205 383 18 20 1151 2294 90
319 378 46 30 3101 3240 90
451 336 7 10 1509 1820 90
404 389 33 20 3038 3088 90
294 390 9 30 770 1916 90
490 367 59 10 3045 3453 90
759 366 57 20 2883 3430 90
849 392 31 20 2930 3010 90
864 385 28 10 1933 2799 90
416 362 17 10 1535 2392 90
499 347 40 30 231 1089 90
124 343 27 20 1183 1369 90
457 406 37 40 264 1247 90
52 368 17 20 1814 2389 90
715 386 28 20 1892 3282 90
863 393 2 30 527 1591 90
164 352 38 10 563 848 90
518 408 20 30 495 612 90
693 387 21 10 1230 2025 90
770 383 41 20 2314 3216 90
331 382 17 20 1624 2004 90
510 390 17 30 1086 1979 90
678 356 28 20 954 1207 90
477 374 55 30 2785 2958 90
107 420 20 30 430 880 90
700 366 16 20 1655 2461 90
576 401 15 20 503 1027 90
201 351 33 20 324 1277 90
621 390 42 20 2435 2901 90
701 348 16 30 1399 2320 90
894 346 13 20 1291 2241 90
370 370 55 10 2370 3562 90
409 363 55 10 2681 3445 90
515 375 31 20 2136 2395 90
935 405 24 10 274 727 90
650 405 47 10 255 847 90
244 373 22 10 2036 2748 90
165 395 1 30 912 1021 90
598 405 5 20 556 1175 90
727 396 4 10 827 1478 90
607 393 13 20 1103 1772 90
706 384 24 10 1962 3400 90
70 353 32 10 795 1175 90
876 341 26 10 1249 1487 90
381 391 23 10 2325 3232 90
912 397 27 20 2224 2712 90
11 365 18 20 2036 2551 90
302 363 62 20 2533 3605 90
259 378 25 10 2086 2890 90
910 361 15 20 1975 2422 90
297 397 40 40 2249 2893 90
223 394 10 40 792 1705 90
655 381 20 20 1655 2161 90
918 347 23 30 740 1620 90
685 347 21 20 998 1935 90
496 374 17 10 1406 2604 90
909 351 31 20 859 927 90
443 395 30 20 2459 3293 90
952 366 34 10 2042 2289 90
