c2_10_7

VEHICLE
NUMBER   CAPACITY
250     700

CUSTOMER
CUST NO. XCOORD.  YCOORD.  DEMAND  READY TIME DUE DATE  SERVICE TIME

0   250    250     0     0    3914     0
668 206 313 20 1726 2616 90
913 179 311 10 175 607 90
141 189 327 10 98 958 90
816 183 340 10 2469 3044 90
945 179 284 30 643 1579 90
919 176 358 10 1742 2569 90
836 197 350 30 874 1659 90
755 198 334 20 1971 2596 90
665 174 304 20 93 597 90
35 216 307 20 2160 3032 90
797 188 356 20 1942 1981 90
237 173 328 10 2218 2904 90
401 185 301 20 1210 1611 90
613 200 297 30 68 1308 90
891 190 292 10 362 1289 90
751 170 338 20 2126 2603 90
728 222 317 30 2381 2609 90
220 176 296 20 1027 1592 90
974 197 351 20 1086 1628 90
28 205 343 20 572 1392 90
535 185 293 10 614 1406 90
300 180 335 20 2023 3299 90
540 194 296 20 348 1111 90
333 198 284 10 62 603 90
648 209 307 10 1615 2167 90
959 207 289 20 2787 3367 90
964 196 348 10 680 1669 90
314 188 330 30 565 621 90
567 192 306 20 1546 1660 90
769 194 353 20 1059 1842 90
671 206 295 10 2802 2975 90
441 201 331 20 311 1263 90
397 188 293 30 482 1353 90
239 200 327 30 2620 3733 90
865 204 291 20 2776 3190 90
170 191 352 20 117 582 90
628 184 354 30 1833 2279 90
973 206 312 40 1726 2434 90
781 211 308 30 1741 2226 90
872 199 305 30 1403 1997 90
432 165 333 20 2339 2583 90
940 186 372 20 1444 2087 90
804 196 302 20 242 466 90
997 175 282 10 602 1809 90
202 216 316 20 2148 2649 90
713 191 308 20 82 723 90
332 206 326 30 3271 3381 90
97 201 273 30 54 913 90
582 167 304 20 99 1020 90
783 200 342 10 579 1574 90
596 187 362 20 1662 2069 90
194 201 307 10 1467 2119 90
911 195 300 10 385 691 90
884 216 300 30 2285 3102 90
261 184 340 10 2500 3195 90
296 189 368 20 132 1109 90
882 218 298 30 2498 3074 90
341 189 339 50 2423 3463 90
829 194 301 30 75 1016 90
114 169 360 20 2056 2448 90
526 190 332 20 314 1057 90
473 197 301 10 146 380 90
142 191 309 10 1265 1755 90
511 207 337 20 97 1687 90
585 199 327 10 3096 3182 90
948 189 338 10 2794 3274 90
