r2_10_9

VEHICLE
NUMBER  CAPACITY
250   1000

CUSTOMER
CUST NO. XCOORD. YCOORD. DEMAND READY TIME DUE DATE SERVICE TIME

0  250  250   0   0  7697   0
7 36 301 21 758 1001 10
811 44 311 27 1650 1730 10
318 35 263 27 949 1333 10
740 84 255 13 1043 1333 10
867 110 251 23 1847 2254 10
736 55 318 13 948 1668 10
563 13 314 14 861 1210 10
910 48 293 22 1150 1177 10
705 66 314 26 684 875 10
610 52 303 25 1640 2009 10
668 80 251 14 1037 1512 10
698 71 304 19 2563 3070 10
395 68 303 22 940 950 10
649 87 311 7 671 721 10
482 83 290 14 2236 2744 10
556 100 266 5 1700 2178 10
160 92 259 4 1565 1750 10
417 83 300 26 1936 2181 10
387 16 287 12 923 1363 10
629 33 268 18 2750 2936 10
996 32 319 21 1582 1742 10
492 71 282 29 2305 2948 10
835 37 281 17 1722 2343 10
