r1_10_10

VEHICLE
NUMBER  CAPACITY
250   200

CUSTOMER
CUST NO. XCOORD. YCOORD. DEMAND READY TIME DUE DATE SERVICE TIME

0  250  250   0   0  1925   0
722 420 383 27 925 1068 10
852 346 354 8 773 892 10
44 370 382 11 859 938 10
996 413 345 20 1178 1288 10
355 398 341 33 889 1019 10
310 366 390 23 1286 1380 10
998 380 350 15 796 967 10
705 396 417 13 776 875 10
578 411 396 23 862 1009 10
862 381 328 12 668 796 10
40 406 408 15 1411 1532 10
728 368 311 14 885 997 10
612 371 315 18 1113 1249 10
772 348 348 23 893 1006 10
565 374 306 4 931 1087 10
771 394 322 12 978 1101 10
19 387 394 8 1044 1182 10
475 421 387 15 752 880 10
833 401 314 25 930 1052 10
957 394 310 10 1066 1161 10
649 411 379 25 1138 1279 10
5 377 385 6 804 958 10
523 421 386 29 764 915 10
381 332 382 2 936 1115 10
828 434 359 13 1352 1462 10
132 331 356 13 646 807 10
