r2_10_9

VEHICLE
NUMBER  CAPACITY
250   1000

CUSTOMER
CUST NO. XCOORD. YCOORD. DEMAND READY TIME DUE DATE SERVICE TIME

0  250  250   0   0  7697   0
982 370 493 22 2301 2389 10
419 379 486 22 2652 2841 10
551 395 474 26 1431 1785 10
517 329 456 19 920 1192 10
468 328 458 17 2943 3320 10
615 368 452 16 2692 2788 10
700 396 417 13 3102 3499 10
391 351 481 10 1260 1434 10
481 334 403 26 329 1067 10
301 340 416 36 1180 1509 10
532 354 416 10 2597 2957 10
578 347 459 25 1688 2268 10
352 406 460 2 2792 3081 10
358 404 439 3 862 1168 10
38 328 491 21 2638 2908 10
24 371 488 10 2207 2575 10
271 334 481 32 1280 1483 10
276 371 423 10 579 1110 10
936 345 431 12 1270 1610 10
641 381 457 28 1650 2236 10
18 398 476 25 1534 1931 10
172 360 488 19 1175 1470 10
163 332 459 35 1260 1809 10
197 373 421 21 927 1092 10
