r1_10_6

VEHICLE
NUMBER   CAPACITY
250     200

CUSTOMER
CUST NO. XCOORD.  YCOORD.  DEMAND  READY TIME DUE DATE  SERVICE TIME

0   250    250     0     0    1925     0
773 309 161 23 583 613 10
587 392 1 11 605 635 10
668 404 59 13 913 943 10
465 335 46 18 0 1694 10
467 432 66 30 1071 1101 10
292 371 71 21 287 317 10
756 461 182 13 629 659 10
193 429 59 9 0 1654 10
322 389 255 15 785 815 10
968 309 29 11 1294 1324 10
348 392 87 23 0 1699 10
94 452 172 9 608 638 10
454 423 170 27 513 543 10
600 432 2 20 0 1608 10
339 288 70 24 183 213 10
785 295 89 23 742 772 10
376 420 80 24 0 1675 10
542 325 56 13 796 826 10
989 441 60 21 1459 1489 10
689 337 41 8 1002 1032 10
652 394 47 5 313 343 10
471 354 156 20 832 862 10
864 344 70 24 1146 1176 10
209 398 210 31 153 183 10
870 432 199 7 0 1726 10
960 391 202 14 0 1767 10
988 495 199 25 337 367 10
8 466 149 16 1186 1216 10
962 276 84 20 0 1747 10
676 441 177 23 1001 1031 10
735 482 141 14 1011 1041 10
268 481 84 17 506 536 10
360 341 72 9 805 835 10
686 355 174 33 0 1786 10
153 367 97 17 988 1018 10
684 441 7 20 392 422 10
797 443 167 17 543 573 10
317 388 44 22 1131 1161 10
613 333 163 32 0 1795 10
889 323 77 36 0 1728 10
270 397 57 17 1476 1506 10
163 384 149 18 1197 1227 10
891 351 148 30 461 491 10
47 371 163 21 828 858 10
344 349 76 15 1031 1061 10
602 489 159 29 0 1660 10
4 439 237 11 939 969 10
497 380 194 3 0 1774 10
936 365 28 9 268 298 10
115 476 61 36 449 479 10
558 436 123 40 0 1690 10
159 404 207 6 0 1756 10
924 420 224 10 429 459 10
568 442 153 29 1189 1219 10
974 480 119 7 628 658 10
286 361 178 5 0 1783 10
422 461 195 26 1395 1425 10
291 352 63 6 1178 1208 10
560 449 190 2 1140 1170 10
752 349 43 26 229 259 10
575 447 184 27 424 454 10
535 482 104 19 807 837 10
931 372 97 13 214 244 10
745 415 207 18 900 930 10
67 440 201 29 893 923 10
139 409 155 19 0 1730 10
953 495 83 32 0 1619 10
978 440 77 14 0 1659 10
300 374 116 9 587 617 10
510 417 212 12 910 940 10
195 498 171 12 1256 1286 10
678 463 253 23 1047 1077 10
119 426 231 24 1028 1058 10
847 281 96 1 0 1758 10
477 415 118 19 0 1704 10
648 482 184 14 0 1674 10
592 437 98 16 1114 1144 10
314 390 34 7 1060 1090 10
921 343 166 28 876 906 10
709 400 71 17 1372 1402 10
372 344 203 14 167 197 10
892 426 38 23 609 639 10
576 341 59 27 790 820 10
458 324 99 10 338 368 10
818 452 110 14 0 1670 10
36 492 34 5 811 841 10
397 475 198 20 0 1685 10
271 372 39 10 724 754 10
91 363 34 19 272 302 10
269 495 227 20 0 1669 10
584 351 128 15 1253 1283 10
505 339 144 13 1099 1129 10
170 389 156 27 716 746 10
546 332 5 14 1033 1063 10
221 383 17 15 940 970 10
973 401 164 13 0 1742 10
826 439 222 22 980 1010 10
711 438 127 2 941 971 10
87 327 139 13 1257 1287 10
288 456 157 20 1455 1485 10
399 481 207 34 856 886 10
639 458 213 22 1128 1158 10
692 303 78 12 179 209 10
37 412 100 1 513 543 10
76 407 35 11 0 1649 10
359 471 94 30 999 1029 10
46 480 136 22 0 1659 10
109 500 228 8 0 1665 10
149 398 49 21 792 822 10
871 391 112 24 1000 1030 10
941 347 184 15 1079 1109 10
49 438 5 18 549 579 10
129 325 147 14 1187 1217 10
561 456 113 17 1227 1257 10
778 393 98 13 753 783 10
494 376 92 10 0 1713 10
894 347 192 18 1488 1518 10
181 392 95 16 766 796 10
987 331 134 11 1124 1154 10
202 343 205 26 767 797 10
624 351 5 12 496 526 10
935 375 145 12 929 959 10
660 385 17 40 809 839 10
13 290 145 5 1282 1312 10
782 405 187 34 1251 1281 10
368 306 42 11 0 1700 10
332 307 52 23 920 950 10
720 437 90 12 585 615 10
955 390 120 24 1004 1034 10
351 413 127 28 831 861 10
809 466 96 22 1383 1413 10
646 318 99 35 1213 1243 10
506 454 201 16 0 1706 10
653 323 29 7 1137 1167 10
244 365 190 22 1477 1507 10
311 436 25 19 1282 1312 10
590 415 253 21 367 397 10
508 365 119 30 382 412 10
572 297 131 25 1165 1195 10
165 271 128 12 346 376 10
580 323 34 13 0 1687 10
821 262 97 17 947 977 10
787 363 225 35 856 886 10
601 396 83 15 1586 1616 10
112 345 146 27 0 1775 10
90 335 99 25 1218 1248 10
598 480 131 5 688 718 10
463 374 232 33 125 155 10
482 273 70 36 619 649 10
774 385 58 24 0 1681 10
100 492 188 33 715 745 10
54 423 221 9 258 288 10
917 268 113 21 0 1777 10
679 435 180 37 225 255 10
562 480 152 26 0 1665 10
70 390 249 21 582 612 10
512 472 248 11 0 1693 10
868 455 168 21 867 897 10
17 485 104 21 794 824 10
876 364 173 30 180 210 10
55 459 53 20 0 1628 10
295 282 10 30 0 1673 10
564 343 34 7 725 755 10
524 399 175 13 747 777 10
661 382 110 24 1112 1142 10
241 441 100 31 0 1673 10
357 461 186 16 0 1695 10
434 389 43 21 0 1666 10
827 386 225 13 919 949 10
20 472 57 17 1295 1325 10
131 415 95 15 1177 1207 10
642 339 41 6 456 486 10
991 452 206 31 492 522 10
64 451 62 5 282 312 10
965 292 136 28 781 811 10
645 292 104 26 304 334 10
633 404 140 8 1259 1289 10
975 488 96 22 1066 1096 10
887 418 251 21 1197 1227 10
114 330 147 28 848 878 10
187 450 45 24 504 534 10
169 439 156 2 0 1704 10
414 497 18 10 1130 1160 10
230 351 60 15 0 1700 10
784 265 0 10 0 1665 10
823 364 71 5 1348 1378 10
83 470 138 16 1389 1419 10
232 429 67 16 732 762 10
767 321 149 18 0 1792 10
464 339 113 14 761 791 10
168 488 173 25 1210 1240 10
116 386 245 16 479 509 10
904 376 113 8 0 1729 10
318 269 112 19 1263 1293 10
883 409 255 23 0 1756 10
245 282 1 18 0 1664 10
154 488 3 3 401 431 10
839 429 169 8 903 933 10
273 292 32 14 229 259 10
869 428 202 24 904 934 10
658 330 138 18 0 1778 10
396 262 92 25 630 660 10
812 450 194 27 625 655 10
406 397 153 29 882 912 10
620 382 9 30 274 304 10
326 493 111 26 541 571 10
56 386 154 31 1101 1131 10
108 350 199 21 1201 1231 10
611 385 239 21 786 816 10
766 365 74 24 848 878 10
793 418 75 11 448 478 10
984 372 115 13 364 394 10
417 442 5 16 320 350 10
184 317 45 8 0 1700 10
952 437 19 15 1014 1044 10
725 484 224 7 300 330 10
538 494 165 19 0 1657 10
605 460 117 14 520 550 10
378 497 54 14 978 1008 10
