c2_10_8

VEHICLE
NUMBER  CAPACITY
250   700

CUSTOMER
CUST NO. XCOORD. YCOORD. DEMAND READY TIME DUE DATE SERVICE TIME

0  250  250   0   0  3914   0
360 57 367 20 1929 2569 90
754 54 372 20 1751 2391 90
799 69 485 10 2018 2658 90
127 147 435 10 1871 2511 90
941 116 446 20 1658 2298 90
741 59 377 20 1848 2488 90
695 50 368 30 1741 2381 90
464 65 357 10 2214 2854 90
418 59 358 20 2118 2758 90
574 151 436 10 2146 2786 90
145 77 483 20 2299 2939 90
904 149 444 20 2335 2975 90
51 67 387 10 2136 2776 90
412 75 379 30 2327 2967 90
444 125 444 10 1757 2397 90
87 58 364 10 2022 2662 90
467 52 369 30 1833 2473 90
226 73 484 20 2205 2845 90
888 150 435 20 2055 2695 90
502 51 364 10 1647 2287 90
371 149 434 30 1963 2603 90
125 67 485 40 1926 2566 90
358 67 377 10 1946 2586 90
972 60 497 10 1637 2277 90
868 69 383 10 2230 2870 90
711 151 442 20 2242 2882 90
83 66 491 20 1830 2470 90
232 69 493 20 1737 2377 90
263 70 482 20 2111 2751 90
750 50 383 10 1649 2289 90
198 67 380 20 2039 2679 90
