rc2_10_8

VEHICLE
NUMBER  CAPACITY
250   1000

CUSTOMER
CUST NO. XCOORD. YCOORD. DEMAND READY TIME DUE DATE SERVICE TIME

0  250  250   0   0  7284   0
85 355 174 33 2757 3085 10
883 360 184 10 681 1211 10
68 378 199 10 604 1174 10
927 352 176 20 304 705 10
143 371 193 20 148 923 10
363 374 232 33 421 581 10
74 358 183 20 672 1317 10
285 344 203 14 604 855 10
519 401 164 13 2190 2900 10
806 379 196 20 710 962 10
954 371 200 10 589 1325 10
517 359 179 20 363 1054 10
360 376 190 30 407 955 10
727 293 228 19 173 213 10
38 391 202 14 472 719 10
135 374 190 20 392 874 10
514 361 181 20 617 1080 10
316 355 180 30 415 803 10
602 376 195 10 480 1087 10
426 367 178 20 778 784 10
273 355 177 20 450 663 10
588 359 182 20 631 1163 10
350 357 181 20 276 1040 10
52 375 191 30 449 1005 10
162 371 192 30 315 843 10
951 389 156 27 2854 2990 10
405 364 173 30 509 1053 10
379 399 175 13 2794 3301 10
275 306 235 25 57 466 10
