rc2_10_10

VEHICLE
NUMBER  CAPACITY
250   1000

CUSTOMER
CUST NO. XCOORD. YCOORD. DEMAND READY TIME DUE DATE SERVICE TIME

0  250  250   0   0  7284   0
332 420 383 27 3688 4288 10
70 421 386 29 3057 3657 10
1 440 436 18 3328 3928 10
831 448 414 23 4651 5251 10
840 470 417 11 2707 3307 10
459 370 382 11 3295 3895 10
802 449 428 25 4747 5347 10
29 421 387 15 2965 3565 10
936 425 448 9 2938 3538 10
498 377 385 6 3225 3825 10
910 433 447 20 2937 3537 10
432 470 405 17 3463 4063 10
662 411 379 25 4533 5133 10
