r2_10_9

VEHICLE
NUMBER   CAPACITY
250     1000

CUSTOMER
CUST NO. XCOORD.  YCOORD.  DEMAND  READY TIME DUE DATE  SERVICE TIME

0   250    250     0     0    7697     0
156 448 414 23 4668 5234 10
968 410 399 25 722 1268 10
945 466 362 15 4624 4715 10
388 450 416 25 2310 2425 10
836 414 378 23 1912 2167 10
837 475 352 33 1211 1388 10
864 421 386 29 3190 3525 10
380 411 379 25 4599 5068 10
760 441 374 10 714 1192 10
988 413 391 8 902 955 10
121 470 405 17 3581 3946 10
122 448 397 33 3404 3640 10
958 463 406 23 3320 3659 10
680 421 387 15 3120 3409 10
483 411 396 23 3628 3853 10
162 468 360 16 854 1458 10
897 406 408 15 5712 6057 10
621 448 404 15 2302 2610 10
61 453 360 13 750 1098 10
263 471 368 19 1503 2041 10
940 468 352 9 2964 3301 10
109 465 367 14 3937 4398 10
99 420 383 27 3856 4119 10
614 495 355 3 4907 5159 10
840 429 389 18 1622 1891 10
434 470 417 11 2998 3017 10
682 434 359 13 5371 5886 10
904 418 399 20 1678 1943 10
33 447 383 17 890 1012 10
808 387 394 8 4304 4597 10
972 479 387 13 1522 1778 10
688 491 369 28 2763 3194 10
