r2_10_9

VEHICLE
NUMBER   CAPACITY
250     1000

CUSTOMER
CUST NO. XCOORD.  YCOORD.  DEMAND  READY TIME DUE DATE  SERVICE TIME

0   250    250     0     0    7697     0
455 250 57 26 2821 3285 10
756 165 59 27 3702 3961 10
339 206 97 33 1757 1947 10
267 172 66 18 5248 5294 10
253 239 15 2 2380 2571 10
507 172 24 17 5691 6046 10
437 174 122 14 2182 2685 10
960 135 30 12 1572 2343 10
962 235 33 30 5322 5494 10
328 200 27 22 2051 2266 10
683 257 57 18 4678 5250 10
497 142 30 32 4903 5184 10
672 187 73 18 1199 1258 10
258 144 35 26 875 1042 10
518 157 38 3 4009 4494 10
300 224 56 13 4607 5005 10
331 202 28 22 3599 3994 10
851 142 80 12 1874 2183 10
166 174 41 15 5250 5297 10
477 251 63 14 3846 4173 10
648 210 81 2 1548 1765 10
480 132 32 18 3002 3393 10
619 224 3 10 2642 3001 10
146 218 12 3 1980 2492 10
309 173 65 12 1596 2112 10
243 209 68 27 6076 6589 10
541 200 78 31 3954 4108 10
701 158 24 18 2322 2688 10
366 201 66 14 4572 4882 10
325 198 85 28 875 1346 10
41 168 109 10 733 1021 10
470 147 30 26 4300 4689 10
985 241 38 16 1789 2584 10
617 171 34 21 4373 4892 10
609 187 61 19 2046 2433 10
173 156 65 22 4049 4369 10
70 191 84 13 3319 3737 10
786 215 79 5 759 1150 10
831 235 13 27 1303 1687 10
524 140 108 29 4146 4543 10
922 195 111 15 3971 4133 10
491 253 50 27 831 1094 10
901 142 14 18 3115 3686 10
763 244 13 24 4089 4135 10
905 196 56 15 2369 2626 10
310 245 42 24 2109 2390 10
860 240 34 28 6135 6462 10
114 179 75 13 2844 3195 10
138 174 67 15 4764 5433 10
784 150 68 23 1631 1872 10
656 149 98 4 4582 4858 10
473 168 59 6 1372 1676 10
824 178 72 23 2840 3335 10
383 210 29 13 4053 4473 10
746 171 24 11 5447 5740 10
971 212 47 20 3135 3394 10
158 151 81 28 6142 6442 10
326 138 28 23 4250 4642 10
565 231 29 14 4956 4974 10
486 265 0 10 3294 3994 10
