rc1_10_5

VEHICLE
NUMBER  CAPACITY
250   200

CUSTOMER
CUST NO. XCOORD. YCOORD. DEMAND READY TIME DUE DATE SERVICE TIME

0  250  250   0   0  1821   0
709 313 126 10 219 298 10
933 317 123 20 195 216 10
954 371 200 10 210 268 10
612 313 119 30 198 264 10
866 319 124 20 155 230 10
285 344 203 14 141 223 10
517 359 179 20 142 213 10
74 358 183 20 213 284 10
767 315 121 10 195 242 10
883 360 184 10 207 265 10
143 371 193 20 133 157 10
350 357 181 20 127 212 10
162 371 192 30 134 162 10
135 374 190 20 137 216 10
68 378 199 10 205 239 10
806 379 196 20 177 241 10
264 323 118 20 150 233 10
316 355 180 30 138 167 10
51 314 124 20 231 261 10
235 326 118 10 152 265 10
514 361 181 20 169 256 10
927 352 176 20 126 182 10
405 364 173 30 166 225 10
273 355 177 20 127 150 10
588 359 182 20 197 252 10
602 376 195 10 160 231 10
426 367 178 20 155 235 10
787 324 127 30 143 225 10
52 375 191 30 164 200 10
360 376 190 30 139 211 10
