rc2_10_6

VEHICLE
NUMBER  CAPACITY
250   1000

CUSTOMER
CUST NO. XCOORD. YCOORD. DEMAND READY TIME DUE DATE SERVICE TIME

0  250  250   0   0  7284   0
994 209 68 27 6212 6452 10
54 242 106 28 5014 5254 10
209 265 0 10 3524 3764 10
259 253 74 20 5340 5580 10
435 257 57 18 4844 5084 10
413 210 29 13 4143 4383 10
385 235 33 30 5288 5528 10
723 200 78 31 3911 4151 10
940 224 56 13 4686 4926 10
186 231 29 14 4845 5085 10
558 282 1 18 4110 4350 10
652 251 63 14 3890 4130 10
42 307 52 23 3622 3862 10
836 240 34 28 6178 6418 10
