rc2_10_6

VEHICLE
NUMBER   CAPACITY
250     1000

CUSTOMER
CUST NO. XCOORD.  YCOORD.  DEMAND  READY TIME DUE DATE  SERVICE TIME

0   250    250     0     0    7284     0
773 472 481 20 1246 1486 10
15 408 452 10 1028 1268 10
404 381 495 20 1230 1470 10
253 406 450 20 977 1217 10
84 384 491 20 1331 1571 10
468 494 468 31 1350 1590 10
962 468 475 10 1133 1373 10
104 438 488 18 1249 1489 10
499 477 478 20 1509 1749 10
936 425 448 9 3118 3358 10
630 405 450 20 933 1173 10
1 440 436 18 3508 3748 10
164 381 494 10 1274 1514 10
72 412 478 7 3779 4019 10
213 475 480 30 1458 1698 10
680 380 489 20 1456 1696 10
289 382 498 10 1177 1417 10
986 399 450 20 1375 1615 10
480 387 488 20 1388 1628 10
671 408 453 10 1072 1312 10
999 470 475 30 1181 1421 10
200 475 477 20 1558 1798 10
392 493 493 20 3366 3606 10
3 476 483 10 1359 1599 10
639 376 494 30 1019 1259 10
939 470 473 10 1664 1904 10
712 398 476 25 1612 1852 10
582 412 453 10 1128 1368 10
848 473 475 10 1609 1849 10
949 477 483 20 1403 1643 10
915 374 489 20 957 1197 10
71 404 447 20 880 1120 10
524 406 460 2 2817 3057 10
910 433 447 20 3117 3357 10
83 498 456 27 5564 5804 10
290 457 492 7 1972 2212 10
460 405 454 11 5152 5392 10
719 378 493 30 1067 1307 10
658 469 489 4 2162 2402 10
262 405 455 40 1303 1543 10
948 481 454 14 1222 1462 10
443 471 484 10 1299 1539 10
56 419 459 20 1205 1445 10
681 380 498 10 1129 1369 10
277 379 486 22 2627 2867 10
