rc2_10_6

VEHICLE
NUMBER   CAPACITY
250     1000

CUSTOMER
CUST NO. XCOORD.  YCOORD.  DEMAND  READY TIME DUE DATE  SERVICE TIME

0   250    250     0     0    7284     0
95 429 389 18 1636 1876 10
802 449 428 25 4927 5167 10
828 419 422 20 1045 1285 10
250 434 359 13 5509 5749 10
662 411 379 25 4713 4953 10
29 421 387 15 3145 3385 10
897 418 399 20 1691 1931 10
892 419 418 10 936 1176 10
498 377 385 6 3405 3645 10
432 470 405 17 3643 3883 10
98 414 378 23 1919 2159 10
211 411 421 20 1200 1440 10
577 471 368 19 1652 1892 10
332 420 383 27 3868 4108 10
702 421 415 30 881 1121 10
431 413 421 10 1152 1392 10
821 416 420 20 1099 1339 10
194 448 404 15 2336 2576 10
651 489 437 29 2767 3007 10
598 479 387 13 1530 1770 10
482 491 369 28 2858 3098 10
774 422 420 20 990 1230 10
70 421 386 29 3237 3477 10
798 422 409 10 817 1057 10
831 448 414 23 4831 5071 10
512 416 417 20 1312 1552 10
55 417 417 10 1268 1508 10
133 460 328 13 816 1056 10
912 489 338 17 5529 5769 10
840 470 417 11 2887 3127 10
724 413 391 8 808 1048 10
58 450 416 25 2247 2487 10
473 413 417 10 1364 1604 10
179 410 399 25 875 1115 10
459 370 382 11 3475 3715 10
649 468 352 9 3013 3253 10
184 492 335 10 3253 3493 10
