c1_10_1

VEHICLE
NUMBER  CAPACITY
250   200

CUSTOMER
CUST NO. XCOORD. YCOORD. DEMAND READY TIME DUE DATE SERVICE TIME

0  250  250   0   0  1824   0
857 169 340 10 737 806 90
971 217 319 10 789 851 90
376 220 319 30 971 1037 90
20 129 292 10 552 610 90
530 192 265 10 678 721 90
510 169 336 30 838 892 90
628 218 318 20 884 939 90
905 134 288 20 923 979 90
699 200 265 10 853 922 90
794 218 321 20 697 759 90
918 197 267 10 582 626 90
782 165 343 10 556 613 90
140 206 261 10 1050 1104 90
817 224 314 10 1074 1126 90
46 128 291 10 639 706 90
78 221 325 10 594 673 90
946 134 285 20 1104 1168 90
444 198 264 20 770 821 90
138 132 290 10 818 898 90
256 167 339 10 648 710 90
225 136 288 10 1023 1063 90
689 132 291 10 736 797 90
59 200 261 10 945 1017 90
