c2_10_6

VEHICLE
NUMBER  CAPACITY
250   700

CUSTOMER
CUST NO. XCOORD. YCOORD. DEMAND READY TIME DUE DATE SERVICE TIME

0  250  250   0   0  3914   0
889 395 365 30 185 722 90
566 394 356 30 178 628 90
110 406 339 20 179 630 90
230 366 346 20 472 983 90
589 368 325 30 139 661 90
359 370 353 10 586 1065 90
413 404 378 10 718 1156 90
303 375 342 10 742 1296 90
509 360 338 10 140 618 90
130 368 340 10 245 836 90
475 401 368 20 452 1036 90
394 361 337 50 167 718 90
722 369 351 20 753 1084 90
825 400 376 40 541 1143 90
86 394 367 30 197 723 90
580 366 341 20 362 903 90
339 393 368 10 317 787 90
835 378 326 30 148 691 90
689 383 351 20 167 796 90
669 412 367 20 809 1271 90
132 400 364 30 440 859 90
