rc2_10_8

VEHICLE
NUMBER   CAPACITY
250     1000

CUSTOMER
CUST NO. XCOORD.  YCOORD.  DEMAND  READY TIME DUE DATE  SERVICE TIME

0   250    250     0     0    7284     0
141 294 421 26 6237 6486 10
968 311 422 29 3703 4320 10
398 348 348 23 3640 3958 10
741 313 391 5 399 917 10
237 331 356 13 2855 2959 10
271 299 353 34 273 640 10
498 377 385 6 3247 3803 10
88 334 403 26 402 994 10
49 340 416 36 1032 1656 10
202 346 354 8 3057 3602 10
217 287 397 12 2210 2424 10
850 286 356 30 127 769 10
617 307 412 8 1527 1823 10
459 370 382 11 3225 3965 10
265 330 371 1 2111 2477 10
