rc1_10_1

VEHICLE
NUMBER  CAPACITY
250   200

CUSTOMER
CUST NO. XCOORD. YCOORD. DEMAND READY TIME DUE DATE SERVICE TIME

0  250  250   0   0  1821   0
640 20 73 10 290 320 10
748 44 115 24 246 276 10
943 16 68 20 314 344 10
418 24 68 20 414 444 10
343 21 64 20 352 382 10
851 15 69 10 296 326 10
914 23 67 30 389 419 10
266 25 65 10 376 406 10
204 17 65 20 327 357 10
881 15 68 10 303 333 10
816 24 65 10 365 395 10
687 18 24 32 628 658 10
254 75 118 21 409 439 10
422 18 63 10 339 369 10
174 71 12 2 297 327 10
717 6 53 8 587 617 10
572 21 68 20 401 431 10
488 30 72 10 432 462 10
