c2_10_10

VEHICLE
NUMBER  CAPACITY
250   700

CUSTOMER
CUST NO. XCOORD. YCOORD. DEMAND READY TIME DUE DATE SERVICE TIME

0  250  250   0   0  3914   0
858 298 430 30 186 1066 90
479 325 490 10 563 1443 90
991 320 476 30 236 1116 90
500 318 493 10 465 1345 90
117 311 496 10 368 1248 90
826 290 416 30 170 1050 90
460 314 449 30 209 1089 90
730 322 454 20 216 1096 90
364 317 467 20 227 1107 90
820 310 484 30 266 1146 90
625 298 438 10 207 1087 90
810 283 425 20 498 1378 90
929 290 425 30 179 1059 90
419 316 453 20 213 1093 90
9 294 437 30 301 1181 90
338 297 430 20 186 1066 90
279 290 417 10 171 1051 90
981 292 434 10 395 1275 90
