c1_10_4

VEHICLE
NUMBER  CAPACITY
250   200

CUSTOMER
CUST NO. XCOORD. YCOORD. DEMAND READY TIME DUE DATE SERVICE TIME

0  250  250   0   0  1824   0
805 72 96 20 0 1499 90
198 237 43 20 0 1527 90
50 108 26 10 0 1469 90
834 15 69 10 0 1438 90
415 96 97 20 0 1517 90
236 25 65 10 0 1443 90
434 174 26 10 0 1498 90
374 123 155 10 0 1576 90
390 72 148 20 0 1529 90
310 30 72 10 0 1452 90
460 131 56 10 0 1507 90
454 182 14 10 0 1489 90
197 233 47 20 0 1531 90
313 67 108 10 0 1503 90
360 37 51 10 0 1443 90
705 108 105 20 0 1532 90
122 113 106 20 0 1536 90
682 125 32 30 0 1483 90
148 121 157 10 0 1575 90
399 203 7 20 0 1487 90
462 97 93 20 0 1515 90
351 125 39 20 0 1489 90
502 0 120 30 0 1453 90
291 120 159 10 0 1576 90
870 65 153 30 0 1526 90
852 132 55 10 0 1507 90
596 129 27 10 0 1481 90
428 133 53 20 0 1505 90
352 61 147 40 0 1519 90
74 64 108 10 0 1500 90
569 91 101 10 0 1517 90
630 21 64 20 0 1439 90
878 73 101 20 0 1503 90
500 13 51 10 0 1425 90
846 186 7 20 0 1483 90
113 22 37 10 0 1422 90
876 67 105 10 0 1501 90
98 202 8 10 0 1488 90
842 105 22 30 0 1464 90
328 188 12 30 0 1489 90
683 199 12 20 0 1491 90
763 37 55 10 0 1446 90
57 118 157 20 0 1573 90
372 48 72 30 0 1465 90
82 202 9 10 0 1489 90
497 167 27 30 0 1497 90
562 123 159 20 0 1578 90
418 117 152 20 0 1569 90
501 200 13 10 0 1492 90
786 66 156 10 0 1528 90
641 48 78 20 0 1469 90
196 8 116 20 0 1458 90
271 17 65 20 0 1437 90
674 7 118 20 0 1458 90
773 107 112 30 0 1536 90
991 46 74 20 0 1465 90
448 22 40 30 0 1425 90
895 66 98 20 0 1496 90
338 64 99 10 0 1495 90
513 121 151 20 0 1572 90
627 93 96 20 0 1515 90
764 204 15 20 0 1495 90
984 166 34 20 0 1503 90
416 68 99 10 0 1498 90
465 6 114 10 0 1455 90
156 208 11 20 0 1492 90
247 22 33 10 0 1420 90
678 109 108 10 0 1534 90
347 19 43 20 0 1424 90
593 113 156 10 0 1568 90
459 104 28 20 0 1469 90
869 71 156 10 0 1532 90
765 173 28 10 0 1500 90
484 168 24 10 0 1494 90
662 8 120 10 0 1460 90
244 169 31 20 0 1501 90
603 108 116 30 0 1539 90
532 44 79 10 0 1467 90
159 118 153 30 0 1571 90
382 124 56 20 0 1503 90
616 68 108 10 0 1504 90
634 182 4 10 0 1479 90
301 44 47 20 0 1445 90
749 133 26 10 0 1482 90
642 24 68 20 0 1444 90
799 198 9 20 0 1488 90
222 2 116 20 0 1453 90
820 7 123 30 0 1460 90
131 116 156 10 0 1571 90
935 167 24 20 0 1494 90
445 179 7 20 0 1481 90
201 180 6 10 0 1481 90
214 232 42 10 0 1526 90
461 111 110 20 0 1537 90
481 67 109 20 0 1503 90
475 126 30 10 0 1482 90
127 122 35 10 0 1484 90
822 105 27 10 0 1469 90
559 88 95 20 0 1510 90
536 26 45 30 0 1431 90
564 39 50 30 0 1444 90
709 43 71 40 0 1461 90
675 107 26 10 0 1469 90
80 24 65 10 0 1442 90
977 74 146 30 0 1530 90
234 71 103 20 0 1503 90
653 170 26 10 0 1497 90
264 23 67 30 0 1443 90
92 189 7 30 0 1484 90
172 87 96 30 0 1510 90
750 21 68 20 0 1442 90
517 176 8 10 0 1481 90
872 102 29 30 0 1469 90
344 198 12 10 0 1491 90
452 22 38 20 0 1423 90
672 49 76 20 0 1469 90
635 26 36 10 0 1425 90
406 9 124 20 0 1463 90
698 95 92 20 0 1513 90
114 65 100 10 0 1496 90
426 197 11 10 0 1490 90
95 20 73 10 0 1444 90
966 24 41 10 0 1427 90
200 188 4 20 0 1481 90
235 125 29 30 0 1481 90
