rc1_10_5

VEHICLE
NUMBER  CAPACITY
250   200

CUSTOMER
CUST NO. XCOORD. YCOORD. DEMAND READY TIME DUE DATE SERVICE TIME

0  250  250   0   0  1821   0
306 91 101 10 259 367 10
640 20 73 10 290 342 10
596 95 92 20 229 306 10
733 132 57 20 226 309 10
125 150 68 23 409 466 10
356 128 113 22 338 417 10
190 187 73 18 268 346 10
916 126 30 10 265 309 10
457 120 17 30 277 312 10
418 24 68 20 392 466 10
462 43 135 31 236 338 10
422 18 63 10 324 385 10
174 71 12 2 297 353 10
137 97 93 20 237 274 10
488 30 72 10 418 476 10
947 124 56 20 231 279 10
653 132 55 10 248 317 10
543 168 59 6 368 394 10
914 23 67 30 352 457 10
373 144 35 26 239 370 10
800 93 96 20 232 248 10
851 15 69 10 296 358 10
943 16 68 20 296 391 10
312 94 97 20 224 234 10
816 24 65 10 350 411 10
204 17 65 20 339 344 10
525 88 95 20 275 296 10
310 133 26 10 322 331 10
510 21 146 21 470 534 10
530 122 35 10 250 326 10
788 87 96 30 284 310 10
743 125 32 30 251 345 10
881 15 68 10 297 347 10
572 21 68 20 364 468 10
885 130 57 40 227 290 10
479 133 53 20 258 330 10
44 131 56 10 252 289 10
748 44 115 24 246 300 10
827 125 39 20 245 267 10
254 75 118 21 419 430 10
563 125 29 30 274 323 10
27 130 140 17 189 230 10
898 109 56 27 239 283 10
212 132 30 20 323 359 10
343 21 64 20 331 403 10
31 136 52 10 302 313 10
621 129 27 10 302 323 10
342 96 97 20 217 269 10
266 25 65 10 365 417 10
