c1_10_5

VEHICLE
NUMBER  CAPACITY
250   200

CUSTOMER
CUST NO. XCOORD. YCOORD. DEMAND READY TIME DUE DATE SERVICE TIME

0  250  250   0   0  1824   0
492 67 452 30 285 443 90
789 117 467 10 254 393 90
103 115 465 10 365 510 90
948 56 428 20 394 503 90
882 51 447 10 413 525 90
711 12 451 20 311 454 90
364 66 448 10 270 338 90
258 101 386 20 307 457 90
681 54 424 10 285 423 90
570 55 449 20 278 405 90
350 49 451 20 314 435 90
403 13 455 10 346 465 90
664 18 484 10 345 495 90
219 65 453 30 393 520 90
79 22 483 30 325 466 90
823 101 385 20 239 344 90
553 116 466 20 289 403 90
317 100 387 10 404 544 90
571 57 425 20 260 387 90
652 101 384 30 200 296 90
