c1_10_5

VEHICLE
NUMBER  CAPACITY
250   200

CUSTOMER
CUST NO. XCOORD. YCOORD. DEMAND READY TIME DUE DATE SERVICE TIME

0  250  250   0   0  1824   0
690 18 462 20 1005 1100 90
176 63 444 20 1054 1176 90
579 110 459 30 1029 1136 90
614 17 459 10 1185 1289 90
185 64 426 10 1122 1263 90
375 16 497 20 1007 1154 90
713 60 428 20 1033 1162 90
387 26 490 10 1278 1406 90
431 100 394 10 990 1082 90
845 17 458 10 1255 1402 90
538 111 459 20 1108 1239 90
436 24 492 10 1212 1341 90
606 102 391 20 1082 1177 90
701 25 499 10 1118 1241 90
812 16 460 20 1099 1193 90
237 58 449 30 956 1080 90
