c1_10_5

VEHICLE
NUMBER  CAPACITY
250   200

CUSTOMER
CUST NO. XCOORD. YCOORD. DEMAND READY TIME DUE DATE SERVICE TIME

0  250  250   0   0  1824   0
752 53 440 10 591 725 90
49 21 485 30 458 568 90
240 59 459 20 597 696 90
91 55 428 20 481 597 90
972 111 467 20 568 676 90
505 94 383 10 599 723 90
170 62 453 10 475 624 90
490 21 488 10 614 779 90
378 55 431 20 673 772 90
489 21 487 10 552 659 90
974 112 465 10 658 770 90
729 14 459 20 517 664 90
400 54 445 10 509 618 90
958 97 385 30 502 633 90
216 58 458 10 680 795 90
413 13 459 20 634 729 90
331 112 467 10 478 584 90
96 54 430 20 600 662 90
970 15 457 20 452 544 90
