rc2_10_4

VEHICLE
NUMBER  CAPACITY
250   1000

CUSTOMER
CUST NO. XCOORD. YCOORD. DEMAND READY TIME DUE DATE SERVICE TIME

0  250  250   0   0  7284   0
570 344 70 24 0 7071 10
553 346 57 20 0 7059 10
287 346 60 10 0 7062 10
474 339 60 20 0 7065 10
982 337 41 8 0 7048 10
435 257 57 18 0 7081 10
646 351 5 12 0 7009 10
819 347 62 10 0 7063 10
699 269 48 20 0 7072 10
129 325 56 13 0 7067 10
564 292 32 14 0 7052 10
259 253 74 20 0 7098 10
1000 341 58 10 0 7062 10
48 323 77 36 0 7087 10
441 253 50 27 0 7074 10
568 277 50 10 0 7073 10
558 282 1 18 0 7023 10
750 239 15 2 0 7039 10
371 323 29 7 0 7042 10
42 307 52 23 0 7068 10
751 342 54 20 0 7058 10
169 274 48 10 0 7071 10
118 268 52 10 0 7076 10
781 341 72 9 0 7075 10
940 224 56 13 0 7079 10
720 303 78 12 0 7095 10
429 306 42 11 0 7059 10
403 335 46 18 0 7053 10
142 343 62 10 0 7065 10
941 343 47 20 0 7051 10
186 231 29 14 0 7053 10
175 343 49 10 0 7053 10
797 275 45 20 0 7068 10
981 270 49 30 0 7073 10
470 341 59 27 0 7063 10
852 267 44 20 0 7068 10
849 275 42 30 0 7065 10
