c1_10_3

VEHICLE
NUMBER  CAPACITY
250   200

CUSTOMER
CUST NO. XCOORD. YCOORD. DEMAND READY TIME DUE DATE SERVICE TIME

0  250  250   0   0  1824   0
418 117 152 20 0 1569 90
869 71 156 10 0 1532 90
703 116 225 20 0 1598 90
71 90 237 20 0 1574 90
150 92 216 10 0 1573 90
723 92 230 20 0 1575 90
297 95 224 20 0 1577 90
870 65 153 30 0 1526 90
57 118 157 20 0 1573 90
545 98 215 20 0 1579 90
902 121 219 20 0 1602 90
524 132 223 30 0 1613 90
781 116 221 30 0 1597 90
23 131 220 30 0 1612 90
227 90 232 10 0 1573 90
186 154 207 20 0 1629 90
977 74 146 30 0 1530 90
8 89 216 10 0 1570 90
390 72 148 20 0 1529 90
433 93 235 10 0 1577 90
593 113 156 10 0 1568 90
778 96 213 30 0 1576 90
159 118 153 30 0 1571 90
77 143 207 30 0 1619 90
695 92 223 10 0 1574 90
352 61 147 40 0 1519 90
610 126 220 20 0 1607 90
417 146 205 10 0 1621 90
880 114 225 30 0 1596 90
148 121 157 10 0 1575 90
519 151 207 10 0 1627 90
441 128 225 10 0 1610 90
129 93 213 30 0 1573 90
742 112 219 20 0 1593 90
395 150 204 20 0 1624 90
828 92 234 10 0 1576 90
491 87 217 10 0 1568 90
513 121 151 20 0 1572 90
567 92 236 20 0 1576 90
943 92 232 10 0 1575 90
161 91 235 10 0 1575 90
