c1_10_3

VEHICLE
NUMBER  CAPACITY
250   200

CUSTOMER
CUST NO. XCOORD. YCOORD. DEMAND READY TIME DUE DATE SERVICE TIME

0  250  250   0   0  1824   0
291 120 159 10 306 377 90
66 99 218 30 154 205 90
282 123 222 30 376 430 90
679 115 218 10 298 341 90
394 131 226 20 121 183 90
999 94 235 20 227 266 90
109 148 211 20 167 233 90
819 95 235 10 155 227 90
562 123 159 20 156 216 90
543 121 218 20 191 257 90
246 95 234 10 315 362 90
473 152 210 20 105 163 90
40 129 223 20 274 340 90
604 112 217 20 383 443 90
