r2_10_3

VEHICLE
NUMBER  CAPACITY
250   1000

CUSTOMER
CUST NO. XCOORD. YCOORD. DEMAND READY TIME DUE DATE SERVICE TIME

0  250  250   0   0  7697   0
257 60 246 25 704 816 10
108 34 239 16 896 975 10
368 134 211 35 458 626 10
709 61 214 4 1309 1545 10
306 133 202 33 1827 1978 10
866 9 233 31 1227 1343 10
433 66 163 6 1566 1718 10
395 68 303 22 904 987 10
536 111 178 18 593 659 10
867 110 251 23 2007 2095 10
899 130 186 16 513 656 10
602 1 252 5 1103 1218 10
705 66 314 26 723 835 10
417 83 300 26 1987 2131 10
991 86 199 23 1114 1228 10
811 44 311 27 1631 1749 10
142 28 180 34 1551 1653 10
953 86 189 21 906 1028 10
668 80 251 14 1215 1334 10
835 37 281 17 1940 2125 10
