rc2_10_7

VEHICLE
NUMBER   CAPACITY
250     1000

CUSTOMER
CUST NO. XCOORD.  YCOORD.  DEMAND  READY TIME DUE DATE  SERVICE TIME

0   250    250     0     0    7284     0
455 407 88 10 1194 1521 10
205 391 112 24 3924 4198 10
638 408 84 10 982 1413 10
267 406 96 20 875 972 10
736 399 104 10 952 1486 10
673 432 66 30 4321 4369 10
103 382 110 24 4301 4718 10
978 437 98 16 4255 4774 10
239 403 93 10 1118 1728 10
674 374 116 9 2292 2525 10
445 404 83 30 1001 1506 10
804 415 95 15 4612 4921 10
321 406 94 10 748 1194 10
521 399 106 20 1095 1439 10
23 406 87 10 1065 1559 10
903 399 102 20 1018 1238 10
820 404 140 8 4915 5275 10
112 429 67 16 2914 3064 10
841 404 103 20 724 1328 10
20 409 90 20 946 1240 10
131 418 75 11 1545 2158 10
861 409 88 20 858 1424 10
171 398 97 10 691 1101 10
33 390 120 24 3978 4175 10
824 411 95 30 797 1265 10
814 391 99 20 692 960 10
670 400 103 10 902 1263 10
579 406 99 20 741 1196 10
620 376 92 10 3735 4310 10
180 398 103 30 835 1513 10
523 407 98 10 683 1066 10
