rc2_10_7

VEHICLE
NUMBER   CAPACITY
250     1000

CUSTOMER
CUST NO. XCOORD.  YCOORD.  DEMAND  READY TIME DUE DATE  SERVICE TIME

0   250    250     0     0    7284     0
452 397 18 10 1085 1371 10
198 389 17 10 1237 1808 10
844 398 23 10 853 1315 10
172 385 17 40 2988 3603 10
57 389 11 20 1153 1554 10
282 391 18 10 1483 1659 10
364 398 20 20 866 1406 10
646 351 5 12 1867 2221 10
908 365 28 9 841 1425 10
846 386 13 10 1268 1548 10
377 397 20 20 1086 1274 10
274 394 23 20 1563 1787 10
901 394 47 5 1305 1318 10
232 390 34 7 4077 4526 10
223 393 20 20 1421 1824 10
726 397 57 17 5634 6294 10
952 384 16 20 1264 1661 10
990 393 12 10 1149 1445 10
