c110_2

VEHICLE
NUMBER     CAPACITY
 250          200

CUSTOMER
CUST NO.  XCOORD.    YCOORD.    DEMAND   READY TIME  DUE DATE   SERVICE TIME

0 250 250 0 0 1824 0 13
428 133 53 20 668 720 90 0
460 131 56 10 0 1507 90 18
784 130 57 40 289 365 90 4
127 122 35 10 0 1484 90 4
675 107 26 10 0 1469 90 18
682 125 32 30 407 462 90 27
708 132 57 20 396 443 90 27
475 126 30 10 495 558 90 18
429 132 30 20 875 926 90 3
842 105 22 30 339 385 90 4
351 125 39 20 245 318 90 4
907 136 52 10 759 817 90 0
190 111 23 10 266 326 90 4
872 102 29 30 0 1469 90 3
830 102 27 20 796 852 90 0
749 133 26 10 0 1482 90 0
235 125 29 30 0 1481 90 18
822 105 27 10 0 1469 90 0
852 132 55 10 573 632 90 18
903 107 35 30 986 1041 90 3
382 124 56 20 0 1503 90 4
459 104 28 20 0 1469 90 0
50 108 26 10 423 491 90 18
596 129 27 10 680 745 90 0
