c110_2

VEHICLE
NUMBER     CAPACITY
 250          200

CUSTOMER
CUST NO.  XCOORD.    YCOORD.    DEMAND   READY TIME  DUE DATE   SERVICE TIME

0 250 250 0 0 1824 0 13
417 146 205 10 0 1621 90 27
23 131 220 30 0 1612 90 8
282 123 222 30 376 430 90 27
298 122 216 10 461 537 90 2
679 115 218 10 298 341 90 19
543 121 218 20 191 257 90 19
519 151 207 10 0 1627 90 8
441 128 225 10 0 1610 90 19
65 152 206 10 910 973 90 8
90 149 203 10 553 597 90 2
424 148 206 20 458 506 90 2
493 119 223 10 853 906 90 8
781 116 221 30 571 627 90 2
77 143 207 30 0 1619 90 19
40 129 223 20 274 340 90 19
524 132 223 30 0 1613 90 8
902 121 219 20 132 203 90 19
119 124 219 20 571 615 90 2
473 152 210 20 105 163 90 12
728 152 207 20 824 877 90 8
186 154 207 20 0 1629 90 5
109 148 211 20 167 233 90 19
394 131 226 20 121 183 90 19
395 150 204 20 639 694 90 22
610 126 220 20 0 1607 90 22
