c110_2

VEHICLE
NUMBER     CAPACITY
 250          200

CUSTOMER
CUST NO.  XCOORD.    YCOORD.    DEMAND   READY TIME  DUE DATE   SERVICE TIME

0 250 250 0 0 1824 0 13
140 206 261 10 1050 1104 90 5
855 217 323 20 424 473 90 17
918 197 267 10 582 626 90 2
368 198 271 20 0 1678 90 27
612 212 319 30 0 1656 90 19
52 200 270 20 0 1681 90 19
933 201 270 10 108 177 90 12
530 192 265 10 678 721 90 22
59 200 261 10 945 1017 90 5
699 200 265 10 853 922 90 8
817 224 314 10 0 1665 90 5
444 198 264 20 770 821 90 8
13 219 325 10 520 563 90 2
628 218 318 20 884 939 90 8
581 204 269 30 49 98 90 12
78 221 325 10 0 1654 90 20
794 218 321 20 697 759 90 22
376 220 319 30 971 1037 90 5
335 199 268 20 284 368 90 19
130 218 316 20 73 134 90 12
904 216 319 10 321 387 90 11
654 197 270 30 474 548 90 2
725 215 317 10 140 194 90 12
971 217 319 10 0 1658 90 8
