c110_2

VEHICLE
NUMBER     CAPACITY
 250          200

CUSTOMER
CUST NO.  XCOORD.    YCOORD.    DEMAND   READY TIME  DUE DATE   SERVICE TIME

0 250 250 0 0 1824 0 13
835 489 17 10 764 826 90 15
326 460 13 20 0 1418 90 9
334 459 10 10 0 1416 90 9
994 485 27 10 1231 1291 90 6
727 481 20 20 572 631 90 9
432 483 22 10 476 543 90 9
288 483 14 10 0 1403 90 15
100 460 2 20 655 720 90 15
858 491 20 20 0 1401 90 7
722 458 16 20 313 369 90 10
853 485 24 20 0 1408 90 10
447 483 27 20 1322 1384 90 6
430 464 13 20 853 906 90 15
608 488 26 30 0 1408 90 6
839 489 27 10 0 1408 90 7
361 491 25 10 0 1405 90 7
550 459 17 20 1039 1094 90 7
414 461 8 20 0 1413 90 15
718 459 14 20 372 439 90 10
802 462 14 20 0 1417 90 7
384 481 26 30 0 1413 90 10
