r2_10_9

VEHICLE
NUMBER  CAPACITY
250   1000

CUSTOMER
CUST NO. XCOORD. YCOORD. DEMAND READY TIME DUE DATE SERVICE TIME

0  250  250   0   0  7697   0
904 418 399 20 1678 1943 10
18 398 476 25 1534 1931 10
840 429 389 18 1622 1891 10
927 405 349 15 2119 2179 10
201 374 346 27 1632 1856 10
747 330 371 1 2102 2486 10
439 448 495 40 1363 1825 10
641 381 457 28 1650 2236 10
578 347 459 25 1688 2268 10
551 395 474 26 1431 1785 10
817 473 491 23 1629 1798 10
164 469 489 4 2115 2448 10
263 471 368 19 1503 2041 10
128 457 492 7 1870 2315 10
592 429 476 23 2236 2470 10
972 479 387 13 1522 1778 10
621 448 404 15 2302 2610 10
332 366 334 5 1370 2031 10
24 371 488 10 2207 2575 10
982 370 493 22 2301 2389 10
388 450 416 25 2310 2425 10
836 414 378 23 1912 2167 10
