rc1_10_1

VEHICLE
NUMBER  CAPACITY
250   200

CUSTOMER
CUST NO. XCOORD. YCOORD. DEMAND READY TIME DUE DATE SERVICE TIME

0  250  250   0   0  1821   0
884 307 102 40 210 240 10
361 481 122 30 295 325 10
337 462 14 20 397 427 10
985 493 111 26 541 571 10
528 273 55 20 196 226 10
729 435 20 20 381 411 10
965 489 27 10 421 451 10
490 324 99 10 338 368 10
969 489 17 10 380 410 10
167 459 10 10 335 365 10
841 404 103 20 242 272 10
242 460 13 20 322 352 10
16 451 62 5 282 312 10
888 479 176 20 240 270 10
579 406 99 20 227 257 10
455 407 88 10 324 354 10
533 300 108 10 150 180 10
950 481 124 10 283 313 10
856 433 15 20 297 327 10
638 408 84 10 284 314 10
198 389 17 10 366 396 10
180 398 103 30 278 308 10
446 476 94 20 274 304 10
670 400 103 10 256 286 10
701 461 8 20 369 399 10
599 479 169 20 309 339 10
523 407 98 10 218 248 10
345 479 121 10 308 338 10
776 470 125 20 253 283 10
320 476 61 36 449 479 10
110 483 14 10 363 393 10
665 478 118 20 354 384 10
390 452 172 9 608 638 10
331 480 119 7 628 658 10
612 313 119 30 216 246 10
351 476 174 30 324 354 10
171 398 97 10 212 242 10
708 491 20 20 394 424 10
676 335 57 30 210 240 10
519 401 164 13 621 651 10
282 391 18 10 378 408 10
553 346 57 20 308 338 10
990 393 12 10 309 339 10
870 299 98 30 167 197 10
239 403 93 10 341 371 10
175 343 49 10 265 295 10
245 484 174 10 265 295 10
263 485 27 10 446 476 10
235 326 118 10 152 182 10
720 303 78 12 179 209 10
377 397 20 20 280 310 10
565 262 92 25 630 660 10
321 406 94 10 228 258 10
674 374 116 9 587 617 10
183 464 13 20 385 415 10
819 347 62 10 333 363 10
866 319 124 20 178 208 10
675 478 102 10 324 354 10
521 399 106 20 302 332 10
552 477 97 10 283 313 10
170 488 173 20 279 309 10
646 351 5 12 496 526 10
852 267 44 20 256 286 10
824 411 95 30 243 273 10
441 253 50 27 226 256 10
941 343 47 20 277 307 10
998 485 24 20 326 356 10
108 488 26 30 433 463 10
35 467 114 10 376 406 10
150 472 129 10 252 282 10
963 477 122 10 330 360 10
861 409 88 20 270 300 10
571 481 84 17 506 536 10
278 435 16 10 367 397 10
493 447 184 27 424 454 10
22 347 54 10 295 325 10
784 480 136 22 256 286 10
721 344 62 10 346 376 10
797 275 45 20 225 255 10
778 409 155 19 185 215 10
274 394 23 20 404 434 10
908 365 28 9 268 298 10
594 452 110 14 340 370 10
21 307 108 10 237 267 10
325 304 97 20 182 212 10
264 323 118 20 161 191 10
896 476 102 20 336 366 10
875 477 179 20 237 267 10
23 406 87 10 313 343 10
564 292 32 14 229 259 10
504 483 22 10 334 364 10
576 481 96 20 297 327 10
288 483 27 20 458 488 10
849 275 42 30 238 268 10
267 406 96 20 219 249 10
933 317 123 20 190 220 10
981 270 49 30 292 322 10
873 459 17 20 411 441 10
20 409 90 20 258 288 10
364 398 20 20 273 303 10
829 460 2 20 353 383 10
636 304 102 30 197 227 10
96 371 71 21 287 317 10
474 339 60 20 211 241 10
846 386 13 10 337 367 10
952 384 16 20 351 381 10
813 478 99 10 311 341 10
682 440 7 20 314 344 10
736 399 104 10 290 320 10
142 343 62 10 357 387 10
756 484 171 10 293 323 10
57 389 11 20 323 353 10
195 481 20 20 347 377 10
809 435 11 40 302 332 10
456 459 14 20 315 345 10
699 269 48 20 281 311 10
767 315 121 10 203 233 10
445 404 83 30 298 328 10
380 432 2 20 467 497 10
429 306 42 11 477 507 10
223 393 20 20 391 421 10
591 484 177 20 252 282 10
814 391 99 20 206 236 10
454 488 3 3 401 431 10
1000 341 58 10 224 254 10
901 394 47 5 313 343 10
796 271 128 12 346 376 10
637 478 121 40 319 349 10
117 474 96 30 271 301 10
762 305 107 20 225 255 10
810 269 46 20 269 299 10
616 437 15 30 355 385 10
118 268 52 10 306 336 10
890 461 182 13 629 659 10
787 324 127 30 143 173 10
231 458 16 20 313 343 10
365 481 26 30 321 351 10
568 277 50 10 201 231 10
169 274 48 10 211 241 10
709 313 126 10 243 273 10
249 439 156 2 526 556 10
122 491 25 10 409 439 10
716 479 127 20 270 300 10
287 346 60 10 321 351 10
336 441 7 20 392 422 10
672 435 180 37 225 255 10
41 439 15 20 343 373 10
844 398 23 10 270 300 10
903 399 102 20 267 297 10
732 340 54 10 238 268 10
326 297 102 10 155 185 10
452 397 18 10 292 322 10
751 342 54 20 250 280 10
51 314 124 20 231 261 10
131 418 75 11 448 478 10
219 477 120 10 342 372 10
165 437 12 20 330 360 10
