r2_10_2

VEHICLE
NUMBER  CAPACITY
250   1000

CUSTOMER
CUST NO. XCOORD. YCOORD. DEMAND READY TIME DUE DATE SERVICE TIME

0  250  250   0   0  7697   0
237 188 119 44 3903 4016 10
546 273 70 36 2458 2617 10
486 265 0 10 3570 3718 10
756 165 59 27 3762 3901 10
70 191 84 13 3472 3584 10
437 174 122 14 2376 2491 10
619 224 3 10 2774 2869 10
913 257 133 19 3418 3600 10
903 307 52 23 3703 3781 10
943 206 174 14 3201 3318 10
523 262 92 25 2507 2657 10
224 262 97 17 3785 3912 10
423 268 113 21 2734 2823 10
763 244 13 24 4068 4156 10
422 282 1 18 4184 4276 10
525 235 108 12 4307 4449 10
383 210 29 13 4213 4314 10
477 251 63 14 3981 4039 10
216 292 136 28 3126 3239 10
526 210 133 15 2767 2862 10
521 210 113 28 2778 2864 10
541 200 78 31 3981 4080 10
824 178 72 23 3035 3139 10
922 195 111 15 3991 4114 10
905 196 56 15 2398 2597 10
114 179 75 13 2982 3057 10
331 202 28 22 3733 3860 10
605 264 135 1 3525 3630 10
947 206 172 29 3131 3293 10
