r1_10_7

VEHICLE
NUMBER  CAPACITY
250   200

CUSTOMER
CUST NO. XCOORD. YCOORD. DEMAND READY TIME DUE DATE SERVICE TIME

0  250  250   0   0  1925   0
862 381 328 12 0 1763 10
419 448 404 15 0 1665 10
722 420 383 27 0 1700 10
219 491 369 28 0 1647 10
848 387 349 9 0 1746 10
954 468 352 9 0 1675 10
789 466 362 15 0 1672 10
578 411 396 23 0 1698 10
19 387 394 8 0 1717 10
994 408 318 15 0 1743 10
557 479 387 13 0 1649 10
705 396 417 13 0 1694 10
40 406 408 15 0 1693 10
649 411 379 25 0 1709 10
852 346 354 8 0 1774 10
310 366 390 23 0 1734 10
133 374 346 27 0 1759 10
957 394 310 10 0 1759 10
123 413 391 8 0 1700 10
803 471 368 19 0 1665 10
128 447 383 17 0 1678 10
874 465 367 14 0 1671 10
910 468 360 16 0 1671 10
475 421 387 15 0 1696 10
849 398 329 17 0 1748 10
