r1_10_9

VEHICLE
NUMBER  CAPACITY
250   200

CUSTOMER
CUST NO. XCOORD. YCOORD. DEMAND READY TIME DUE DATE SERVICE TIME

0  250  250   0   0  1925   0
34 406 460 2 700 768 10
132 331 356 13 696 757 10
760 368 452 16 653 716 10
280 371 488 10 570 625 10
419 448 404 15 566 661 10
124 370 493 22 563 610 10
579 450 416 25 562 621 10
180 414 378 23 490 530 10
236 354 416 10 655 733 10
822 469 489 4 528 613 10
130 489 437 29 690 753 10
490 422 498 5 680 735 10
207 457 492 7 512 535 10
783 330 371 1 545 603 10
405 470 417 11 725 778 10
776 312 453 6 543 586 10
228 436 467 12 711 792 10
78 347 459 25 470 519 10
25 429 476 23 559 618 10
11 328 491 21 673 714 10
749 379 486 22 660 713 10
