c1_10_5

VEHICLE
NUMBER  CAPACITY
250   200

CUSTOMER
CUST NO. XCOORD. YCOORD. DEMAND READY TIME DUE DATE SERVICE TIME

0  250  250   0   0  1824   0
400 54 445 10 509 618 90
91 55 428 20 481 597 90
752 53 440 10 591 725 90
219 65 453 30 393 520 90
378 55 431 20 673 772 90
364 66 448 10 270 338 90
711 12 451 20 311 454 90
240 59 459 20 597 696 90
882 51 447 10 413 525 90
490 21 488 10 614 779 90
664 18 484 10 345 495 90
729 14 459 20 517 664 90
970 15 457 20 452 544 90
489 21 487 10 552 659 90
269 50 438 20 689 815 90
350 49 451 20 314 435 90
571 57 425 20 260 387 90
681 54 424 10 285 423 90
216 58 458 10 680 795 90
403 13 455 10 346 465 90
413 13 459 20 634 729 90
170 62 453 10 475 624 90
492 67 452 30 285 443 90
570 55 449 20 278 405 90
948 56 428 20 394 503 90
79 22 483 30 325 466 90
49 21 485 30 458 568 90
96 54 430 20 600 662 90
