c2_10_7

VEHICLE
NUMBER  CAPACITY
250   700

CUSTOMER
CUST NO. XCOORD. YCOORD. DEMAND READY TIME DUE DATE SERVICE TIME

0  250  250   0   0  3914   0
889 395 365 30 185 690 90
566 394 356 30 178 813 90
697 404 346 10 950 1536 90
110 406 339 20 179 796 90
230 366 346 20 591 864 90
589 368 325 30 139 690 90
359 370 353 10 717 934 90
385 384 346 20 964 1858 90
413 404 378 10 718 1155 90
303 375 342 10 715 1323 90
159 386 357 20 1118 1907 90
509 360 338 10 140 920 90
130 368 340 10 296 785 90
475 401 368 20 316 1171 90
262 402 362 20 1005 1876 90
394 361 337 50 141 1011 90
501 399 352 10 897 1783 90
722 369 351 20 664 1172 90
825 400 376 40 723 962 90
512 409 361 30 661 1612 90
362 386 361 30 1139 2075 90
269 386 344 20 1210 1427 90
148 403 361 10 1190 1875 90
86 394 367 30 303 617 90
541 413 350 10 1209 2066 90
580 366 341 20 311 955 90
339 393 368 10 185 1462 90
835 378 326 30 148 506 90
689 383 351 20 167 809 90
106 389 342 10 718 1732 90
669 412 367 20 765 1315 90
446 391 334 20 885 1368 90
132 400 364 30 574 725 90
