rc2_10_4

VEHICLE
NUMBER  CAPACITY
250   1000

CUSTOMER
CUST NO. XCOORD. YCOORD. DEMAND READY TIME DUE DATE SERVICE TIME

0  250  250   0   0  7284   0
107 249 407 10 695 815 10
330 263 418 25 1114 1234 10
657 207 400 20 762 882 10
581 225 369 38 426 546 10
878 269 402 20 811 931 10
281 213 399 18 936 1056 10
853 243 399 10 939 1059 10
855 210 391 30 566 686 10
534 267 400 10 929 1049 10
362 266 405 20 868 988 10
876 213 397 10 869 989 10
148 267 394 10 1037 1157 10
238 210 398 10 817 937 10
932 272 402 10 638 758 10
10 226 423 15 788 908 10
617 307 412 8 1615 1735 10
