rc1_10_5

VEHICLE
NUMBER  CAPACITY
250   200

CUSTOMER
CUST NO. XCOORD. YCOORD. DEMAND READY TIME DUE DATE SERVICE TIME

0  250  250   0   0  1821   0
521 399 106 20 298 336 10
20 409 90 20 247 299 10
903 399 102 20 243 321 10
736 399 104 10 279 331 10
861 409 88 20 271 299 10
171 398 97 10 212 269 10
814 391 99 20 206 281 10
180 398 103 30 274 312 10
23 406 87 10 309 347 10
579 406 99 20 225 260 10
455 407 88 10 297 381 10
824 411 95 30 223 295 10
523 407 98 10 218 281 10
267 406 96 20 219 295 10
674 374 116 9 581 624 10
239 403 93 10 320 391 10
321 406 94 10 220 305 10
841 404 103 20 239 274 10
131 418 75 11 449 476 10
670 400 103 10 234 307 10
445 404 83 30 296 330 10
638 408 84 10 254 345 10
