r2_10_2

VEHICLE
NUMBER   CAPACITY
250     1000

CUSTOMER
CUST NO. XCOORD.  YCOORD.  DEMAND  READY TIME DUE DATE  SERVICE TIME

0   250    250     0     0    7697     0
22 143 158 12 562 659 10
816 144 220 35 0 7577 10
59 159 226 16 314 439 10
471 131 246 17 3348 3429 10
8 117 178 28 4484 4574 10
283 149 214 7 0 7580 10
306 133 202 33 1827 1978 10
43 87 213 18 0 7520 10
934 158 179 37 373 557 10
953 86 189 21 906 1028 10
140 94 192 1 0 7521 10
107 153 192 13 0 7574 10
239 103 177 28 2494 2637 10
826 132 151 22 0 7533 10
711 140 137 32 2276 2401 10
37 130 247 17 423 538 10
76 153 244 5 460 523 10
581 134 194 19 6631 6703 10
536 111 178 18 593 659 10
368 134 211 35 458 626 10
911 105 181 19 0 7527 10
644 105 140 27 678 779 10
295 130 140 17 783 889 10
991 86 199 23 1114 1228 10
899 130 186 16 513 656 10
414 146 188 6 0 7566 10
279 153 235 10 324 462 10
42 111 192 11 0 7537 10
611 89 185 16 2401 2517 10
180 105 137 32 1799 1940 10
385 148 208 22 0 7577 10
