r2_10_2

VEHICLE
NUMBER   CAPACITY
250     1000

CUSTOMER
CUST NO. XCOORD.  YCOORD.  DEMAND  READY TIME DUE DATE  SERVICE TIME

0   250    250     0     0    7697     0
587 29 358 23 2425 2581 10
161 59 388 20 2650 2772 10
879 13 394 15 0 7410 10
919 80 337 28 4483 4590 10
665 80 400 10 5772 5918 10
327 29 336 22 1319 1454 10
209 67 378 26 0 7464 10
686 46 389 22 0 7441 10
889 50 383 20 1056 1145 10
212 44 344 12 0 7461 10
810 48 366 29 0 7455 10
21 0 356 13 4346 4464 10
456 77 372 19 0 7476 10
561 62 375 16 1410 1500 10
933 34 329 2 4172 4292 10
321 58 391 16 3528 3651 10
448 84 377 10 3699 3831 10
516 78 406 15 3818 3986 10
699 43 360 2 3339 3463 10
405 95 382 19 929 1041 10
125 12 358 7 4891 5024 10
438 49 353 15 5810 5879 10
280 12 367 27 1282 1444 10
278 94 344 26 2746 2832 10
54 67 352 20 1514 1592 10
764 51 360 13 0 7460 10
876 7 382 27 3053 3231 10
1000 26 342 12 1298 1390 10
563 13 314 14 985 1086 10
996 32 319 21 1621 1703 10
566 89 358 23 4950 5147 10
255 65 343 38 802 976 10
337 96 346 26 765 836 10
790 35 344 21 3418 3607 10
208 80 357 1 2093 2271 10
