r2_10_2

VEHICLE
NUMBER   CAPACITY
250     1000

CUSTOMER
CUST NO. XCOORD.  YCOORD.  DEMAND  READY TIME DUE DATE  SERVICE TIME

0   250    250     0     0    7697     0
322 260 472 33 4143 4265 10
198 247 443 17 0 7494 10
974 259 498 33 0 7439 10
489 283 438 3 939 1032 10
218 245 461 8 0 7476 10
355 283 454 14 5107 5134 10
964 294 421 26 6292 6431 10
976 277 428 7 1931 2112 10
183 263 418 25 1117 1230 10
854 284 457 17 6018 6090 10
282 255 487 19 1556 1747 10
13 222 499 7 0 7437 10
453 272 420 7 5515 5691 10
843 268 458 24 0 7479 10
435 226 423 15 832 863 10
382 250 441 5 0 7496 10
346 288 439 16 1121 1187 10
431 239 486 3 0 7451 10
572 230 487 20 0 7450 10
758 225 488 28 0 7448 10
296 274 442 17 4301 4350 10
890 244 422 14 2134 2288 10
413 274 441 12 2762 2915 10
569 256 441 34 722 807 10
214 237 420 15 0 7517 10
874 278 450 29 5504 5615 10
