r2_10_2

VEHICLE
NUMBER   CAPACITY
250     1000

CUSTOMER
CUST NO. XCOORD.  YCOORD.  DEMAND  READY TIME DUE DATE  SERVICE TIME

0   250    250     0     0    7697     0
452 225 269 30 5082 5205 10
303 230 320 8 4770 4887 10
95 240 255 33 6404 6604 10
802 211 248 26 69 243 10
294 213 283 14 5885 6002 10
593 161 275 21 5370 5524 10
741 159 299 12 0 7584 10
307 235 316 2 2616 2751 10
313 267 290 15 111 236 10
752 222 331 10 2158 2279 10
210 216 341 19 0 7590 10
349 195 273 22 156 320 10
72 215 293 13 128 315 10
139 235 288 18 83 244 10
662 181 260 23 0 7618 10
557 214 274 24 5490 5583 10
323 217 333 26 0 7598 10
338 224 320 36 5187 5202 10
89 166 247 1 291 382 10
806 172 292 17 370 485 10
671 179 318 2 0 7589 10
880 259 301 25 383 528 10
36 187 263 35 0 7623 10
710 240 240 35 6820 6897 10
973 167 291 27 0 7595 10
251 273 300 30 153 288 10
87 246 314 36 5773 5910 10
487 268 288 26 5075 5181 10
411 228 260 12 6450 6514 10
421 175 239 23 256 351 10
284 169 305 21 0 7590 10
548 221 291 9 184 305 10
364 226 316 21 234 328 10
848 229 322 11 6635 6767 10
191 251 238 27 12 119 10
912 215 282 21 5764 5879 10
896 244 277 18 5204 5326 10
235 162 306 22 494 580 10
20 179 286 8 1380 1469 10
131 172 314 9 0 7587 10
583 214 311 14 225 341 10
39 161 276 8 476 711 10
946 201 278 13 170 282 10
887 190 267 36 7024 7126 10
187 180 283 23 2963 3107 10
547 214 245 8 0 7651 10
179 221 269 14 5064 5179 10
807 228 287 21 97 248 10
384 178 302 19 3553 3659 10
667 171 303 18 6334 6501 10
426 162 301 16 6423 6601 10
329 157 269 31 6317 6414 10
984 247 306 33 182 266 10
184 218 271 16 6280 6429 10
316 210 276 5 138 243 10
