r1_10_1

VEHICLE
NUMBER  CAPACITY
250   200

CUSTOMER
CUST NO. XCOORD. YCOORD. DEMAND READY TIME DUE DATE SERVICE TIME

0  250  250   0   0  1925   0
955 390 120 24 1014 1024 10
512 472 248 11 844 854 10
560 449 190 2 1150 1160 10
624 351 5 12 506 516 10
774 385 58 24 415 425 10
482 273 70 36 629 639 10
968 309 29 11 1304 1314 10
94 452 172 9 618 628 10
766 365 74 24 858 868 10
689 337 41 8 1012 1022 10
268 481 84 17 516 526 10
660 385 17 40 819 829 10
564 343 34 7 735 745 10
642 339 41 6 466 476 10
633 404 140 8 1269 1279 10
587 392 1 11 615 625 10
422 461 195 26 1405 1415 10
83 470 138 16 1399 1409 10
869 428 202 24 914 924 10
600 432 2 20 477 487 10
360 341 72 9 815 825 10
823 364 71 5 1358 1368 10
812 450 194 27 635 645 10
892 426 38 23 619 629 10
36 492 34 5 821 831 10
300 374 116 9 597 607 10
55 459 53 20 1132 1142 10
542 325 56 13 806 816 10
561 456 113 17 1237 1247 10
131 415 95 15 1187 1197 10
826 439 222 22 990 1000 10
149 398 49 21 802 812 10
399 481 207 34 866 876 10
153 367 97 17 998 1008 10
64 451 62 5 292 302 10
988 495 199 25 347 357 10
576 341 59 27 800 810 10
168 488 173 25 1220 1230 10
326 493 111 26 551 561 10
870 432 199 7 649 659 10
818 452 110 14 350 360 10
871 391 112 24 1010 1020 10
434 389 43 21 406 416 10
709 400 71 17 1382 1392 10
580 323 34 13 1325 1335 10
558 436 123 40 225 235 10
546 332 5 14 1043 1053 10
809 466 96 22 1393 1403 10
195 498 171 12 1266 1276 10
67 440 201 29 903 913 10
193 429 59 9 469 479 10
332 307 52 23 930 940 10
904 376 113 8 524 534 10
598 480 131 5 698 708 10
678 463 253 23 1057 1067 10
76 407 35 11 1298 1308 10
661 382 110 24 1122 1132 10
115 476 61 36 459 469 10
978 440 77 14 923 933 10
538 494 165 19 614 624 10
17 485 104 21 804 814 10
139 409 155 19 185 195 10
8 466 149 16 1196 1206 10
868 455 168 21 877 887 10
46 480 136 22 256 266 10
984 372 115 13 374 384 10
169 439 156 2 536 546 10
368 306 42 11 487 497 10
154 488 3 3 411 421 10
756 461 182 13 639 649 10
839 429 169 8 913 923 10
648 482 184 14 1117 1127 10
605 460 117 14 530 540 10
676 441 177 23 1011 1021 10
467 432 66 30 1081 1091 10
653 323 29 7 1147 1157 10
20 472 57 17 1305 1315 10
269 495 227 20 354 364 10
109 500 228 8 792 802 10
91 363 34 19 282 292 10
221 383 17 15 950 960 10
506 454 201 16 1315 1325 10
679 435 180 37 235 245 10
975 488 96 22 1076 1086 10
793 418 75 11 458 468 10
592 437 98 16 1124 1134 10
314 390 34 7 1070 1080 10
417 442 5 16 330 340 10
339 288 70 24 189 199 10
376 420 80 24 1107 1117 10
725 484 224 7 310 320 10
271 372 39 10 734 744 10
720 437 90 12 595 605 10
684 441 7 20 402 412 10
692 303 78 12 179 189 10
4 439 237 11 949 959 10
652 394 47 5 323 333 10
232 429 67 16 742 752 10
100 492 188 33 725 735 10
989 441 60 21 1469 1479 10
357 461 186 16 1522 1532 10
292 371 71 21 297 307 10
752 349 43 26 229 239 10
535 482 104 19 817 827 10
465 335 46 18 1352 1362 10
181 392 95 16 776 786 10
568 442 153 29 1199 1209 10
711 438 127 2 951 961 10
359 471 94 30 1009 1019 10
562 480 152 26 1032 1042 10
477 415 118 19 227 237 10
668 404 59 13 923 933 10
348 392 87 23 1193 1203 10
639 458 213 22 1138 1148 10
602 489 159 29 1438 1448 10
273 292 32 14 239 249 10
620 382 9 30 282 292 10
991 452 206 31 502 512 10
184 317 45 8 668 678 10
454 423 170 27 523 533 10
936 365 28 9 278 288 10
311 436 25 19 1292 1302 10
37 412 100 1 523 533 10
735 482 141 14 1021 1031 10
291 352 63 6 1188 1198 10
953 495 83 32 451 461 10
344 349 76 15 1041 1051 10
241 441 100 31 883 893 10
494 376 92 10 1001 1011 10
187 450 45 24 514 524 10
889 323 77 36 1415 1425 10
778 393 98 13 763 773 10
931 372 97 13 224 234 10
317 388 44 22 1141 1151 10
351 413 127 28 841 851 10
974 480 119 7 638 648 10
270 397 57 17 1486 1496 10
288 456 157 20 1465 1475 10
864 344 70 24 1156 1166 10
952 437 19 15 1024 1034 10
797 443 167 17 553 563 10
397 475 198 20 845 855 10
230 351 60 15 220 230 10
378 497 54 14 988 998 10
601 396 83 15 1596 1606 10
414 497 18 10 1140 1150 10
575 447 184 27 434 444 10
49 438 5 18 559 569 10
