r2_10_8

VEHICLE
NUMBER  CAPACITY
250   1000

CUSTOMER
CUST NO. XCOORD. YCOORD. DEMAND READY TIME DUE DATE SERVICE TIME

0  250  250   0   0  7697   0
145 293 174 31 0 7600 10
856 404 59 13 0 7442 10
797 371 163 21 0 7538 10
365 354 156 20 0 7547 10
78 498 171 12 0 7427 10
770 439 156 2 0 7476 10
637 437 98 16 0 7447 10
379 440 201 29 0 7491 10
928 472 248 11 0 7465 10
969 405 187 34 0 7520 10
684 428 202 24 0 7503 10
217 426 38 23 0 7412 10
645 282 10 30 0 7445 10
83 276 84 20 0 7519 10
839 286 244 31 0 7651 10
488 476 61 36 0 7393 10
245 415 95 15 0 7461 10
948 471 94 30 0 7417 10
94 375 145 12 0 7524 10
229 359 246 18 0 7578 10
416 432 66 30 0 7429 10
552 481 207 34 0 7453 10
224 262 97 17 0 7534 10
443 480 119 7 0 7423 10
81 398 49 21 0 7438 10
248 439 222 22 0 7496 10
475 295 89 23 0 7520 10
612 341 59 27 0 7476 10
742 485 104 21 0 7411 10
427 281 96 1 0 7530 10
97 454 201 16 0 7478 10
739 289 220 19 0 7638 10
900 382 110 24 0 7495 10
828 292 104 26 0 7536 10
720 441 177 23 0 7483 10
923 383 17 15 0 7419 10
965 318 99 35 0 7522 10
623 386 225 13 0 7549 10
749 458 213 22 0 7476 10
449 292 32 14 0 7465 10
792 372 97 13 0 7492 10
598 324 99 10 0 7519 10
809 374 232 33 0 7562 10
185 365 119 30 0 7513 10
942 347 184 15 0 7570 10
622 390 120 24 0 7496 10
219 415 253 21 0 7522 10
68 374 116 9 0 7505 10
825 409 155 19 0 7502 10
105 461 186 16 0 7467 10
571 349 43 26 0 7458 10
870 308 199 14 0 7610 10
676 492 34 5 0 7363 10
631 351 5 12 0 7422 10
19 307 249 10 0 7630 10
669 455 168 21 0 7467 10
500 451 62 5 0 7412 10
829 443 167 17 0 7477 10
651 397 57 17 0 7445 10
639 391 202 14 0 7539 10
783 438 5 18 0 7379 10
378 339 41 6 0 7460 10
834 452 172 9 0 7471 10
761 399 175 13 0 7521 10
534 367 97 17 0 7495 10
227 390 249 21 0 7547 10
32 261 138 1 0 7575 10
885 450 194 27 0 7480 10
496 488 96 22 0 7404 10
14 376 92 10 0 7485 10
738 263 153 12 0 7590 10
921 291 251 20 0 7646 10
409 376 113 8 0 7501 10
871 423 221 9 0 7512 10
298 372 39 10 0 7444 10
690 351 128 15 0 7529 10
348 267 162 6 0 7598 10
659 497 54 14 0 7372 10
538 441 7 20 0 7378 10
744 389 255 15 0 7548 10
11 436 123 40 0 7462 10
50 295 247 12 0 7642 10
412 363 34 19 0 7444 10
35 461 195 26 0 7469 10
661 437 19 15 0 7390 10
878 392 87 23 0 7471 10
347 420 224 10 0 7516 10
206 413 127 28 0 7483 10
998 439 237 11 0 7498 10
650 309 29 11 0 7459 10
886 470 138 16 0 7441 10
410 409 255 23 0 7528 10
216 292 136 28 0 7566 10
2 325 56 13 0 7480 10
838 400 71 17 0 7454 10
344 441 60 21 0 7418 10
769 371 71 21 0 7471 10
590 364 71 5 0 7475 10
673 394 47 5 0 7439 10
425 429 67 16 0 7432 10
15 437 90 12 0 7441 10
311 384 149 18 0 7520 10
776 442 5 16 0 7376 10
63 436 25 19 0 7396 10
25 415 118 19 0 7476 10
693 447 184 27 0 7480 10
820 365 28 9 0 7437 10
153 495 227 20 0 7441 10
546 273 70 36 0 7506 10
692 273 149 14 0 7584 10
478 388 44 22 0 7440 10
223 480 152 26 0 7437 10
793 344 203 14 0 7582 10
119 420 80 24 0 7447 10
576 306 229 10 0 7628 10
152 380 194 3 0 7546 10
423 268 113 21 0 7549 10
31 361 178 5 0 7555 10
990 391 112 24 0 7490 10
371 356 256 19 0 7581 10
297 337 41 8 0 7461 10
340 438 127 2 0 7463 10
582 320 211 16 0 7607 10
262 452 206 31 0 7481 10
708 495 83 32 0 7391 10
75 452 110 14 0 7442 10
894 441 100 31 0 7445 10
675 339 144 13 0 7549 10
424 480 131 5 0 7429 10
100 264 180 33 0 7616 10
361 330 138 18 0 7550 10
428 495 199 25 0 7437 10
685 355 174 33 0 7558 10
719 484 224 7 0 7452 10
798 398 210 31 0 7534 10
268 404 207 6 0 7528 10
733 418 251 21 0 7519 10
913 257 133 19 0 7570 10
67 303 78 12 0 7508 10
531 343 34 7 0 7452 10
429 372 115 13 0 7506 10
256 351 60 15 0 7472 10
442 311 203 15 0 7610 10
830 321 149 18 0 7564 10
717 481 84 17 0 7403 10
402 267 174 34 0 7610 10
308 435 180 37 0 7490 10
55 317 45 8 0 7472 10
586 432 199 7 0 7498 10
632 351 148 30 0 7544 10
467 325 147 14 0 7560 10
884 417 212 12 0 7516 10
642 449 190 2 0 7480 10
568 365 190 22 0 7558 10
396 456 113 17 0 7440 10
620 472 57 17 0 7393 10
800 392 1 11 0 7401 10
373 412 100 1 0 7467 10
603 303 186 10 0 7604 10
432 288 70 24 0 7504 10
370 335 99 25 0 7514 10
369 386 154 31 0 7521 10
274 488 3 3 0 7344 10
65 466 96 22 0 7422 10
724 390 34 7 0 7430 10
215 389 43 21 0 7438 10
178 466 149 16 0 7449 10
92 460 117 14 0 7439 10
289 325 210 15 0 7602 10
3 290 145 5 0 7575 10
167 343 205 26 0 7584 10
908 480 136 22 0 7431 10
447 323 34 13 0 7459 10
299 269 112 19 0 7548 10
324 335 46 18 0 7466 10
91 392 95 16 0 7477 10
98 407 35 11 0 7421 10
624 301 239 31 0 7635 10
853 482 104 19 0 7413 10
502 306 42 11 0 7472 10
148 459 53 20 0 7400 10
952 349 76 15 0 7487 10
408 401 164 13 0 7514 10
26 440 77 14 0 7431 10
718 271 128 12 0 7564 10
605 264 135 1 0 7572 10
528 339 113 14 0 7524 10
694 386 245 16 0 7551 10
636 497 18 10 0 7349 10
862 404 140 8 0 7498 10
