rc2_10_1

VEHICLE
NUMBER   CAPACITY
250     1000

CUSTOMER
CUST NO. XCOORD.  YCOORD.  DEMAND  READY TIME DUE DATE  SERVICE TIME

0   250    250     0     0    7284     0
95 429 389 18 1696 1816 10
802 449 428 25 4987 5107 10
828 419 422 20 1105 1225 10
1 440 436 18 3568 3688 10
250 434 359 13 5569 5689 10
662 411 379 25 4773 4893 10
29 421 387 15 3205 3325 10
897 418 399 20 1751 1871 10
892 419 418 10 996 1116 10
498 377 385 6 3465 3585 10
432 470 405 17 3703 3823 10
98 414 378 23 1979 2099 10
211 411 421 20 1260 1380 10
577 471 368 19 1712 1832 10
332 420 383 27 3928 4048 10
702 421 415 30 941 1061 10
431 413 421 10 1212 1332 10
821 416 420 20 1159 1279 10
194 448 404 15 2396 2516 10
651 489 437 29 2827 2947 10
598 479 387 13 1590 1710 10
482 491 369 28 2918 3038 10
774 422 420 20 1050 1170 10
70 421 386 29 3297 3417 10
798 422 409 10 877 997 10
831 448 414 23 4891 5011 10
512 416 417 20 1372 1492 10
55 417 417 10 1328 1448 10
840 470 417 11 2947 3067 10
724 413 391 8 868 988 10
39 377 432 20 3326 3446 10
297 371 423 10 784 904 10
58 450 416 25 2307 2427 10
473 413 417 10 1424 1544 10
179 410 399 25 935 1055 10
459 370 382 11 3535 3655 10
649 468 352 9 3073 3193 10
