r1_10_10

VEHICLE
NUMBER  CAPACITY
250   200

CUSTOMER
CUST NO. XCOORD. YCOORD. DEMAND READY TIME DUE DATE SERVICE TIME

0  250  250   0   0  1925   0
520 94 497 31 734 860 10
167 20 480 25 505 666 10
57 130 494 6 692 855 10
880 115 395 11 756 904 10
145 7 382 27 721 849 10
363 94 344 26 640 754 10
574 44 440 24 752 855 10
571 0 422 8 757 915 10
375 68 450 18 604 692 10
518 48 366 29 675 841 10
886 3 471 13 652 799 10
878 133 455 25 759 886 10
251 136 430 14 663 788 10
59 69 423 32 754 881 10
681 59 388 20 653 703 10
859 58 391 16 819 975 10
961 36 451 15 866 942 10
596 43 360 2 797 904 10
777 35 344 21 804 952 10
566 13 465 31 745 833 10
24 91 427 14 840 956 10
982 48 437 4 728 909 10
742 29 358 23 530 722 10
