rc2_10_5

VEHICLE
NUMBER  CAPACITY
250   1000

CUSTOMER
CUST NO. XCOORD. YCOORD. DEMAND READY TIME DUE DATE SERVICE TIME

0  250  250   0   0  7284   0
317 241 180 13 6567 7109 10
745 224 320 36 5091 5298 10
757 272 234 26 6289 6554 10
158 188 151 7 4940 5554 10
735 228 260 12 6297 6667 10
67 299 285 3 4840 5311 10
214 286 244 31 5019 5372 10
795 274 261 20 6568 7207 10
153 212 186 11 6884 7008 10
406 267 162 6 5688 6026 10
90 230 320 8 4768 4889 10
790 314 205 22 6032 6302 10
115 264 180 33 6725 6840 10
420 209 212 18 6068 6275 10
427 225 269 30 5068 5219 10
296 297 283 28 5314 5601 10
53 226 175 23 6692 6978 10
872 199 203 20 5813 5966 10
291 291 213 23 4911 5271 10
714 217 207 26 5535 5645 10
744 215 282 21 5795 5849 10
531 308 199 14 6030 6156 10
269 307 249 10 5499 5634 10
580 303 186 10 5394 5559 10
396 203 211 20 5131 5441 10
384 295 247 12 5090 5457 10
911 214 274 24 5288 5784 10
527 306 229 10 5318 5365 10
590 244 277 18 5089 5441 10
302 157 269 31 6297 6433 10
368 246 314 36 5665 6018 10
