rc2_10_8

VEHICLE
NUMBER  CAPACITY
250   1000

CUSTOMER
CUST NO. XCOORD. YCOORD. DEMAND READY TIME DUE DATE SERVICE TIME

0  250  250   0   0  7284   0
567 405 276 20 774 1219 10
352 400 286 10 503 831 10
532 390 301 10 273 1168 10
537 398 325 30 819 1168 10
691 402 281 20 896 1225 10
518 388 334 20 338 1047 10
481 385 295 20 147 992 10
894 389 300 10 417 933 10
472 395 295 20 777 1033 10
603 401 281 20 988 1221 10
644 365 274 14 363 576 10
105 395 331 20 780 1072 10
755 399 301 30 543 1130 10
931 398 329 17 325 1017 10
81 407 280 10 812 977 10
210 391 293 20 691 1236 10
341 410 285 20 612 1050 10
544 406 285 20 698 852 10
66 400 288 30 300 937 10
146 395 332 10 690 1074 10
63 388 331 20 451 830 10
909 387 297 10 444 797 10
329 408 279 20 694 1185 10
826 366 334 5 1336 2065 10
216 402 284 30 378 1058 10
545 391 334 20 647 922 10
201 390 325 30 906 1224 10
315 394 333 20 519 1154 10
960 393 301 30 408 1138 10
24 371 332 14 1833 2523 10
556 359 287 24 217 703 10
685 389 334 20 511 961 10
973 388 325 10 949 1278 10
416 390 294 20 597 1421 10
