rc2_10_8

VEHICLE
NUMBER  CAPACITY
250   1000

CUSTOMER
CUST NO. XCOORD. YCOORD. DEMAND READY TIME DUE DATE SERVICE TIME

0  250  250   0   0  7284   0
934 408 318 15 2436 2828 10
722 371 315 18 4489 4958 10
494 366 288 29 2509 3080 10
738 360 284 19 2385 3068 10
631 394 322 12 4087 4231 10
338 360 294 9 5375 6087 10
863 381 328 12 2825 3033 10
758 380 350 15 3314 3737 10
597 368 311 14 3397 4132 10
222 370 262 15 4365 4550 10
265 330 371 1 2111 2477 10
202 346 354 8 3057 3602 10
430 374 306 4 3969 4103 10
237 331 356 13 2855 2959 10
181 385 285 13 3298 3765 10
398 348 348 23 3640 3958 10
