c2_10_10

VEHICLE
NUMBER  CAPACITY
250   700

CUSTOMER
CUST NO. XCOORD. YCOORD. DEMAND READY TIME DUE DATE SERVICE TIME

0  250  250   0   0  3914   0
287 221 102 20 2498 3378 90
528 207 194 10 2113 2993 90
414 203 203 10 2490 3370 90
708 199 200 10 2585 3465 90
266 231 81 30 2043 2923 90
327 231 97 20 2527 3407 90
761 226 86 10 2235 3115 90
803 230 105 10 2598 3478 90
283 243 108 20 2701 3581 90
965 216 92 20 2022 2902 90
506 204 189 10 2018 2898 90
329 207 196 20 2205 3085 90
461 209 201 30 2393 3273 90
240 241 98 20 2627 3507 90
216 223 90 30 2427 3307 90
247 216 93 10 2113 2993 90
808 215 108 20 2400 3280 90
1 212 101 30 2302 3182 90
968 211 198 30 2300 3180 90
688 216 96 10 2206 3086 90
732 256 117 20 2807 3687 90
752 245 109 20 2729 3609 90
140 219 89 20 2332 3212 90
447 212 215 20 2800 3680 90
452 196 219 30 2694 3574 90
920 229 78 20 2136 3016 90
