c2_10_5

VEHICLE
NUMBER  CAPACITY
250   700

CUSTOMER
CUST NO. XCOORD. YCOORD. DEMAND READY TIME DUE DATE SERVICE TIME

0  250  250   0   0  3914   0
764 250 367 20 2033 2353 90
282 222 356 20 1528 1848 90
872 199 305 30 1540 1860 90
245 255 371 40 2129 2449 90
61 236 361 30 1633 1953 90
80 216 380 20 2220 2540 90
755 198 334 20 2123 2443 90
374 258 350 20 1742 2062 90
973 206 312 40 1920 2240 90
596 187 362 20 1706 2026 90
403 261 350 10 1649 1969 90
312 232 378 20 2114 2434 90
519 239 369 30 1731 2051 90
202 216 316 20 2239 2559 90
584 234 383 10 2019 2339 90
628 184 354 30 1896 2216 90
797 188 356 20 1802 2122 90
907 262 352 10 1556 1876 90
348 239 373 10 1825 2145 90
940 186 372 20 1605 1925 90
146 241 375 10 1918 2238 90
794 210 359 10 1488 1808 90
194 201 307 10 1633 1953 90
775 244 371 20 2230 2550 90
781 211 308 30 1823 2143 90
20 259 355 20 1837 2157 90
919 176 358 10 1995 2315 90
114 169 360 20 2092 2412 90
648 209 307 10 1731 2051 90
521 254 357 20 1932 2252 90
751 170 338 20 2204 2524 90
668 206 313 20 2011 2331 90
