rc1_10_9

VEHICLE
NUMBER  CAPACITY
250   200

CUSTOMER
CUST NO. XCOORD. YCOORD. DEMAND READY TIME DUE DATE SERVICE TIME

0  250  250   0   0  1821   0
843 487 320 21 813 933 10
184 492 335 10 783 903 10
459 370 382 11 839 959 10
495 440 284 25 807 927 10
631 394 322 12 980 1100 10
520 499 316 18 577 697 10
934 408 318 15 598 718 10
758 380 350 15 821 941 10
912 489 338 17 1352 1472 10
722 371 315 18 1121 1241 10
718 478 300 12 845 965 10
649 468 352 9 723 843 10
36 440 292 24 895 1015 10
181 385 285 13 823 943 10
430 374 306 4 949 1069 10
498 377 385 6 821 941 10
863 381 328 12 672 792 10
250 434 359 13 1347 1467 10
