c1_10_4

VEHICLE
NUMBER   CAPACITY
250     200

CUSTOMER
CUST NO. XCOORD.  YCOORD.  DEMAND  READY TIME DUE DATE  SERVICE TIME

0   250    250     0     0    1824     0
156 208 11 20 0 1492 90
454 182 14 10 0 1489 90
879 200 14 10 311 356 90
328 188 12 30 0 1489 90
683 199 12 20 0 1491 90
765 173 28 10 0 1500 90
484 168 24 10 0 1494 90
344 198 12 10 0 1491 90
497 167 27 30 0 1497 90
634 182 4 10 0 1479 90
503 202 4 10 950 1004 90
200 188 4 20 0 1481 90
201 180 6 10 0 1481 90
445 179 7 20 0 1481 90
399 203 7 20 0 1487 90
98 202 8 10 0 1488 90
624 181 6 20 678 753 90
935 167 24 20 0 1494 90
82 202 9 10 0 1489 90
653 170 26 10 0 1497 90
244 169 31 20 0 1501 90
799 198 9 20 0 1488 90
846 186 7 20 0 1483 90
764 204 15 20 0 1495 90
92 189 7 30 0 1484 90
517 176 8 10 0 1481 90
501 200 13 10 0 1492 90
896 166 32 10 296 352 90
434 174 26 10 0 1498 90
975 173 25 20 952 1007 90
594 199 9 20 853 911 90
426 197 11 10 0 1490 90
984 166 34 20 0 1503 90
48 164 21 20 578 639 90
