c1_10_4

VEHICLE
NUMBER   CAPACITY
250     200

CUSTOMER
CUST NO. XCOORD.  YCOORD.  DEMAND  READY TIME DUE DATE  SERVICE TIME

0   250    250     0     0    1824     0
444 198 264 20 0 1681 90
404 165 337 20 0 1613 90
59 200 261 10 945 1017 90
945 132 294 20 0 1609 90
376 220 319 30 0 1659 90
689 132 291 10 0 1610 90
335 199 268 20 0 1680 90
225 136 288 10 1023 1063 90
52 200 270 20 0 1681 90
130 218 316 20 0 1661 90
140 206 261 10 1050 1104 90
510 169 336 30 0 1616 90
533 137 290 10 0 1615 90
857 169 340 10 0 1613 90
628 218 318 20 0 1659 90
46 128 291 10 0 1606 90
581 204 269 30 49 98 90
933 201 270 10 0 1682 90
13 219 325 10 0 1653 90
577 139 291 10 0 1616 90
782 165 343 10 556 613 90
368 198 271 20 0 1678 90
78 221 325 10 0 1654 90
256 167 339 10 0 1613 90
699 200 265 10 0 1682 90
855 217 323 20 0 1654 90
125 162 336 20 0 1611 90
654 197 270 30 0 1678 90
20 129 292 10 552 610 90
530 192 265 10 0 1675 90
905 134 288 20 0 1612 90
39 163 340 30 0 1609 90
946 134 285 20 0 1613 90
138 132 290 10 0 1610 90
954 163 337 10 0 1611 90
794 218 321 20 0 1657 90
249 135 293 30 0 1612 90
904 216 319 10 0 1658 90
918 197 267 10 582 626 90
971 217 319 10 0 1658 90
612 212 319 30 0 1656 90
817 224 314 10 0 1665 90
981 163 331 40 118 179 90
329 136 290 20 0 1614 90
725 215 317 10 0 1659 90
