rc1_10_5

VEHICLE
NUMBER  CAPACITY
250   200

CUSTOMER
CUST NO. XCOORD. YCOORD. DEMAND READY TIME DUE DATE SERVICE TIME

0  250  250   0   0  1821   0
530 122 35 10 250 326 10
44 131 56 10 252 289 10
789 140 137 32 548 621 10
621 129 27 10 302 323 10
479 133 53 20 258 330 10
916 126 30 10 265 309 10
27 130 140 17 189 230 10
743 125 32 30 251 345 10
563 125 29 30 274 323 10
373 144 35 26 239 370 10
356 128 113 22 338 417 10
653 132 55 10 248 317 10
190 187 73 18 268 346 10
827 125 39 20 245 267 10
733 132 57 20 226 309 10
885 130 57 40 227 290 10
310 133 26 10 322 331 10
457 120 17 30 277 312 10
632 125 61 26 612 641 10
543 168 59 6 368 394 10
212 132 30 20 323 359 10
898 109 56 27 239 283 10
947 124 56 20 231 279 10
125 150 68 23 409 466 10
31 136 52 10 302 313 10
