rc2_10_7

VEHICLE
NUMBER  CAPACITY
250   1000

CUSTOMER
CUST NO. XCOORD. YCOORD. DEMAND READY TIME DUE DATE SERVICE TIME

0  250  250   0   0  7284   0
401 443 237 20 679 948 10
693 441 273 20 1082 1297 10
329 408 279 20 782 1097 10
63 388 331 20 418 862 10
426 367 178 20 473 1090 10
146 395 332 10 669 1095 10
731 417 218 10 1109 1235 10
545 391 334 20 677 891 10
155 439 266 10 632 970 10
260 436 241 20 1293 1445 10
492 443 272 10 876 1405 10
514 361 181 20 606 1090 10
983 318 280 20 153 742 10
210 391 293 20 648 1278 10
685 389 334 20 525 947 10
216 402 284 30 561 875 10
66 400 288 30 453 784 10
416 390 294 20 655 1363 10
792 321 280 30 276 435 10
960 393 301 30 663 883 10
518 388 334 20 589 795 10
603 401 281 20 783 1426 10
428 443 246 20 820 1137 10
405 364 173 30 533 1029 10
273 355 177 20 454 659 10
352 400 286 10 530 804 10
725 415 216 10 546 985 10
375 436 264 20 643 849 10
891 418 218 20 919 1338 10
517 359 179 20 367 1051 10
298 417 217 30 638 991 10
692 445 237 10 739 985 10
602 376 195 10 572 996 10
215 436 237 20 546 946 10
483 445 273 20 873 1309 10
806 379 196 20 635 1037 10
135 374 190 20 286 981 10
81 407 280 10 798 990 10
588 359 182 20 680 1113 10
573 441 244 10 1023 1313 10
114 356 256 19 269 580 10
491 453 318 30 1397 1713 10
931 398 329 17 597 746 10
26 441 265 40 621 1077 10
143 371 193 20 421 649 10
89 415 223 20 1100 1459 10
515 444 242 10 810 1034 10
516 444 271 10 860 1225 10
316 355 180 30 461 756 10
672 435 180 37 752 1164 10
629 413 217 20 603 830 10
755 399 301 30 616 1058 10
227 451 305 13 658 1009 10
38 391 202 14 366 825 10
537 398 325 30 805 1181 10
315 394 333 20 598 1076 10
162 371 192 30 491 668 10
393 320 283 30 389 616 10
883 360 184 10 793 1099 10
683 434 245 10 1359 1494 10
874 423 217 20 902 1152 10
771 320 280 10 248 552 10
363 374 232 33 213 789 10
323 418 221 10 1138 1311 10
188 439 268 10 1079 1422 10
341 410 285 20 730 931 10
690 442 243 10 933 1495 10
389 315 287 30 534 770 10
560 440 244 10 691 1557 10
548 435 267 20 1140 1562 10
402 316 286 30 451 762 10
68 378 199 10 627 1151 10
691 402 281 20 777 1344 10
707 444 269 20 680 1309 10
300 412 214 10 518 810 10
644 365 274 14 265 675 10
777 435 268 10 1192 1421 10
973 388 325 10 1080 1147 10
472 395 295 20 579 1231 10
486 495 227 20 1164 1707 10
301 442 289 25 696 952 10
285 344 203 14 682 776 10
350 357 181 20 519 796 10
105 395 331 20 671 1182 10
764 450 265 10 748 1102 10
958 421 218 10 635 1517 10
471 423 221 9 964 1222 10
894 389 300 10 426 924 10
768 420 213 10 646 1102 10
532 390 301 10 616 825 10
567 405 276 20 941 1053 10
360 376 190 30 617 745 10
87 316 284 20 311 806 10
123 439 243 20 1131 1497 10
11 313 282 20 580 848 10
954 371 200 10 802 1113 10
233 423 214 20 644 1210 10
826 366 334 5 1525 1877 10
556 359 287 24 308 612 10
52 375 191 30 567 888 10
303 440 241 10 1201 1330 10
481 385 295 20 474 664 10
74 358 183 20 685 1304 10
927 352 176 20 311 697 10
971 440 247 20 811 1333 10
522 425 215 10 920 1032 10
542 321 277 10 124 484 10
989 343 276 15 109 664 10
544 406 285 20 683 866 10
713 442 247 10 893 1156 10
201 390 325 30 977 1153 10
909 387 297 10 389 853 10
