r2_10_7

VEHICLE
NUMBER  CAPACITY
250   1000

CUSTOMER
CUST NO. XCOORD. YCOORD. DEMAND READY TIME DUE DATE SERVICE TIME

0  250  250   0   0  7697   0
561 62 375 16 1335 1575 10
405 95 382 19 865 1105 10
337 96 346 26 681 921 10
417 83 300 26 1939 2179 10
698 71 304 19 2696 2936 10
321 58 391 16 3469 3709 10
438 49 353 15 5724 5964 10
448 84 377 10 3645 3885 10
280 12 367 27 1243 1483 10
996 32 319 21 1542 1782 10
861 107 374 8 3597 3837 10
566 89 358 23 4929 5169 10
587 29 358 23 2383 2623 10
54 67 352 20 1433 1673 10
186 89 322 21 4023 4263 10
255 65 343 38 769 1009 10
705 66 314 26 659 899 10
790 35 344 21 3392 3632 10
278 94 344 26 2669 2909 10
161 59 388 20 2591 2831 10
208 80 357 1 2062 2302 10
395 68 303 22 825 1065 10
811 44 311 27 1570 1810 10
736 55 318 13 1188 1428 10
401 104 349 20 3977 4217 10
889 50 383 20 980 1220 10
699 43 360 2 3281 3521 10
125 12 358 7 4837 5077 10
1000 26 342 12 1224 1464 10
919 80 337 28 4417 4657 10
