c1_10_5

VEHICLE
NUMBER  CAPACITY
250   200

CUSTOMER
CUST NO. XCOORD. YCOORD. DEMAND READY TIME DUE DATE SERVICE TIME

0  250  250   0   0  1824   0
463 90 274 20 366 503 90
329 136 290 20 270 334 90
577 139 291 10 118 235 90
563 89 290 20 201 324 90
249 135 293 30 336 454 90
818 79 291 10 486 601 90
411 90 296 20 166 311 90
945 132 294 20 428 547 90
20 129 292 10 526 636 90
116 102 264 10 148 257 90
840 96 270 20 262 413 90
986 85 288 20 288 426 90
533 137 290 10 169 252 90
813 100 266 20 183 300 90
938 80 290 10 413 492 90
586 89 272 10 471 582 90
