c1_10_5

VEHICLE
NUMBER  CAPACITY
250   200

CUSTOMER
CUST NO. XCOORD. YCOORD. DEMAND READY TIME DUE DATE SERVICE TIME

0  250  250   0   0  1824   0
541 86 268 10 655 769 90
906 89 270 10 558 679 90
189 88 286 10 758 896 90
811 95 277 20 1032 1147 90
905 134 288 20 888 1014 90
138 132 290 10 804 911 90
522 92 270 20 937 1047 90
946 134 285 20 1087 1185 90
689 132 291 10 710 824 90
680 88 287 30 857 980 90
886 91 266 10 763 852 90
225 136 288 10 986 1099 90
46 128 291 10 591 754 90
27 87 285 30 671 801 90
910 80 286 10 566 712 90
174 91 268 10 844 955 90
153 90 285 40 953 1069 90
