rc2_10_5

VEHICLE
NUMBER  CAPACITY
250   1000

CUSTOMER
CUST NO. XCOORD. YCOORD. DEMAND READY TIME DUE DATE SERVICE TIME

0  250  250   0   0  7284   0
619 64 437 11 3539 3927 10
348 48 437 4 3242 3307 10
913 130 494 6 2901 3289 10
899 13 465 31 3036 3272 10
255 115 395 11 3254 3387 10
119 44 440 24 3085 3344 10
138 163 472 9 2615 2733 10
946 76 462 18 3612 4156 10
770 84 377 10 3577 3953 10
359 59 388 20 2497 2925 10
111 0 422 8 3162 3526 10
551 107 374 8 3598 3837 10
280 150 484 16 2350 2772 10
340 58 391 16 3460 3718 10
357 133 455 25 3111 3472 10
