rc1_10_7

VEHICLE
NUMBER  CAPACITY
250   200

CUSTOMER
CUST NO. XCOORD. YCOORD. DEMAND READY TIME DUE DATE SERVICE TIME

0  250  250   0   0  1821   0
531 308 199 14 1484 1562 10
795 274 261 20 1683 1760 10
669 320 211 16 946 1070 10
834 284 319 17 791 872 10
790 314 205 22 1485 1598 10
384 295 247 12 1259 1377 10
757 272 234 26 1583 1627 10
580 303 186 10 1338 1400 10
67 299 285 3 1228 1310 10
527 306 229 10 1287 1383 10
296 297 283 28 1316 1412 10
214 286 244 31 1259 1339 10
269 307 249 10 1328 1455 10
291 291 213 23 1221 1324 10
