c1_10_6

VEHICLE
NUMBER  CAPACITY
250   200

CUSTOMER
CUST NO. XCOORD. YCOORD. DEMAND READY TIME DUE DATE SERVICE TIME

0  250  250   0   0  1824   0
433 93 235 10 966 996 90
850 92 233 10 711 886 90
71 90 237 20 1190 1322 90
383 95 218 20 893 907 90
728 152 207 20 758 943 90
395 150 204 20 517 817 90
821 91 217 10 671 758 90
186 154 207 20 907 1162 90
161 91 235 10 1050 1278 90
65 152 206 10 889 995 90
703 116 225 20 716 856 90
695 92 223 10 901 1090 90
567 92 236 20 989 1157 90
297 95 224 20 1044 1133 90
880 114 225 30 618 770 90
150 92 216 10 737 874 90
862 96 244 10 1333 1378 90
227 90 232 10 629 785 90
23 131 220 30 710 849 90
610 126 220 20 602 767 90
524 132 223 30 828 918 90
519 151 207 10 680 840 90
828 92 234 10 854 925 90
493 119 223 10 697 1062 90
