c2_10_8

VEHICLE
NUMBER  CAPACITY
250   700

CUSTOMER
CUST NO. XCOORD. YCOORD. DEMAND READY TIME DUE DATE SERVICE TIME

0  250  250   0   0  3914   0
246 358 359 20 2399 3039 90
854 372 354 30 1701 2341 90
79 418 355 20 1797 2437 90
53 341 367 30 2290 2930 90
26 377 356 10 1606 2246 90
221 361 349 10 2776 3416 90
523 434 382 30 2010 2650 90
260 401 385 20 2624 3264 90
185 360 356 10 2493 3133 90
436 412 361 10 1508 2148 90
347 367 358 30 1893 2533 90
682 365 360 20 1800 2440 90
702 353 346 20 2874 3514 90
536 364 364 20 1990 2630 90
679 428 384 10 2204 2844 90
649 363 351 20 2683 3323 90
537 432 369 10 1907 2547 90
507 399 379 20 2720 3360 90
93 418 385 30 2517 3157 90
357 434 377 10 2105 2745 90
805 391 373 10 2820 3460 90
311 414 384 10 2422 3062 90
16 403 390 10 2320 2960 90
400 378 363 30 1509 2149 90
169 358 365 30 2086 2726 90
105 373 364 20 2930 3570 90
939 359 371 10 2182 2822 90
195 395 378 10 1396 2036 90
916 366 352 10 2590 3230 90
800 413 353 10 1410 2050 90
54 410 364 30 1602 2242 90
89 346 344 10 2972 3612 90
879 416 364 20 1698 2338 90
