rc1_10_8

VEHICLE
NUMBER  CAPACITY
250   200

CUSTOMER
CUST NO. XCOORD. YCOORD. DEMAND READY TIME DUE DATE SERVICE TIME

0  250  250   0   0  1821   0
229 110 459 30 305 420 10
609 65 453 30 274 357 10
554 14 459 20 315 418 10
815 132 477 25 260 425 10
835 102 422 23 226 346 10
837 141 428 20 208 317 10
634 11 403 18 300 416 10
664 51 447 10 289 329 10
825 132 479 11 257 363 10
465 111 467 20 257 364 10
996 147 435 20 211 309 10
705 55 449 20 278 414 10
335 50 438 20 274 431 10
689 59 457 30 299 399 10
586 53 440 10 274 402 10
157 62 453 10 276 455 10
740 112 465 10 255 373 10
703 59 459 20 283 407 10
25 116 466 20 254 334 10
839 144 439 30 238 334 10
739 53 466 9 292 416 10
220 145 434 20 211 360 10
833 77 465 11 275 395 10
987 67 452 30 272 377 10
147 93 413 17 226 333 10
746 134 428 20 253 393 10
12 60 454 10 315 410 10
585 111 464 10 255 412 10
925 66 448 10 270 397 10
328 111 463 20 293 381 10
752 109 463 30 284 413 10
642 95 382 19 203 307 10
466 138 438 20 237 368 10
102 54 445 10 276 403 10
308 135 400 20 251 376 10
628 117 467 10 254 357 10
917 112 467 10 260 321 10
276 90 477 18 277 328 10
268 49 451 20 284 327 10
309 58 458 10 283 398 10
847 115 465 10 253 383 10
668 112 433 29 229 383 10
419 146 439 10 224 324 10
376 15 457 20 313 383 10
539 140 431 30 211 359 10
867 141 431 30 211 387 10
