r2_10_5

VEHICLE
NUMBER  CAPACITY
250   1000

CUSTOMER
CUST NO. XCOORD. YCOORD. DEMAND READY TIME DUE DATE SERVICE TIME

0  250  250   0   0  7697   0
997 167 445 7 5588 5828 10
144 174 376 8 5617 5857 10
177 195 450 16 5884 6124 10
372 240 362 23 5595 5835 10
60 208 445 22 5270 5510 10
392 243 408 15 5675 5915 10
750 257 391 22 6472 6712 10
930 174 397 32 4919 5159 10
787 177 486 20 6329 6569 10
585 231 410 14 4886 5126 10
214 237 420 15 5277 5517 10
355 283 454 14 5000 5240 10
964 294 421 26 6242 6482 10
126 175 422 24 5726 5966 10
431 239 486 3 5868 6108 10
453 272 420 7 5483 5723 10
854 284 457 17 5934 6174 10
53 179 497 1 5584 5824 10
801 195 464 20 6105 6345 10
330 177 404 17 4989 5229 10
959 199 438 3 5382 5622 10
149 173 474 14 5080 5320 10
874 278 450 29 5440 5680 10
474 218 403 15 5217 5457 10
