c2_10_2

VEHICLE
NUMBER  CAPACITY
250   700

CUSTOMER
CUST NO. XCOORD. YCOORD. DEMAND READY TIME DUE DATE SERVICE TIME

0  250  250   0   0  3914   0
263 70 482 20 2351 2511 90
125 67 485 40 2166 2326 90
181 76 456 30 780 940 90
703 54 485 30 1773 1933 90
137 71 453 20 685 845 90
226 73 484 20 2445 2605 90
707 52 469 20 1387 1547 90
608 87 454 40 882 1042 90
753 69 475 30 1189 1349 90
762 59 480 10 1583 1743 90
801 54 446 20 287 447 90
232 69 493 20 1977 2137 90
10 79 479 30 998 1158 90
160 95 475 20 2925 3085 90
217 64 473 10 1284 1444 90
225 94 456 20 3124 3284 90
892 78 479 30 1089 1249 90
659 61 437 20 265 425 90
956 87 481 10 2733 2893 90
822 57 456 20 388 548 90
760 67 463 30 584 744 90
