c2_10_4

VEHICLE
NUMBER  CAPACITY
250   700

CUSTOMER
CUST NO. XCOORD. YCOORD. DEMAND READY TIME DUE DATE SERVICE TIME

0  250  250   0   0  3914   0
719 86 361 20 3347 3507 90
741 59 377 20 2088 2248 90
895 47 388 20 1193 1353 90
836 197 350 30 1186 1346 90
608 87 454 40 882 1042 90
386 166 434 40 2965 3125 90
10 79 479 30 998 1158 90
873 95 356 10 3447 3607 90
76 74 390 20 797 957 90
794 210 359 10 1568 1728 90
640 169 443 30 500 660 90
137 71 453 20 685 845 90
341 189 339 50 2863 3023 90
857 146 461 20 1497 1657 90
561 87 369 10 201 361 90
239 200 327 30 3150 3310 90
127 147 435 10 2111 2271 90
811 77 397 10 919 1079 90
126 220 359 30 1424 1584 90
947 66 359 20 3157 3317 90
762 59 480 10 1583 1743 90
241 96 356 10 186 346 90
317 74 360 40 2856 3016 90
780 155 447 20 2672 2832 90
263 70 482 20 2351 2511 90
444 125 444 10 1997 2157 90
459 80 376 40 407 567 90
197 176 447 20 311 471 90
28 205 343 20 902 1062 90
114 169 360 20 2172 2332 90
23 209 358 30 1477 1637 90
125 67 485 40 2166 2326 90
977 71 348 10 3055 3215 90
892 78 479 30 1089 1249 90
948 189 338 10 2954 3114 90
751 170 338 20 2284 2444 90
647 90 391 10 541 701 90
941 116 446 20 1898 2058 90
753 69 475 30 1189 1349 90
57 73 395 20 1223 1383 90
