c2_10_10

VEHICLE
NUMBER   CAPACITY
250     700

CUSTOMER
CUST NO. XCOORD.  YCOORD.  DEMAND  READY TIME DUE DATE  SERVICE TIME

0   250    250     0     0    3914     0
148 403 361 10 1092 1972 90
132 400 364 30 210 1090 90
800 413 353 10 1290 2170 90
879 416 364 20 1578 2458 90
339 393 368 10 185 1065 90
507 399 379 20 2600 3480 90
805 391 373 10 2700 3580 90
260 401 385 20 2504 3384 90
537 432 369 10 1787 2667 90
889 395 365 30 185 1065 90
195 395 378 10 1276 2156 90
436 412 361 10 1388 2268 90
825 400 376 40 402 1282 90
541 413 350 10 1197 2077 90
93 418 385 30 2397 3277 90
79 418 355 20 1677 2557 90
311 414 384 10 2302 3182 90
475 401 368 20 304 1184 90
54 410 364 30 1482 2362 90
679 428 384 10 2084 2964 90
512 409 361 30 697 1577 90
357 434 377 10 1985 2865 90
16 403 390 10 2200 3080 90
413 404 378 10 497 1377 90
669 412 367 20 600 1480 90
262 402 362 20 1001 1881 90
86 394 367 30 185 1065 90
523 434 382 30 1890 2770 90
