c2_10_10

VEHICLE
NUMBER  CAPACITY
250   700

CUSTOMER
CUST NO. XCOORD. YCOORD. DEMAND READY TIME DUE DATE SERVICE TIME

0  250  250   0   0  3914   0
781 211 308 30 1543 2423 90
751 170 338 20 1924 2804 90
237 173 328 10 2121 3001 90
628 184 354 30 1616 2496 90
728 222 317 30 2055 2935 90
35 216 307 20 2156 3036 90
973 206 312 40 1640 2520 90
797 188 356 20 1522 2402 90
432 165 333 20 2021 2901 90
202 216 316 20 1959 2839 90
300 180 335 20 2221 3101 90
668 206 313 20 1731 2611 90
114 169 360 20 1812 2692 90
755 198 334 20 1843 2723 90
884 216 300 30 2253 3133 90
919 176 358 10 1715 2595 90
