c1_10_1

VEHICLE
NUMBER  CAPACITY
250   200

CUSTOMER
CUST NO. XCOORD. YCOORD. DEMAND READY TIME DUE DATE SERVICE TIME

0  250  250   0   0  1824   0
844 207 223 10 585 634 90
654 197 270 30 474 548 90
277 238 204 20 566 634 90
191 199 187 20 433 490 90
918 197 267 10 582 626 90
702 319 260 20 489 566 90
613 320 283 30 421 471 90
898 202 186 20 616 676 90
804 231 195 20 497 552 90
22 237 254 20 629 688 90
438 234 246 10 537 582 90
498 236 247 20 443 492 90
199 320 262 10 585 656 90
715 230 197 40 588 645 90
5 286 159 20 530 597 90
143 205 223 20 491 544 90
712 201 188 10 526 581 90
588 316 286 30 601 662 90
947 316 284 20 510 570 90
988 238 203 10 483 534 90
477 285 162 30 625 688 90
