c1_10_1

VEHICLE
NUMBER  CAPACITY
250   200

CUSTOMER
CUST NO. XCOORD. YCOORD. DEMAND READY TIME DUE DATE SERVICE TIME

0  250  250   0   0  1824   0
573 320 280 10 221 298 90
442 226 191 20 397 459 90
368 198 271 20 380 458 90
808 233 204 20 198 260 90
511 200 178 20 240 298 90
218 205 230 30 203 263 90
774 279 159 20 252 301 90
308 195 185 20 335 399 90
926 231 203 20 291 352 90
52 200 270 20 208 260 90
335 199 268 20 284 368 90
224 315 260 10 223 278 90
359 224 191 20 312 359 90
714 243 248 30 243 314 90
211 224 192 10 215 274 90
337 318 280 20 319 384 90
561 240 250 10 340 405 90
643 206 225 10 405 446 90
590 316 258 20 317 368 90
964 234 202 10 389 440 90
371 200 229 30 301 355 90
478 285 158 30 340 405 90
312 317 261 20 398 473 90
