r1_10_1

VEHICLE
NUMBER  CAPACITY
250   200

CUSTOMER
CUST NO. XCOORD. YCOORD. DEMAND READY TIME DUE DATE SERVICE TIME

0  250  250   0   0  1925   0
751 268 288 26 1277 1287 10
257 295 247 12 1313 1323 10
618 284 319 17 827 837 10
461 215 282 21 1450 1460 10
721 214 274 24 1379 1389 10
970 273 255 18 1502 1512 10
589 306 229 10 1330 1340 10
687 228 260 12 1616 1626 10
527 244 277 18 1311 1321 10
501 229 322 11 1670 1680 10
753 225 269 30 1281 1291 10
844 221 269 14 1275 1285 10
384 224 320 36 1294 1304 10
831 307 249 10 1387 1397 10
407 295 283 26 903 913 10
65 299 285 3 1264 1274 10
743 285 247 13 1285 1295 10
898 218 271 16 1584 1594 10
320 291 213 23 1268 1278 10
541 272 234 26 1600 1610 10
239 230 320 8 1202 1212 10
455 213 283 14 1481 1491 10
877 274 261 20 1717 1727 10
278 297 283 28 1359 1369 10
559 286 244 31 1294 1304 10
253 246 314 36 1455 1465 10
478 240 255 33 1621 1631 10
866 240 240 35 1710 1720 10
