rc2_10_7

VEHICLE
NUMBER  CAPACITY
250   1000

CUSTOMER
CUST NO. XCOORD. YCOORD. DEMAND READY TIME DUE DATE SERVICE TIME

0  250  250   0   0  7284   0
861 409 88 20 858 1424 10
591 484 177 20 938 1195 10
950 481 124 10 911 1477 10
23 406 87 10 1065 1559 10
521 399 106 20 1095 1439 10
856 433 15 20 974 1408 10
665 478 118 20 1371 1583 10
195 481 20 20 1055 1840 10
813 478 99 10 1096 1514 10
455 407 88 10 1194 1521 10
963 477 122 10 1321 1439 10
778 409 155 19 449 1033 10
96 371 71 21 1131 1283 10
267 406 96 20 875 972 10
841 404 103 20 724 1328 10
829 460 2 20 1227 1717 10
20 409 90 20 946 1240 10
57 389 11 20 1153 1554 10
875 477 179 20 628 1274 10
150 472 129 10 770 1370 10
245 484 174 10 1049 1187 10
165 437 12 20 1259 1498 10
361 481 122 30 1095 1388 10
365 481 26 30 1189 1385 10
998 485 24 20 1059 1630 10
167 459 10 10 1282 1518 10
579 406 99 20 741 1196 10
824 411 95 30 797 1265 10
219 477 120 10 1120 1736 10
716 479 127 20 919 1359 10
776 470 125 20 833 1191 10
809 435 11 40 1111 1387 10
952 384 16 20 1264 1661 10
446 476 94 20 988 1290 10
846 386 13 10 1268 1548 10
377 397 20 20 1086 1274 10
756 484 171 10 1146 1320 10
888 479 176 20 820 1191 10
345 479 121 10 1140 1442 10
814 391 99 20 692 960 10
901 394 47 5 1305 1318 10
445 404 83 30 1001 1506 10
523 407 98 10 683 1066 10
990 393 12 10 1149 1445 10
456 459 14 20 1007 1595 10
844 398 23 10 853 1315 10
117 474 96 30 1003 1171 10
599 479 169 20 1014 1574 10
784 480 136 22 1006 1048 10
670 400 103 10 902 1263 10
170 488 173 20 1136 1214 10
504 483 22 10 1310 1483 10
321 406 94 10 748 1194 10
180 398 103 30 835 1513 10
552 477 97 10 924 1458 10
616 437 15 30 1445 1517 10
682 440 7 20 1208 1422 10
364 398 20 20 866 1406 10
41 439 15 20 1356 1509 10
242 460 13 20 1225 1469 10
594 452 110 14 1171 1671 10
736 399 104 10 952 1486 10
239 403 93 10 1118 1728 10
903 399 102 20 1018 1238 10
896 476 102 20 1237 1572 10
16 451 62 5 1044 1335 10
637 478 121 40 1267 1403 10
452 397 18 10 1085 1371 10
171 398 97 10 691 1101 10
638 408 84 10 982 1413 10
576 481 96 20 1131 1365 10
675 478 102 10 1099 1615 10
351 476 174 30 1340 1374 10
231 458 16 20 1052 1453 10
