rc2_10_7

VEHICLE
NUMBER  CAPACITY
250   1000

CUSTOMER
CUST NO. XCOORD. YCOORD. DEMAND READY TIME DUE DATE SERVICE TIME

0  250  250   0   0  7284   0
35 467 114 10 1340 1788 10
571 481 84 17 1937 2227 10
729 435 20 20 1388 1783 10
198 389 17 10 1237 1808 10
337 462 14 20 1231 2066 10
965 489 27 10 1404 2086 10
873 459 17 20 1531 1879 10
380 432 2 20 1782 2071 10
131 418 75 11 1545 2158 10
288 483 27 20 1709 2074 10
108 488 26 30 1758 1825 10
320 476 61 36 1595 2114 10
282 391 18 10 1483 1659 10
701 461 8 20 1256 1816 10
278 435 16 10 1406 1653 10
249 439 156 2 1843 2484 10
969 489 17 10 1338 1822 10
708 491 20 20 1528 1740 10
390 452 172 9 2295 2691 10
274 394 23 20 1563 1787 10
674 374 116 9 2292 2525 10
985 493 111 26 2069 2379 10
223 393 20 20 1421 1824 10
183 464 13 20 1391 1808 10
454 488 3 3 1459 1865 10
110 483 14 10 1252 1774 10
263 485 27 10 1772 1916 10
336 441 7 20 1404 1849 10
122 491 25 10 1452 1937 10
