c1_10_10

VEHICLE
NUMBER   CAPACITY
250     200

CUSTOMER
CUST NO. XCOORD.  YCOORD.  DEMAND  READY TIME DUE DATE  SERVICE TIME

0   250    250     0     0    1824     0
303 172 488 10 250 763 90
216 58 458 10 491 984 90
2 5 297 10 789 1183 90
444 198 264 20 559 1032 90
404 165 337 20 218 577 90
356 71 333 10 197 665 90
816 144 439 30 490 1042 90
490 21 488 10 343 1049 90
59 200 261 10 762 1201 90
945 132 294 20 194 782 90
919 77 350 10 700 1355 90
376 220 319 30 732 1276 90
345 186 472 20 311 885 90
689 132 291 10 501 1032 90
652 101 384 30 200 563 90
736 35 304 30 221 751 90
471 241 403 10 576 855 90
96 54 430 20 326 936 90
380 80 342 10 193 604 90
260 243 399 10 585 1034 90
537 147 435 20 295 865 90
492 67 452 30 272 780 90
153 90 285 40 876 1146 90
237 58 449 30 872 1164 90
75 57 432 10 803 1202 90
317 100 387 10 279 668 90
407 3 292 20 250 766 90
401 109 463 30 776 1202 90
335 199 268 20 89 564 90
225 136 288 10 843 1242 90
906 89 270 10 335 902 90
34 35 306 20 222 662 90
4 78 346 30 196 785 90
936 186 464 10 434 958 90
124 146 439 10 413 936 90
178 60 454 10 641 1203 90
53 7 300 30 819 1341 90
937 7 292 10 246 731 90
52 200 270 20 53 538 90
771 208 396 20 171 691 90
974 112 465 10 419 1009 90
422 111 464 10 551 1060 90
174 91 268 10 568 1231 90
570 55 449 20 278 699 90
690 18 462 20 837 1268 90
160 134 428 20 692 1235 90
664 18 484 10 329 865 90
967 67 334 20 317 814 90
281 215 395 20 698 1096 90
103 115 465 10 253 674 90
258 101 386 20 201 773 90
489 21 487 10 329 910 90
752 53 440 10 420 897 90
518 62 326 20 707 1176 90
349 59 457 30 552 1106 90
130 218 316 20 73 681 90
535 175 487 20 248 746 90
934 0 293 30 331 897 90
400 54 445 10 307 819 90
958 97 385 30 310 825 90
680 88 287 30 694 1143 90
978 178 491 10 302 945 90
331 112 467 10 339 723 90
140 206 261 10 824 1330 90
510 169 336 30 571 1159 90
986 85 288 20 169 729 90
851 179 492 10 441 989 90
412 138 438 20 643 1081 90
813 100 266 20 150 633 90
533 137 290 10 119 588 90
739 188 462 40 468 1111 90
592 213 397 10 502 923 90
219 65 453 30 274 802 90
275 52 432 20 554 1078 90
436 24 492 10 1053 1403 90
761 207 400 20 256 795 90
586 89 272 10 263 790 90
89 72 344 20 402 912 90
671 174 494 10 305 751 90
818 79 291 10 313 774 90
857 169 340 10 467 1075 90
81 141 431 30 211 709 90
866 12 463 20 519 1033 90
176 63 444 20 822 1408 90
744 30 301 10 459 927 90
91 55 428 20 264 849 90
970 15 457 20 313 832 90
553 116 466 20 254 941 90
269 50 438 20 543 960 90
865 56 434 20 632 1188 90
505 94 383 10 472 851 90
170 62 453 10 296 803 90
425 184 464 10 223 688 90
472 69 334 30 199 804 90
628 218 318 20 716 1108 90
711 12 451 20 311 705 90
61 30 302 10 317 887 90
350 49 451 20 284 711 90
46 128 291 10 362 984 90
149 182 463 30 223 762 90
541 86 268 10 540 885 90
62 8 300 10 975 1367 90
411 90 296 20 166 636 90
49 21 485 30 348 679 90
701 25 499 10 911 1399 90
393 69 336 20 293 654 90
581 204 269 30 49 498 90
933 201 270 10 52 702 90
387 26 490 10 832 1406 90
181 6 292 10 247 908 90
409 189 464 10 590 1173 90
391 220 392 20 722 1263 90
18 73 346 10 451 1047 90
13 219 325 10 337 745 90
606 102 391 20 899 1360 90
577 139 291 10 118 682 90
811 95 277 20 915 1264 90
713 60 428 20 894 1301 90
782 165 343 10 377 793 90
368 198 271 20 217 621 90
332 181 469 20 253 752 90
78 221 325 10 480 786 90
720 0 297 10 432 983 90
256 167 339 10 425 934 90
516 97 387 10 637 1055 90
364 66 448 10 270 720 90
97 74 350 10 634 1236 90
699 200 265 10 642 1133 90
886 91 266 10 512 1104 90
815 211 386 20 141 455 90
506 250 411 30 261 785 90
772 249 407 10 174 683 90
79 22 483 30 325 703 90
855 217 323 20 133 764 90
431 100 394 10 778 1294 90
666 84 346 20 889 1363 90
125 162 336 20 123 506 90
238 246 398 40 148 635 90
9 76 345 30 348 778 90
938 80 290 10 213 692 90
911 38 301 20 409 1172 90
731 8 497 40 701 1265 90
403 13 455 10 313 921 90
463 90 274 20 170 698 90
614 17 459 10 1006 1421 90
944 111 463 20 694 1099 90
285 73 328 20 193 625 90
27 87 285 30 456 1016 90
240 59 459 20 418 875 90
17 77 347 20 260 682 90
287 250 405 20 155 781 90
654 197 270 30 312 710 90
189 88 286 10 551 1104 90
912 25 307 10 239 769 90
44 77 344 10 196 746 90
563 89 290 20 165 576 90
922 35 303 20 221 571 90
840 96 270 20 155 712 90
845 17 458 10 1024 1422 90
315 63 336 20 620 1063 90
358 196 462 10 771 1186 90
882 51 447 10 280 684 90
20 129 292 10 351 812 90
341 95 391 10 671 1211 90
530 192 265 10 522 876 90
905 134 288 20 668 1234 90
474 67 335 20 461 852 90
910 80 286 10 351 926 90
39 163 340 30 168 813 90
729 14 459 20 341 840 90
185 64 426 10 931 1454 90
946 134 285 20 922 1350 90
887 16 463 20 649 1090 90
138 132 290 10 661 1054 90
954 163 337 10 123 808 90
823 101 385 20 201 802 90
794 218 321 20 517 939 90
656 203 390 40 147 644 90
464 214 394 10 558 1053 90
249 135 293 30 160 629 90
168 210 398 10 335 903 90
116 102 264 10 148 606 90
16 20 488 10 627 948 90
904 216 319 10 147 561 90
142 95 384 30 572 933 90
918 197 267 10 378 830 90
102 1 293 10 278 768 90
413 13 459 20 407 957 90
971 217 319 10 539 1101 90
106 141 428 20 208 667 90
126 2 295 30 639 962 90
158 140 431 30 211 802 90
105 75 347 10 606 1076 90
612 212 319 30 78 468 90
626 245 408 10 363 874 90
817 224 314 10 935 1265 90
658 210 391 30 146 661 90
669 20 489 10 630 1127 90
981 163 331 40 118 326 90
972 111 467 20 408 836 90
579 110 459 30 748 1417 90
948 56 428 20 263 824 90
265 6 296 10 717 1073 90
812 16 460 20 908 1383 90
329 136 290 20 120 602 90
226 173 490 20 252 644 90
571 57 425 20 260 860 90
408 16 462 10 721 1200 90
134 187 491 20 449 1176 90
681 54 424 10 262 838 90
597 248 404 30 154 737 90
789 117 467 10 254 794 90
688 66 336 10 483 1014 90
725 215 317 10 75 402 90
375 16 497 20 863 1298 90
208 186 461 20 220 656 90
522 92 270 20 707 1277 90
538 111 459 20 970 1378 90
378 55 431 20 516 930 90
385 145 434 20 269 707 90
