r1_10_3

VEHICLE
NUMBER  CAPACITY
250   200

CUSTOMER
CUST NO. XCOORD. YCOORD. DEMAND READY TIME DUE DATE SERVICE TIME

0  250  250   0   0  1925   0
723 120 261 5 803 813 10
985 111 192 11 1209 1219 10
525 56 268 28 1074 1084 10
382 6 196 20 1213 1223 10
416 26 221 28 1006 1016 10
792 131 246 17 842 852 10
824 68 240 11 804 814 10
609 82 183 17 1112 1122 10
707 23 235 43 1033 1043 10
647 46 248 9 824 834 10
638 94 192 1 1090 1100 10
2 67 190 25 1183 1193 10
424 19 273 25 1027 1037 10
588 39 153 26 808 818 10
63 146 188 6 1245 1255 10
733 40 304 16 1155 1165 10
259 79 257 26 963 973 10
62 59 276 11 902 912 10
242 61 170 20 1016 1026 10
197 45 166 22 1023 1033 10
