rc2_10_10

VEHICLE
NUMBER  CAPACITY
250   1000

CUSTOMER
CUST NO. XCOORD. YCOORD. DEMAND READY TIME DUE DATE SERVICE TIME

0  250  250   0   0  7284   0
172 385 17 40 2995 3595 10
470 341 59 27 2919 3519 10
322 364 71 5 5154 5754 10
620 376 92 10 3722 4322 10
673 432 66 30 4045 4645 10
129 325 56 13 2946 3546 10
726 397 57 17 5664 6264 10
232 390 34 7 4001 4601 10
103 382 110 24 4210 4810 10
982 337 41 8 3769 4369 10
403 335 46 18 5127 5727 10
236 365 74 24 3154 3754 10
570 344 70 24 4343 4943 10
371 323 29 7 4310 4910 10
33 390 120 24 3777 4377 10
643 352 63 6 4473 5073 10
781 341 72 9 2979 3579 10
112 429 67 16 2689 3289 10
804 415 95 15 4467 5067 10
205 391 112 24 3761 4361 10
