c2_10_5

VEHICLE
NUMBER  CAPACITY
250   700

CUSTOMER
CUST NO. XCOORD. YCOORD. DEMAND READY TIME DUE DATE SERVICE TIME

0  250  250   0   0  3914   0
307 48 385 20 928 1248 90
892 78 479 30 1009 1329 90
217 64 473 10 1204 1524 90
859 148 270 10 103 423 90
647 90 391 10 461 781 90
881 140 252 20 517 837 90
199 35 358 20 1417 1737 90
718 96 377 10 199 519 90
753 69 475 30 1109 1429 90
483 26 269 30 925 1245 90
716 106 295 20 973 1293 90
180 95 279 20 295 615 90
762 59 480 10 1503 1823 90
608 87 454 40 802 1122 90
424 108 245 20 1650 1970 90
181 76 456 30 700 1020 90
833 56 287 20 197 517 90
398 76 408 30 940 1260 90
582 167 304 20 127 447 90
656 90 277 30 582 902 90
14 143 266 10 322 642 90
308 152 260 10 98 418 90
137 71 453 20 605 925 90
606 46 277 10 509 829 90
255 88 394 10 647 967 90
189 149 273 20 132 452 90
694 116 255 20 1159 1479 90
50 113 289 10 142 462 90
563 104 246 10 1273 1593 90
666 106 248 20 1366 1686 90
397 188 293 30 757 1077 90
340 66 391 20 1521 1841 90
214 95 294 10 690 1010 90
877 63 454 10 404 724 90
37 90 270 10 485 805 90
707 52 469 20 1307 1627 90
552 98 286 30 1257 1577 90
535 185 293 10 850 1170 90
961 102 289 20 1162 1482 90
257 81 373 10 510 830 90
462 88 379 20 609 929 90
193 39 278 10 1521 1841 90
561 87 369 10 201 521 90
71 59 389 20 1618 1938 90
138 54 287 20 199 519 90
945 179 284 30 951 1271 90
994 109 250 10 1460 1780 90
839 101 290 20 1070 1390 90
401 185 301 20 1250 1570 90
627 112 251 10 1553 1873 90
821 47 280 10 323 643 90
229 78 375 10 234 554 90
801 54 446 20 277 597 90
944 96 269 10 885 1205 90
855 101 263 20 1076 1396 90
337 95 243 20 679 999 90
62 78 371 20 210 530 90
41 94 275 10 389 709 90
92 29 282 10 1330 1650 90
891 190 292 10 665 985 90
109 32 256 10 821 1141 90
777 94 247 30 773 1093 90
763 40 378 20 1306 1626 90
33 54 357 10 1616 1936 90
619 22 283 30 1233 1553 90
288 52 484 10 1601 1921 90
665 174 304 20 93 413 90
10 79 479 30 918 1238 90
243 81 283 10 1544 1864 90
116 96 292 10 782 1102 90
76 74 390 20 717 1037 90
758 80 398 10 746 1066 90
811 77 397 10 839 1159 90
241 96 356 10 186 506 90
705 83 282 10 1452 1772 90
220 176 296 20 1150 1470 90
373 141 267 10 1555 1875 90
790 34 279 20 1426 1746 90
632 36 284 10 1618 1938 90
196 139 262 30 1370 1690 90
659 61 437 20 265 585 90
162 71 388 20 1425 1745 90
429 76 391 30 1238 1558 90
850 103 251 10 1178 1498 90
251 47 389 30 1022 1342 90
212 32 247 20 722 1042 90
997 175 282 10 1046 1366 90
7 43 269 30 607 927 90
3 89 284 20 1356 1676 90
622 44 279 10 416 736 90
760 67 463 30 504 824 90
913 179 311 10 231 551 90
587 144 266 30 231 551 90
905 95 395 30 252 572 90
862 143 257 10 421 741 90
664 59 471 20 1404 1724 90
565 114 296 40 179 499 90
943 83 228 20 569 889 90
923 140 265 40 1463 1783 90
822 57 456 20 308 628 90
167 46 383 30 1208 1528 90
806 101 295 30 878 1198 90
426 57 379 20 827 1147 90
191 139 269 20 1648 1968 90
551 103 266 30 982 1302 90
57 73 395 20 1143 1463 90
129 43 355 20 1515 1835 90
786 80 374 20 419 739 90
978 11 269 10 1030 1350 90
363 55 282 40 225 545 90
391 96 407 20 354 674 90
156 13 266 20 1124 1444 90
234 72 391 10 1332 1652 90
937 88 390 30 553 873 90
55 80 281 10 1637 1957 90
459 80 376 40 327 647 90
538 128 249 20 1263 1583 90
895 47 388 20 1113 1433 90
915 66 397 10 1045 1365 90
346 111 279 30 141 461 90
