r2_10_6

VEHICLE
NUMBER  CAPACITY
250   1000

CUSTOMER
CUST NO. XCOORD. YCOORD. DEMAND READY TIME DUE DATE SERVICE TIME

0  250  250   0   0  7697   0
100 264 180 33 6663 6903 10
860 240 34 28 6178 6418 10
535 188 151 7 5127 5367 10
165 248 176 32 5546 5786 10
683 257 57 18 4844 5084 10
565 231 29 14 4845 5085 10
299 269 112 19 4991 5231 10
427 281 96 1 4443 4683 10
525 235 108 12 4258 4498 10
137 241 180 13 6718 6958 10
138 174 67 15 4979 5219 10
507 172 24 17 5749 5989 10
645 282 10 30 4986 5226 10
743 178 135 21 5995 6235 10
402 267 174 34 6413 6653 10
692 273 149 14 5951 6191 10
243 209 68 27 6212 6452 10
965 318 99 35 4791 5031 10
3 290 145 5 5066 5306 10
267 172 66 18 5151 5391 10
127 297 131 25 4602 4842 10
273 226 175 23 6715 6955 10
670 215 129 17 4414 4654 10
190 245 176 20 4879 5119 10
723 253 74 20 5340 5580 10
617 171 34 21 4512 4752 10
