r1_10_5

VEHICLE
NUMBER  CAPACITY
250   200

CUSTOMER
CUST NO. XCOORD. YCOORD. DEMAND READY TIME DUE DATE SERVICE TIME

0  250  250   0   0  1925   0
219 491 369 28 730 760 10
672 405 349 15 522 552 10
783 330 371 1 559 589 10
34 406 460 2 719 749 10
25 429 476 23 573 603 10
124 370 493 22 571 601 10
822 469 489 4 555 585 10
405 470 417 11 737 767 10
490 422 498 5 692 722 10
236 354 416 10 679 709 10
11 328 491 21 678 708 10
130 489 437 29 707 737 10
749 379 486 22 672 702 10
180 414 378 23 495 525 10
280 371 488 10 583 613 10
78 347 459 25 479 509 10
760 368 452 16 670 700 10
207 457 492 7 508 538 10
228 436 467 12 736 766 10
334 381 457 28 471 501 10
579 450 416 25 577 607 10
419 448 404 15 599 629 10
