c1_10_2

VEHICLE
NUMBER   CAPACITY
250     200

CUSTOMER
CUST NO. XCOORD.  YCOORD.  DEMAND  READY TIME DUE DATE  SERVICE TIME

0   250    250     0     0    1824     0
216 58 458 10 702 774 90
2 5 297 10 955 1017 90
356 71 333 10 0 1537 90
490 21 488 10 0 1404 90
919 77 350 10 997 1058 90
652 101 384 30 200 262 90
736 35 304 30 280 345 90
96 54 430 20 610 652 90
380 80 342 10 193 275 90
492 67 452 30 327 402 90
237 58 449 30 993 1042 90
75 57 432 10 973 1033 90
317 100 387 10 0 1531 90
407 3 292 20 404 457 90
401 109 463 30 0 1479 90
34 35 306 20 369 440 90
4 78 346 30 355 403 90
178 60 454 10 892 952 90
53 7 300 30 1056 1104 90
937 7 292 10 246 306 90
974 112 465 10 685 743 90
422 111 464 10 775 837 90
570 55 449 20 0 1456 90
690 18 462 20 0 1420 90
664 18 484 10 397 444 90
967 67 334 20 532 600 90
103 115 465 10 409 465 90
258 101 386 20 349 415 90
489 21 487 10 582 629 90
752 53 440 10 633 684 90
518 62 326 20 0 1532 90
349 59 457 30 810 848 90
934 0 293 30 591 637 90
400 54 445 10 534 593 90
958 97 385 30 537 598 90
331 112 467 10 505 557 90
219 65 453 30 423 490 90
275 52 432 20 789 843 90
436 24 492 10 1252 1302 90
89 72 344 20 0 1533 90
866 12 463 20 0 1415 90
176 63 444 20 1084 1146 90
744 30 301 10 660 726 90
91 55 428 20 511 568 90
970 15 457 20 462 534 90
553 116 466 20 318 373 90
269 50 438 20 0 1460 90
865 56 434 20 0 1467 90
505 94 383 10 636 687 90
170 62 453 10 515 584 90
472 69 334 30 0 1535 90
711 12 451 20 0 1423 90
61 30 302 10 572 632 90
350 49 451 20 340 409 90
62 8 300 10 1131 1211 90
49 21 485 30 487 540 90
701 25 499 10 1154 1206 90
393 69 336 20 440 507 90
387 26 490 10 1345 1394 90
181 6 292 10 316 360 90
18 73 346 10 726 772 90
606 102 391 20 1098 1161 90
713 60 428 20 1059 1137 90
720 0 297 10 679 737 90
516 97 387 10 823 869 90
364 66 448 10 270 345 90
97 74 350 10 915 955 90
79 22 483 30 325 389 90
431 100 394 10 0 1527 90
666 84 346 20 1095 1157 90
9 76 345 30 0 1536 90
911 38 301 20 0 1516 90
731 8 497 40 959 1006 90
403 13 455 10 381 430 90
614 17 459 10 1200 1275 90
944 111 463 20 0 1480 90
285 73 328 20 193 270 90
240 59 459 20 0 1451 90
17 77 347 20 436 505 90
912 25 307 10 0 1502 90
44 77 344 10 254 319 90
922 35 303 20 0 1513 90
845 17 458 10 1297 1360 90
315 63 336 20 822 861 90
882 51 447 10 438 501 90
341 95 391 10 909 973 90
474 67 335 20 629 684 90
729 14 459 20 559 622 90
185 64 426 10 1162 1223 90
887 16 463 20 836 904 90
823 101 385 20 262 320 90
16 20 488 10 754 820 90
142 95 384 30 719 785 90
102 1 293 10 0 1482 90
413 13 459 20 646 718 90
126 2 295 30 774 828 90
105 75 347 10 810 872 90
669 20 489 10 856 901 90
972 111 467 20 597 647 90
579 110 459 30 0 1483 90
948 56 428 20 415 482 90
265 6 296 10 863 926 90
812 16 460 20 1112 1180 90
571 57 425 20 260 317 90
408 16 462 10 935 986 90
681 54 424 10 320 387 90
789 117 467 10 254 307 90
688 66 336 10 719 778 90
375 16 497 20 1038 1123 90
538 111 459 20 0 1483 90
378 55 431 20 694 752 90
