rc1_10_9

VEHICLE
NUMBER  CAPACITY
250   200

CUSTOMER
CUST NO. XCOORD. YCOORD. DEMAND READY TIME DUE DATE SERVICE TIME

0  250  250   0   0  1821   0
294 94 40 24 1023 1143 10
92 92 18 8 1079 1199 10
700 165 59 27 898 1018 10
423 149 98 4 1120 1240 10
574 57 43 15 978 1098 10
759 140 108 29 1026 1146 10
394 64 5 14 1084 1204 10
99 38 15 3 1046 1166 10
566 68 160 21 1091 1211 10
506 60 5 18 999 1119 10
935 66 31 25 1003 1123 10
187 157 38 3 1003 1123 10
832 46 163 8 881 1001 10
241 65 62 15 931 1051 10
895 92 76 4 1094 1214 10
339 58 39 12 1118 1238 10
410 30 7 23 1144 1264 10
