rc1_10_9

VEHICLE
NUMBER  CAPACITY
250   200

CUSTOMER
CUST NO. XCOORD. YCOORD. DEMAND READY TIME DUE DATE SERVICE TIME

0  250  250   0   0  1821   0
663 178 72 23 712 832 10
687 18 24 32 583 703 10
789 140 137 32 525 645 10
28 80 117 24 779 899 10
717 6 53 8 542 662 10
942 52 18 28 812 932 10
559 21 70 15 726 846 10
450 179 75 13 695 815 10
415 132 32 18 739 859 10
145 66 88 2 785 905 10
372 89 65 16 675 795 10
614 39 162 18 520 640 10
632 125 61 26 567 687 10
411 120 37 28 730 850 10
526 95 64 4 721 841 10
333 142 14 18 790 910 10
