r2_10_1

VEHICLE
NUMBER   CAPACITY
250     1000

CUSTOMER
CUST NO. XCOORD.  YCOORD.  DEMAND  READY TIME DUE DATE  SERVICE TIME

0   250    250     0     0    7697     0
957 248 386 22 1510 1636 10
322 260 472 33 4143 4265 10
930 174 397 32 4978 5099 10
785 185 434 9 2326 2383 10
849 279 355 9 695 756 10
832 166 440 12 772 890 10
175 152 476 45 2112 2188 10
484 243 402 13 1632 1729 10
115 196 489 23 4135 4226 10
198 247 443 17 1302 1461 10
53 179 497 1 5633 5775 10
703 195 386 13 508 666 10
974 259 498 33 4294 4425 10
286 267 374 23 2425 2501 10
858 211 411 15 4631 4662 10
281 217 357 23 5671 5808 10
1 228 399 14 2329 2482 10
246 167 488 17 972 1148 10
250 299 353 34 393 519 10
489 283 438 3 939 1032 10
657 207 487 4 2767 2868 10
575 181 441 25 2177 2278 10
544 161 416 25 4036 4173 10
218 245 461 8 2635 2680 10
333 149 458 13 4634 4796 10
60 208 445 22 5314 5465 10
533 202 391 30 2497 2611 10
895 162 388 11 4545 4584 10
959 199 438 3 5429 5575 10
355 283 454 14 5107 5134 10
964 294 421 26 6292 6431 10
976 277 428 7 1931 2112 10
780 178 420 18 4290 4401 10
183 263 418 25 1117 1230 10
372 240 362 23 5665 5765 10
616 164 473 26 1149 1340 10
354 246 407 12 1235 1377 10
176 176 470 14 2181 2312 10
269 286 356 30 354 542 10
865 182 480 31 1457 1581 10
221 307 412 8 1635 1714 10
445 148 462 10 2906 3028 10
872 313 391 5 600 716 10
392 243 408 15 5720 5870 10
288 185 431 15 1561 1656 10
149 173 474 14 5150 5250 10
854 284 457 17 6018 6090 10
282 255 487 19 1556 1747 10
494 244 368 25 1648 1785 10
997 167 445 7 5656 5761 10
660 210 379 12 2834 2957 10
13 222 499 7 3400 3483 10
453 272 420 7 5515 5691 10
843 268 458 24 2100 2204 10
435 226 423 15 832 863 10
382 250 441 5 3026 3140 10
346 288 439 16 1121 1187 10
653 262 369 15 513 641 10
330 177 404 17 5074 5143 10
431 239 486 3 5949 6028 10
572 230 487 20 4552 4605 10
144 174 376 8 5671 5804 10
787 177 486 20 6397 6501 10
90 311 422 29 3970 4053 10
562 163 472 9 2611 2736 10
177 195 450 16 5946 6061 10
758 225 488 28 2540 2664 10
386 225 369 38 432 541 10
315 189 402 10 2149 2259 10
296 274 442 17 4301 4350 10
750 257 391 22 6547 6637 10
882 313 493 20 4784 4880 10
474 218 403 15 5305 5368 10
389 287 397 12 2262 2373 10
249 150 484 16 2498 2623 10
110 208 488 22 1934 2007 10
757 211 446 15 4460 4647 10
890 244 422 14 2134 2288 10
154 268 351 7 6698 6822 10
413 274 441 12 2762 2915 10
135 318 497 21 3428 3522 10
126 175 422 24 5771 5920 10
203 261 359 10 401 476 10
569 256 441 34 722 807 10
585 231 410 14 4917 5095 10
214 237 420 15 5311 5483 10
265 241 402 11 4090 4229 10
801 195 464 20 6160 6291 10
766 312 453 6 2180 2337 10
155 213 399 18 941 1051 10
681 274 403 17 3526 3693 10
874 278 450 29 5504 5615 10
522 215 434 9 752 909 10
