r2_10_1

VEHICLE
NUMBER   CAPACITY
250     1000

CUSTOMER
CUST NO. XCOORD.  YCOORD.  DEMAND  READY TIME DUE DATE  SERVICE TIME

0   250    250     0     0    7697     0
467 325 147 14 4777 4836 10
216 292 136 28 3126 3239 10
229 359 246 18 5725 5777 10
493 297 304 4 227 345 10
716 299 285 3 4991 5160 10
993 287 256 18 61 239 10
348 267 162 6 5800 5913 10
454 318 280 21 254 340 10
31 361 178 5 3903 3996 10
542 330 281 14 5336 5427 10
652 337 232 2 6266 6418 10
632 351 148 30 1838 1971 10
870 308 199 14 5986 6201 10
797 371 163 21 3328 3414 10
589 333 163 32 4973 5068 10
167 343 205 26 3081 3178 10
4 340 291 22 1893 1991 10
361 330 138 18 4493 4504 10
157 327 139 13 5021 5158 10
220 298 264 36 147 253 10
568 365 190 22 5897 6043 10
830 321 149 18 5683 5834 10
289 325 210 15 3717 3870 10
898 265 240 9 21 123 10
739 289 220 19 145 248 10
29 309 161 23 2287 2499 10
436 342 319 36 419 502 10
520 297 283 28 5386 5529 10
921 291 251 20 129 200 10
442 311 203 15 2892 3008 10
402 267 174 34 6470 6596 10
576 306 229 10 5287 5396 10
152 380 194 3 2872 2956 10
503 247 219 17 81 169 10
320 330 308 24 4687 4797 10
942 347 184 15 4316 4433 10
19 307 249 10 5511 5622 10
254 363 225 35 3426 3541 10
371 356 256 19 337 513 10
6 273 255 18 5968 6088 10
3 290 145 5 5130 5242 10
692 273 149 14 5987 6154 10
779 347 192 18 5930 6096 10
704 306 235 25 172 291 10
624 301 239 31 169 248 10
606 223 178 20 4566 4645 10
137 241 180 13 6789 6887 10
582 320 211 16 3985 4076 10
73 343 276 15 321 451 10
145 293 174 31 279 420 10
850 266 221 9 80 185 10
508 352 241 5 3178 3280 10
165 248 176 32 5579 5753 10
580 272 234 26 6353 6489 10
9 295 283 26 3538 3728 10
949 331 134 11 4479 4631 10
390 285 247 13 5063 5256 10
603 303 186 10 5422 5531 10
100 264 180 33 6720 6845 10
738 263 153 12 1628 1791 10
679 291 213 23 5018 5163 10
191 251 238 27 12 119 10
675 339 144 13 4424 4487 10
136 330 147 28 3383 3525 10
27 261 201 15 6060 6172 10
190 245 176 20 4943 5055 10
512 364 173 30 700 862 10
926 350 199 21 4787 4945 10
929 333 293 27 2494 2563 10
365 354 156 20 3322 3458 10
233 343 166 28 3512 3616 10
127 297 131 25 4640 4803 10
230 314 205 22 6086 6249 10
58 322 290 23 5920 6031 10
50 295 247 12 5212 5335 10
116 280 245 21 85 158 10
207 325 311 22 5290 5409 10
685 355 174 33 2847 2996 10
839 286 244 31 5150 5242 10
273 226 175 23 6798 6871 10
888 248 214 19 5955 5999 10
803 293 228 19 133 253 10
793 344 203 14 708 751 10
950 274 261 20 6817 6959 10
597 345 146 27 5727 5905 10
881 351 233 21 5692 5811 10
