rc1_10_8

VEHICLE
NUMBER   CAPACITY
250     200

CUSTOMER
CUST NO. XCOORD.  YCOORD.  DEMAND  READY TIME DUE DATE  SERVICE TIME

0   250    250     0     0    1821     0
467 172 314 9 516 605 10
451 228 287 21 43 181 10
161 192 265 10 71 207 10
647 197 267 10 55 226 10
59 246 255 10 82 174 10
252 234 246 10 44 116 10
437 221 291 9 50 157 10
735 228 260 12 1563 1678 10
407 214 245 8 36 134 10
484 195 273 22 59 166 10
65 200 261 10 123 239 10
509 146 313 22 1148 1272 10
641 159 299 12 964 1098 10
967 197 270 30 60 162 10
349 200 270 20 53 145 10
101 237 254 20 21 176 10
659 244 254 20 33 197 10
976 198 271 20 56 175 10
818 133 273 20 119 279 10
176 248 251 20 2 100 10
744 215 282 21 1380 1530 10
6 175 239 23 75 156 10
427 225 269 30 1239 1332 10
149 249 258 30 80 203 10
871 240 250 10 10 143 10
779 243 248 30 7 171 10
374 200 265 10 113 222 10
955 153 235 10 98 221 10
244 211 248 26 39 161 10
590 244 277 18 1252 1380 10
911 214 274 24 1311 1457 10
173 180 283 23 719 798 10
868 198 264 20 84 226 10
302 157 269 31 1516 1667 10
922 210 276 5 47 221 10
610 206 261 10 120 274 10
991 236 247 20 14 150 10
698 179 286 8 289 424 10
230 244 250 10 6 127 10
464 199 268 20 54 178 10
547 201 278 13 56 169 10
126 201 270 10 52 131 10
838 204 269 30 49 143 10
793 245 251 10 5 162 10
538 166 247 1 84 189 10
