rc1_10_8

VEHICLE
NUMBER   CAPACITY
250     200

CUSTOMER
CUST NO. XCOORD.  YCOORD.  DEMAND  READY TIME DUE DATE  SERVICE TIME

0   250    250     0     0    1821     0
12 60 454 10 315 410 10
461 17 458 10 410 486 10
348 48 437 4 778 860 10
376 15 457 20 313 383 10
689 59 457 30 299 399 10
593 22 483 30 325 427 10
268 49 451 20 284 327 10
589 13 459 20 315 431 10
335 50 438 20 274 431 10
157 62 453 10 276 455 10
703 59 459 20 283 407 10
924 17 459 10 367 507 10
664 51 447 10 289 329 10
858 12 463 20 332 419 10
966 12 451 20 311 461 10
489 21 487 10 329 463 10
119 44 440 24 744 863 10
739 53 466 9 292 416 10
32 18 462 20 345 480 10
634 11 403 18 300 416 10
111 0 422 8 787 885 10
586 53 440 10 274 402 10
619 64 437 11 867 1000 10
880 13 394 15 347 428 10
397 16 497 20 364 518 10
340 58 391 16 851 944 10
309 58 458 10 283 398 10
550 16 462 10 346 456 10
359 59 388 20 629 726 10
46 69 414 6 1222 1335 10
925 66 448 10 270 397 10
747 26 490 10 429 551 10
62 20 489 10 341 455 10
366 63 444 20 364 426 10
980 49 437 7 385 499 10
987 67 452 30 272 377 10
704 24 492 10 413 540 10
624 20 488 10 330 455 10
606 21 488 10 330 459 10
782 58 449 30 305 451 10
554 14 459 20 315 418 10
783 16 460 20 371 481 10
9 25 499 10 415 504 10
609 65 453 30 274 357 10
120 7 382 27 734 837 10
358 16 463 20 321 459 10
905 18 484 10 329 435 10
625 13 455 10 313 434 10
185 27 464 21 1242 1370 10
946 76 462 18 900 1041 10
975 5 445 30 313 476 10
833 77 465 11 275 395 10
899 13 465 31 716 861 10
705 55 449 20 278 414 10
318 21 485 30 328 437 10
102 54 445 10 276 403 10
279 8 497 40 368 477 10
972 28 467 34 1303 1412 10
812 44 496 32 374 460 10
417 67 451 5 1178 1284 10
