rc1_10_8

VEHICLE
NUMBER   CAPACITY
250     200

CUSTOMER
CUST NO. XCOORD.  YCOORD.  DEMAND  READY TIME DUE DATE  SERVICE TIME

0   250    250     0     0    1821     0
587 69 336 20 200 347 10
993 3 292 20 250 371 10
930 86 268 10 192 273 10
424 91 268 10 205 315 10
805 88 287 30 229 328 10
696 52 303 25 408 504 10
369 40 304 16 1088 1231 10
75 30 302 10 226 342 10
613 90 274 20 161 268 10
163 64 294 12 1064 1168 10
307 25 307 10 232 361 10
937 35 304 30 221 335 10
728 0 297 10 268 347 10
433 33 278 18 1433 1571 10
822 67 335 20 201 344 10
160 38 301 20 243 379 10
923 80 286 10 206 271 10
830 67 334 20 201 376 10
130 44 344 12 1029 1159 10
40 80 290 10 174 331 10
575 1 293 10 252 355 10
535 8 300 10 301 441 10
907 19 273 25 955 1109 10
139 29 336 22 287 406 10
60 71 333 10 197 238 10
842 5 281 16 1333 1441 10
30 83 300 26 488 541 10
45 88 286 10 220 314 10
152 62 326 20 243 360 10
857 24 259 19 351 420 10
623 51 286 14 1423 1525 10
19 7 300 30 313 406 10
505 71 282 29 600 714 10
615 35 306 20 222 301 10
221 33 286 11 1508 1592 10
251 118 314 26 285 420 10
14 102 264 10 148 282 10
902 16 287 12 236 357 10
243 0 293 30 253 422 10
469 35 303 20 221 344 10
449 85 288 20 169 266 10
304 100 266 20 150 265 10
811 7 292 10 246 335 10
513 44 311 27 334 510 10
421 6 292 10 247 348 10
367 89 290 20 165 264 10
382 6 296 10 270 400 10
97 5 297 10 282 410 10
737 95 277 20 222 357 10
77 96 270 20 155 251 10
601 66 336 10 215 321 10
100 2 295 30 264 377 10
334 73 328 20 193 284 10
295 0 356 13 1030 1173 10
381 63 336 20 221 341 10
635 89 272 10 162 284 10
845 90 296 20 166 287 10
882 56 268 28 987 1171 10
583 104 349 20 967 1082 10
645 30 301 10 225 363 10
414 87 285 30 200 313 10
823 92 270 20 226 318 10
511 37 281 17 437 580 10
203 91 266 10 190 305 10
496 13 314 14 245 441 10
869 69 334 30 199 331 10
569 32 319 21 375 456 10
618 79 291 10 175 317 10
791 96 346 26 181 359 10
86 97 288 22 1260 1338 10
803 90 285 40 225 358 10
766 12 358 7 1177 1302 10
134 89 270 10 162 292 10
