c2_10_1

VEHICLE
NUMBER  CAPACITY
250   700

CUSTOMER
CUST NO. XCOORD. YCOORD. DEMAND READY TIME DUE DATE SERVICE TIME

0  250  250   0   0  3914   0
806 101 295 30 958 1118 90
424 108 245 20 1730 1890 90
373 141 267 10 1635 1795 90
632 36 284 10 1698 1858 90
563 104 246 10 1353 1513 90
923 140 265 40 1543 1703 90
538 128 249 20 1343 1503 90
994 109 250 10 1540 1700 90
627 112 251 10 1633 1793 90
619 22 283 30 1313 1473 90
716 106 295 20 1053 1213 90
855 101 263 20 1156 1316 90
193 39 278 10 1601 1761 90
55 80 281 10 1717 1877 90
839 101 290 20 1150 1310 90
978 11 269 10 1110 1270 90
196 139 262 30 1450 1610 90
961 102 289 20 1242 1402 90
944 96 269 10 965 1125 90
191 139 269 20 1728 1888 90
483 26 269 30 1005 1165 90
243 81 283 10 1624 1784 90
551 103 266 30 1062 1222 90
705 83 282 10 1532 1692 90
666 106 248 20 1446 1606 90
694 116 255 20 1239 1399 90
92 29 282 10 1410 1570 90
790 34 279 20 1506 1666 90
156 13 266 20 1204 1364 90
3 89 284 20 1436 1596 90
552 98 286 30 1337 1497 90
850 103 251 10 1258 1418 90
