rc2_10_9

VEHICLE
NUMBER   CAPACITY
250     1000

CUSTOMER
CUST NO. XCOORD.  YCOORD.  DEMAND  READY TIME DUE DATE  SERVICE TIME

0   250    250     0     0    7284     0
444 480 152 26 3906 4386 10
756 484 171 10 993 1473 10
493 447 184 27 1518 1998 10
604 441 177 23 3825 4305 10
875 477 179 20 711 1191 10
299 500 228 8 2947 3427 10
672 435 180 37 718 1198 10
447 458 213 22 4333 4813 10
648 498 171 12 4846 5326 10
592 452 206 31 1789 2269 10
91 432 199 7 2374 2854 10
865 482 141 14 3863 4343 10
170 488 173 20 935 1415 10
351 476 174 30 1117 1597 10
591 484 177 20 826 1306 10
247 455 168 21 3287 3767 10
390 452 172 9 2253 2733 10
191 429 169 8 3431 3911 10
599 479 169 20 1054 1534 10
784 480 136 22 787 1267 10
249 439 156 2 1923 2403 10
890 461 182 13 2336 2816 10
245 484 174 10 878 1358 10
888 479 176 20 766 1246 10
977 480 131 5 2570 3050 10
226 482 184 14 4247 4727 10
611 466 149 16 4564 5044 10
486 495 227 20 1196 1676 10
