rc2_10_9

VEHICLE
NUMBER   CAPACITY
250     1000

CUSTOMER
CUST NO. XCOORD.  YCOORD.  DEMAND  READY TIME DUE DATE  SERVICE TIME

0   250    250     0     0    7284     0
668 112 433 29 760 1240 10
465 111 467 20 968 1448 10
913 130 494 6 2855 3335 10
292 154 374 36 3568 4048 10
229 110 459 30 1211 1691 10
697 167 445 7 5468 5948 10
197 111 459 20 1255 1735 10
785 162 388 11 4324 4804 10
128 103 464 22 4912 5392 10
835 102 422 23 725 1205 10
920 166 440 12 591 1071 10
837 141 428 20 595 1075 10
328 111 463 20 1106 1586 10
283 111 392 18 4496 4976 10
220 145 434 20 752 1232 10
752 109 463 30 1154 1634 10
847 115 465 10 869 1349 10
825 132 479 11 790 1270 10
503 185 434 9 2114 2594 10
419 146 439 10 857 1337 10
539 140 431 30 648 1128 10
628 117 467 10 778 1258 10
61 105 474 27 1703 2183 10
76 176 470 14 2007 2487 10
608 122 422 3 5647 6127 10
387 142 360 20 5948 6428 10
308 135 400 20 1014 1494 10
25 116 466 20 824 1304 10
622 196 489 23 3941 4421 10
815 132 477 25 1129 1609 10
666 141 426 23 1946 2426 10
182 179 497 1 5464 5944 10
144 142 372 18 412 892 10
280 150 484 16 2321 2801 10
917 112 467 10 924 1404 10
996 147 435 20 800 1280 10
551 107 374 8 3477 3957 10
357 133 455 25 3052 3532 10
434 149 458 13 4475 4955 10
860 182 480 31 1279 1759 10
113 195 464 20 5985 6465 10
255 115 395 11 3081 3561 10
138 163 472 9 2434 2914 10
867 141 431 30 692 1172 10
168 175 422 24 5606 6086 10
383 146 376 8 757 1237 10
746 134 428 20 1052 1532 10
839 144 439 30 905 1385 10
585 111 464 10 1062 1542 10
466 138 438 20 969 1449 10
984 154 392 9 446 926 10
740 112 465 10 1017 1497 10
