rc2_10_2

VEHICLE
NUMBER  CAPACITY
250   1000

CUSTOMER
CUST NO. XCOORD. YCOORD. DEMAND READY TIME DUE DATE SERVICE TIME

0  250  250   0   0  7284   0
743 125 32 30 0 7023 10
555 102 6 3 5834 5954 10
310 133 26 10 0 7022 10
895 92 76 4 0 7039 10
964 100 66 15 5599 5719 10
479 133 53 20 0 7045 10
506 60 5 18 0 6964 10
212 132 30 20 0 7025 10
898 109 56 27 0 7035 10
373 144 35 26 0 7035 10
156 79 80 19 5528 5648 10
92 92 18 8 4497 4617 10
935 66 31 25 4194 4314 10
187 157 38 3 4191 4311 10
394 64 5 14 0 6967 10
31 136 52 10 0 7046 10
525 88 95 20 0 7050 10
151 87 3 13 5732 5852 10
294 94 40 24 4272 4392 10
