r2_10_4

VEHICLE
NUMBER  CAPACITY
250   1000

CUSTOMER
CUST NO. XCOORD. YCOORD. DEMAND READY TIME DUE DATE SERVICE TIME

0  250  250   0   0  7697   0
584 489 274 31 0 7447 10
513 442 289 25 0 7492 10
812 447 272 12 0 7489 10
550 423 315 12 0 7503 10
153 495 227 20 0 7441 10
420 440 284 25 0 7494 10
961 447 267 19 0 7490 10
893 490 276 33 0 7446 10
459 460 328 13 0 7463 10
726 436 295 11 0 7496 10
314 453 318 30 0 7473 10
928 472 248 11 0 7465 10
511 440 292 24 0 7493 10
451 451 305 13 0 7479 10
719 484 224 7 0 7452 10
403 475 267 7 0 7462 10
600 487 320 21 0 7440 10
509 486 324 15 0 7440 10
69 424 288 13 0 7509 10
151 497 266 25 0 7440 10
715 478 300 12 0 7454 10
28 490 286 29 0 7445 10
353 499 316 18 0 7430 10
82 497 296 14 0 7436 10
101 440 294 16 0 7492 10
604 428 302 27 0 7502 10
