r1_10_1

VEHICLE
NUMBER  CAPACITY
250   200

CUSTOMER
CUST NO. XCOORD. YCOORD. DEMAND READY TIME DUE DATE SERVICE TIME

0  250  250   0   0  1925   0
299 221 291 9 56 66 10
850 239 486 3 1492 1502 10
900 241 402 11 1035 1045 10
671 257 391 22 1643 1653 10
866 240 240 35 1710 1720 10
12 260 472 33 1046 1056 10
607 217 333 26 421 431 10
96 262 369 15 139 149 10
687 228 260 12 1616 1626 10
817 246 407 12 322 332 10
569 240 362 23 1424 1434 10
239 230 320 8 1202 1212 10
721 214 274 24 1379 1389 10
873 214 311 14 70 80 10
630 222 331 10 550 560 10
851 237 420 15 1344 1354 10
97 218 403 15 1329 1339 10
700 226 423 15 207 217 10
844 221 269 14 1275 1285 10
744 248 386 22 388 398 10
461 215 282 21 1450 1460 10
77 225 369 38 121 131 10
775 228 287 21 43 53 10
905 215 434 9 203 213 10
757 255 487 19 408 418 10
474 243 408 15 1444 1454 10
412 244 422 14 548 558 10
161 263 418 25 288 298 10
384 224 320 36 1294 1304 10
261 259 498 33 1085 1095 10
328 235 316 2 666 676 10
501 229 322 11 1670 1680 10
581 244 368 25 424 434 10
726 214 245 8 36 46 10
897 247 443 17 340 350 10
925 231 410 14 1246 1256 10
527 244 277 18 1311 1321 10
413 250 441 5 766 776 10
99 228 399 14 596 606 10
704 247 306 33 56 66 10
834 217 357 23 1430 1440 10
908 256 441 34 191 201 10
182 216 341 19 664 674 10
253 246 314 36 1455 1465 10
478 240 255 33 1621 1631 10
710 261 359 10 109 119 10
235 215 293 13 55 65 10
35 250 328 24 259 269 10
459 259 301 25 109 119 10
432 225 488 28 646 656 10
893 226 316 21 70 80 10
567 230 487 20 1140 1150 10
898 218 271 16 1584 1594 10
753 225 269 30 1281 1291 10
697 235 288 18 40 50 10
856 243 402 13 415 425 10
425 245 461 8 659 669 10
352 222 499 7 855 865 10
