c1_10_6

VEHICLE
NUMBER  CAPACITY
250   200

CUSTOMER
CUST NO. XCOORD. YCOORD. DEMAND READY TIME DUE DATE SERVICE TIME

0  250  250   0   0  1824   0
507 464 134 20 1032 1123 90
447 483 27 20 1218 1412 90
58 489 101 20 922 1149 90
874 343 62 10 1276 1388 90
290 467 114 10 1135 1247 90
146 435 62 30 1143 1231 90
601 393 20 20 1025 1386 90
42 357 26 20 1059 1304 90
514 403 93 10 1114 1198 90
379 428 24 10 1095 1150 90
877 478 118 20 1018 1161 90
691 347 62 10 1077 1219 90
668 344 62 10 1179 1304 90
171 437 61 10 1024 1165 90
746 407 88 10 966 1153 90
693 389 17 10 979 1062 90
110 362 22 20 975 1195 90
994 485 27 10 1223 1299 90
608 488 26 30 1119 1216 90
724 432 24 20 927 1130 90
128 346 60 10 979 1134 90
550 459 17 20 928 1204 90
232 394 23 20 1240 1358 90
753 458 130 20 1116 1233 90
839 489 27 10 947 1206 90
525 428 25 20 1182 1244 90
762 391 18 10 1014 1211 90
791 429 27 20 1235 1376 90
