c1_10_6

VEHICLE
NUMBER  CAPACITY
250   200

CUSTOMER
CUST NO. XCOORD. YCOORD. DEMAND READY TIME DUE DATE SERVICE TIME

0  250  250   0   0  1824   0
730 361 17 20 737 872 90
450 476 102 20 778 885 90
803 347 54 10 776 964 90
539 472 132 10 723 869 90
961 492 95 30 713 980 90
26 379 80 20 704 823 90
706 386 13 10 745 918 90
587 488 96 10 845 1036 90
885 477 122 10 849 962 90
665 379 82 10 716 995 90
989 399 104 10 736 993 90
802 462 14 20 846 1099 90
832 440 63 20 813 1007 90
135 433 25 20 898 975 90
921 398 103 30 769 777 90
340 366 93 20 874 1050 90
858 491 20 20 856 921 90
696 404 83 30 782 965 90
292 408 84 10 749 810 90
88 366 20 10 716 1086 90
942 478 121 40 713 914 90
831 492 94 10 636 875 90
891 469 132 10 819 960 90
205 406 87 10 886 1049 90
835 489 17 10 724 865 90
875 384 16 20 754 1098 90
270 440 61 30 984 1020 90
754 437 15 30 586 954 90
700 435 16 10 767 958 90
609 477 120 10 935 1060 90
827 443 64 30 767 866 90
414 461 8 20 668 900 90
145 343 47 20 677 866 90
769 432 27 10 817 872 90
917 399 106 20 904 1010 90
430 464 13 20 862 898 90
892 465 136 30 966 1004 90
195 431 28 20 698 809 90
165 346 57 20 800 1126 90
659 363 22 20 892 1097 90
361 491 25 10 881 1087 90
889 435 20 20 920 993 90
