rc2_10_5

VEHICLE
NUMBER  CAPACITY
250   1000

CUSTOMER
CUST NO. XCOORD. YCOORD. DEMAND READY TIME DUE DATE SERVICE TIME

0  250  250   0   0  7284   0
47 41 232 16 852 911 10
508 134 211 35 508 576 10
786 47 208 30 832 1099 10
395 95 235 10 500 746 10
930 86 268 10 737 1121 10
408 92 234 10 852 1146 10
18 92 233 10 777 1134 10
817 130 247 17 333 627 10
684 90 232 10 804 1009 10
305 111 178 18 443 810 10
116 94 235 20 476 858 10
955 153 235 10 128 658 10
904 143 158 12 560 660 10
286 91 235 10 938 1334 10
694 31 175 24 958 1135 10
355 95 234 10 664 762 10
887 91 231 30 709 1012 10
988 34 239 16 690 1181 10
900 92 232 10 568 966 10
134 89 270 10 793 955 10
818 133 273 20 231 723 10
823 92 270 20 922 1253 10
203 91 266 10 665 1316 10
14 102 264 10 331 858 10
50 86 199 23 998 1344 10
304 100 266 20 505 787 10
319 80 251 14 1187 1362 10
77 96 270 20 516 901 10
742 93 235 10 844 1246 10
424 91 268 10 845 1232 10
627 92 230 20 733 897 10
919 61 214 4 1103 1751 10
945 92 236 20 1020 1161 10
