rc1_10_3

VEHICLE
NUMBER  CAPACITY
250   200

CUSTOMER
CUST NO. XCOORD. YCOORD. DEMAND READY TIME DUE DATE SERVICE TIME

0  250  250   0   0  1821   0
941 343 47 20 0 1588 10
470 341 59 27 0 1600 10
643 352 63 6 0 1598 10
558 282 1 18 0 1560 10
403 335 46 18 1342 1372 10
720 303 78 12 0 1632 10
48 323 77 36 1405 1435 10
371 323 29 7 0 1579 10
129 325 56 13 0 1604 10
564 292 32 14 0 1589 10
22 347 54 10 0 1593 10
721 344 62 10 0 1601 10
982 337 41 8 0 1585 10
819 347 62 10 0 1600 10
781 341 72 9 0 1612 10
175 343 49 10 0 1590 10
