rc2_10_10

VEHICLE
NUMBER   CAPACITY
250     1000

CUSTOMER
CUST NO. XCOORD.  YCOORD.  DEMAND  READY TIME DUE DATE  SERVICE TIME

0   250    250     0     0    7284     0
587 69 336 20 632 1232 10
668 112 433 29 700 1300 10
465 111 467 20 908 1508 10
12 60 454 10 1149 1749 10
467 172 314 9 1942 2542 10
913 130 494 6 2795 3395 10
2 214 394 10 682 1282 10
292 154 374 36 3508 4108 10
229 110 459 30 1151 1751 10
993 3 292 20 782 1382 10
461 17 458 10 1492 2092 10
348 48 437 4 2975 3575 10
697 167 445 7 5408 6008 10
197 111 459 20 1195 1795 10
930 86 268 10 629 1229 10
785 162 388 11 4264 4864 10
376 15 457 20 1054 1654 10
128 103 464 22 4852 5452 10
276 90 477 18 811 1411 10
835 102 422 23 665 1265 10
920 166 440 12 531 1131 10
10 226 423 15 548 1148 10
689 59 457 30 1097 1697 10
424 91 268 10 738 1338 10
507 189 402 10 1904 2504 10
593 22 483 30 1004 1604 10
837 141 428 20 535 1135 10
437 221 291 9 50 650 10
805 88 287 30 814 1414 10
696 52 303 25 1525 2125 10
268 49 451 20 880 1480 10
328 111 463 20 1046 1646 10
369 40 304 16 4339 4939 10
75 30 302 10 826 1426 10
613 90 274 20 477 1077 10
589 13 459 20 1147 1747 10
335 50 438 20 1107 1707 10
163 64 294 12 4165 4765 10
307 25 307 10 758 1358 10
283 111 392 18 4436 5036 10
937 35 304 30 630 1230 10
157 62 453 10 939 1539 10
703 59 459 20 1005 1605 10
728 0 297 10 931 1531 10
924 17 459 10 1448 2048 10
220 145 434 20 692 1292 10
433 33 278 18 5709 6309 10
509 146 313 22 4541 5141 10
641 159 299 12 3822 4422 10
822 67 335 20 727 1327 10
160 38 301 20 942 1542 10
664 51 447 10 938 1538 10
858 12 463 20 1203 1803 10
281 213 399 18 696 1296 10
923 80 286 10 656 1256 10
966 12 451 20 946 1546 10
830 67 334 20 683 1283 10
246 175 352 12 6420 7020 10
258 149 341 6 1376 1976 10
489 21 487 10 1161 1761 10
752 109 463 30 1094 1694 10
734 210 379 12 2595 3195 10
657 207 400 20 522 1122 10
130 44 344 12 4078 4678 10
40 80 290 10 550 1150 10
575 1 293 10 831 1431 10
535 8 300 10 1183 1783 10
770 84 377 10 3465 4065 10
745 224 320 36 4895 5495 10
907 19 273 25 3826 4426 10
139 29 336 22 1086 1686 10
140 84 453 19 4652 5252 10
60 71 333 10 535 1135 10
119 44 440 24 2915 3515 10
847 115 465 10 809 1409 10
739 53 466 9 1100 1700 10
32 18 462 20 1351 1951 10
842 5 281 16 5246 5846 10
30 83 300 26 1759 2359 10
634 11 403 18 1132 1732 10
111 0 422 8 3044 3644 10
825 132 479 11 730 1330 10
586 53 440 10 1052 1652 10
45 88 286 10 770 1370 10
619 64 437 11 3433 4033 10
458 235 316 2 2383 2983 10
818 133 273 20 177 777 10
152 62 326 20 905 1505 10
880 13 394 15 1250 1850 10
503 185 434 9 2054 2654 10
857 24 259 19 1240 1840 10
623 51 286 14 5596 6196 10
397 16 497 20 1463 2063 10
419 146 439 10 797 1397 10
19 7 300 30 1139 1739 10
340 58 391 16 3289 3889 10
505 71 282 29 2327 2927 10
615 35 306 20 678 1278 10
539 140 431 30 588 1188 10
221 33 286 11 5944 6544 10
628 117 467 10 718 1318 10
251 118 314 26 1110 1710 10
61 105 474 27 1643 2243 10
309 58 458 10 1051 1651 10
14 102 264 10 295 895 10
550 16 462 10 1303 1903 10
76 176 470 14 1947 2547 10
608 122 422 3 5587 6187 10
902 16 287 12 843 1443 10
359 59 388 20 2411 3011 10
46 69 414 6 4813 5413 10
925 66 448 10 781 1381 10
747 26 490 10 1659 2259 10
243 0 293 30 875 1475 10
62 20 489 10 1293 1893 10
469 35 303 20 586 1186 10
449 85 288 20 488 1088 10
581 225 369 38 186 786 10
366 63 444 20 1279 1879 10
980 49 437 7 1470 2070 10
387 142 360 20 5888 6488 10
308 135 400 20 954 1554 10
987 67 452 30 838 1438 10
347 216 341 19 2376 2976 10
25 116 466 20 764 1364 10
304 100 266 20 346 946 10
147 93 413 17 605 1205 10
704 24 492 10 1608 2208 10
624 20 488 10 1249 1849 10
606 21 488 10 1205 1805 10
448 215 395 20 728 1328 10
811 7 292 10 686 1286 10
513 44 311 27 1390 1990 10
782 58 449 30 1211 1811 10
421 6 292 10 730 1330 10
367 89 290 20 430 1030 10
622 196 489 23 3881 4481 10
382 6 296 10 1039 1639 10
97 5 297 10 1085 1685 10
815 132 477 25 1069 1669 10
737 95 277 20 858 1458 10
855 210 391 30 326 926 10
554 14 459 20 1103 1703 10
783 16 460 20 1403 2003 10
77 96 270 20 409 1009 10
311 211 386 20 266 866 10
666 141 426 23 1886 2486 10
182 179 497 1 5404 6004 10
238 210 398 10 577 1177 10
144 142 372 18 352 952 10
9 25 499 10 1540 2140 10
440 220 392 20 791 1391 10
601 66 336 10 773 1373 10
280 150 484 16 2261 2861 10
90 230 320 8 4528 5128 10
257 218 403 15 5037 5637 10
100 2 295 30 983 1583 10
334 73 328 20 474 1074 10
609 65 453 30 887 1487 10
173 180 283 23 2735 3335 10
917 112 467 10 864 1464 10
679 208 396 20 466 1066 10
120 7 382 27 2842 3442 10
17 203 390 40 395 995 10
876 213 397 10 629 1229 10
295 0 356 13 4105 4705 10
381 63 336 20 825 1425 10
635 89 272 10 526 1126 10
996 147 435 20 740 1340 10
845 90 296 20 366 966 10
358 16 463 20 1259 1859 10
551 107 374 8 3417 4017 10
357 133 455 25 2992 3592 10
434 149 458 13 4415 5015 10
882 56 268 28 4016 4616 10
642 95 382 19 685 1285 10
583 104 349 20 3797 4397 10
905 18 484 10 1060 1660 10
625 13 455 10 1003 1603 10
860 182 480 31 1219 1819 10
645 30 301 10 870 1470 10
113 195 464 20 5925 6525 10
185 27 464 21 4924 5524 10
698 179 286 8 1125 1725 10
946 76 462 18 3584 4184 10
975 5 445 30 1004 1604 10
833 77 465 11 804 1404 10
899 13 465 31 2854 3454 10
255 115 395 11 3021 3621 10
138 163 472 9 2374 2974 10
414 87 285 30 724 1324 10
823 92 270 20 787 1387 10
867 141 431 30 632 1232 10
168 175 422 24 5546 6146 10
705 55 449 20 814 1414 10
228 226 316 21 70 670 10
318 21 485 30 1113 1713 10
383 146 376 8 697 1297 10
746 134 428 20 992 1592 10
102 54 445 10 992 1592 10
839 144 439 30 845 1445 10
511 37 281 17 1733 2333 10
626 170 347 15 1503 2103 10
203 91 266 10 690 1290 10
279 8 497 40 1391 1991 10
496 13 314 14 735 1335 10
869 69 334 30 584 1184 10
569 32 319 21 1362 1962 10
972 28 467 34 5130 5730 10
618 79 291 10 595 1195 10
585 111 464 10 1002 1602 10
791 96 346 26 501 1101 10
812 44 496 32 1367 1967 10
86 97 288 22 4896 5496 10
466 138 438 20 909 1509 10
803 90 285 40 865 1465 10
766 12 358 7 4657 5257 10
984 154 392 9 386 986 10
134 89 270 10 574 1174 10
417 67 451 5 4622 5222 10
740 112 465 10 957 1557 10
