rc2_10_10

VEHICLE
NUMBER   CAPACITY
250     1000

CUSTOMER
CUST NO. XCOORD.  YCOORD.  DEMAND  READY TIME DUE DATE  SERVICE TIME

0   250    250     0     0    7284     0
452 397 18 10 928 1528 10
455 407 88 10 1058 1658 10
429 306 42 11 1667 2267 10
205 391 112 24 3761 4361 10
196 436 25 19 4889 5489 10
444 480 152 26 3846 4446 10
22 347 54 10 940 1540 10
322 364 71 5 5154 5754 10
716 479 127 20 839 1439 10
132 472 57 17 4939 5539 10
638 408 84 10 897 1497 10
490 324 99 10 1112 1712 10
529 384 149 18 4549 5149 10
454 488 3 3 1362 1962 10
856 433 15 20 891 1491 10
849 275 42 30 710 1310 10
267 406 96 20 623 1223 10
345 479 121 10 991 1591 10
665 478 118 20 1177 1777 10
736 399 104 10 919 1519 10
969 489 17 10 1280 1880 10
96 371 71 21 907 1507 10
380 432 2 20 1626 2226 10
209 265 0 10 3344 3944 10
502 330 138 18 4198 4798 10
870 299 98 30 427 1027 10
175 343 49 10 820 1420 10
676 335 57 30 544 1144 10
35 467 114 10 1264 1864 10
673 432 66 30 4045 4645 10
797 275 45 20 658 1258 10
121 459 53 20 4249 4849 10
167 459 10 10 1100 1700 10
198 389 17 10 1223 1823 10
361 481 122 30 942 1542 10
558 282 1 18 3930 4530 10
159 386 154 31 4164 4764 10
751 342 54 20 759 1359 10
122 491 25 10 1394 1994 10
721 344 62 10 1146 1746 10
568 277 50 10 551 1151 10
570 344 70 24 4343 4943 10
844 398 23 10 784 1384 10
819 347 62 10 1094 1694 10
117 474 96 30 787 1387 10
118 268 52 10 982 1582 10
103 382 110 24 4210 4810 10
636 304 102 30 547 1147 10
172 385 17 40 2995 3595 10
953 492 34 5 3002 3602 10
400 330 147 28 3154 3754 10
982 337 41 8 3769 4369 10
978 437 98 16 4215 4815 10
331 480 119 7 2274 2874 10
195 481 20 20 1148 1748 10
412 397 153 29 3290 3890 10
813 478 99 10 1005 1605 10
533 300 108 10 302 902 10
810 269 46 20 834 1434 10
557 297 131 25 4422 5022 10
951 389 156 27 2622 3222 10
219 477 120 10 1128 1728 10
57 389 11 20 1053 1653 10
709 313 126 10 733 1333 10
780 488 96 22 4025 4625 10
183 464 13 20 1299 1899 10
769 331 134 11 4255 4855 10
576 481 96 20 948 1548 10
616 437 15 30 1181 1781 10
441 253 50 27 663 1263 10
320 476 61 36 1555 2155 10
866 319 124 20 472 1072 10
239 403 93 10 1123 1723 10
21 307 108 10 710 1310 10
553 346 57 20 993 1593 10
865 482 141 14 3803 4403 10
674 374 116 9 2109 2709 10
371 323 29 7 4310 4910 10
546 437 19 15 3816 4416 10
445 404 83 30 954 1554 10
781 341 72 9 2979 3579 10
288 483 27 20 1592 2192 10
399 485 104 21 2938 3538 10
456 459 14 20 1001 1601 10
263 485 27 10 1544 2144 10
749 438 127 2 3524 4124 10
446 476 94 20 839 1439 10
941 343 47 20 868 1468 10
282 391 18 10 1271 1871 10
129 325 56 13 2946 3546 10
804 415 95 15 4467 5067 10
561 482 104 19 2990 3590 10
701 461 8 20 1236 1836 10
778 409 155 19 441 1041 10
643 352 63 6 4473 5073 10
933 317 123 20 521 1121 10
69 325 147 14 4507 5107 10
325 304 97 20 487 1087 10
321 406 94 10 671 1271 10
997 335 99 25 4634 5234 10
521 399 106 20 967 1567 10
720 303 78 12 420 1020 10
23 406 87 10 1012 1612 10
776 470 125 20 712 1312 10
809 435 11 40 949 1549 10
852 267 44 20 783 1383 10
41 439 15 20 1133 1733 10
732 340 54 10 711 1311 10
435 257 57 18 4664 5264 10
364 398 20 20 836 1436 10
637 478 121 40 1035 1635 10
646 351 5 12 1744 2344 10
699 269 48 20 882 1482 10
963 477 122 10 1080 1680 10
264 323 118 20 403 1003 10
470 341 59 27 2919 3519 10
903 399 102 20 828 1428 10
165 437 12 20 1078 1678 10
985 493 111 26 1924 2524 10
820 404 140 8 4795 5395 10
787 324 127 30 274 874 10
908 365 28 9 833 1433 10
938 471 94 30 3755 4355 10
708 491 20 20 1334 1934 10
112 429 67 16 2689 3289 10
528 273 55 20 485 1085 10
403 335 46 18 5127 5727 10
242 460 13 20 1047 1647 10
278 435 16 10 1230 1830 10
846 386 13 10 1108 1708 10
675 478 102 10 1057 1657 10
873 459 17 20 1405 2005 10
841 404 103 20 726 1326 10
884 307 102 40 599 1199 10
287 346 60 10 1045 1645 10
377 397 20 20 880 1480 10
654 281 96 1 4263 4863 10
926 351 128 15 4773 5373 10
564 292 32 14 677 1277 10
274 394 23 20 1375 1975 10
365 481 26 30 987 1587 10
661 441 60 21 5595 6195 10
1000 341 58 10 655 1255 10
896 476 102 20 1105 1705 10
901 394 47 5 1012 1612 10
336 441 7 20 1326 1926 10
235 326 118 10 351 951 10
20 409 90 20 793 1393 10
131 418 75 11 1552 2152 10
861 409 88 20 841 1441 10
171 398 97 10 596 1196 10
474 339 60 20 604 1204 10
236 365 74 24 3154 3754 10
829 460 2 20 1172 1772 10
965 489 27 10 1445 2045 10
729 435 20 20 1286 1886 10
682 440 7 20 1015 1615 10
169 274 48 10 605 1205 10
784 480 136 22 727 1327 10
232 390 34 7 4001 4601 10
767 315 121 10 572 1172 10
223 393 20 20 1323 1923 10
552 477 97 10 891 1491 10
762 305 107 20 661 1261 10
337 462 14 20 1348 1948 10
150 472 129 10 770 1370 10
998 485 24 20 1045 1645 10
249 439 156 2 1863 2463 10
110 483 14 10 1213 1813 10
16 451 62 5 889 1489 10
33 390 120 24 3777 4377 10
824 411 95 30 731 1331 10
814 391 99 20 526 1126 10
142 343 62 10 1190 1790 10
670 400 103 10 782 1382 10
594 452 110 14 1121 1721 10
612 313 119 30 623 1223 10
726 397 57 17 5664 6264 10
977 480 131 5 2510 3110 10
42 307 52 23 3442 4042 10
981 270 49 30 928 1528 10
667 295 89 23 2728 3328 10
579 406 99 20 668 1268 10
504 483 22 10 1096 1696 10
620 376 92 10 3722 4322 10
231 458 16 20 952 1552 10
571 481 84 17 1782 2382 10
326 297 102 10 369 969 10
108 488 26 30 1491 2091 10
611 466 149 16 4504 5104 10
51 314 124 20 684 1284 10
180 398 103 30 874 1474 10
950 481 124 10 894 1494 10
952 384 16 20 1162 1762 10
48 323 77 36 5380 5980 10
990 393 12 10 997 1597 10
523 407 98 10 574 1174 10
