rc1_10_10

VEHICLE
NUMBER  CAPACITY
250   200

CUSTOMER
CUST NO. XCOORD. YCOORD. DEMAND READY TIME DUE DATE SERVICE TIME

0  250  250   0   0  1821   0
715 233 87 18 193 343 10
264 323 118 20 150 300 10
564 292 32 14 222 372 10
667 295 89 23 682 832 10
849 275 42 30 209 359 10
540 253 118 19 487 637 10
565 262 92 25 570 720 10
796 271 128 12 286 436 10
51 314 124 20 171 321 10
118 268 52 10 246 396 10
720 303 78 12 179 329 10
528 273 55 20 196 346 10
981 270 49 30 232 382 10
884 307 102 40 158 308 10
169 274 48 10 203 353 10
578 236 126 23 124 274 10
533 300 108 10 150 300 10
810 269 46 20 209 359 10
568 277 50 10 201 351 10
797 275 45 20 206 356 10
612 313 119 30 156 306 10
709 313 126 10 183 333 10
750 239 15 2 544 694 10
636 304 102 30 157 307 10
441 253 50 27 200 350 10
762 305 107 20 165 315 10
326 297 102 10 155 305 10
866 319 124 20 143 293 10
767 315 121 10 144 294 10
325 304 97 20 162 312 10
429 306 42 11 417 567 10
699 269 48 20 221 371 10
235 326 118 10 152 302 10
21 307 108 10 177 327 10
490 324 99 10 278 428 10
870 299 98 30 159 309 10
852 267 44 20 206 356 10
933 317 123 20 143 293 10
