c1_10_4

VEHICLE
NUMBER  CAPACITY
250   200

CUSTOMER
CUST NO. XCOORD. YCOORD. DEMAND READY TIME DUE DATE SERVICE TIME

0  250  250   0   0  1824   0
94 481 122 30 0 1470 90
327 305 107 20 0 1581 90
693 389 17 10 0 1463 90
727 481 20 20 0 1409 90
908 462 167 20 0 1507 90
787 485 86 20 0 1448 90
193 367 178 20 0 1597 90
814 288 53 40 0 1534 90
468 466 165 30 0 1502 90
421 285 44 10 0 1526 90
779 461 167 10 0 1508 90
607 434 26 10 0 1445 90
1000 287 144 20 0 1622 90
587 488 96 10 0 1451 90
272 323 118 20 0 1584 90
724 432 24 20 0 1444 90
762 391 18 10 0 1463 90
348 307 108 10 0 1581 90
756 346 144 10 0 1591 90
398 285 163 10 0 1641 90
900 290 136 20 0 1614 90
827 443 64 30 0 1466 90
831 492 94 10 0 1447 90
73 417 218 10 0 1564 90
204 409 90 20 0 1509 90
26 379 80 20 0 1521 90
366 269 46 20 0 1530 90
212 278 46 20 0 1529 90
697 290 46 20 0 1527 90
608 488 26 30 0 1408 90
167 412 214 10 0 1569 90
504 343 144 10 0 1593 90
323 476 94 20 0 1460 90
546 484 174 10 0 1488 90
692 466 142 10 0 1493 90
309 463 194 20 0 1514 90
632 267 44 20 0 1528 90
173 367 83 30 0 1531 90
891 469 132 10 0 1486 90
449 479 176 20 0 1494 90
835 489 17 10 0 1401 90
884 282 139 20 0 1619 90
144 463 140 10 0 1495 90
909 340 54 10 0 1519 90
921 398 103 30 0 1526 90
961 492 95 30 0 1447 90
333 358 18 10 0 1479 90
853 485 24 20 0 1408 90
722 458 16 20 0 1421 90
965 404 103 20 0 1522 90
179 478 99 10 0 1461 90
276 378 199 10 0 1597 90
483 438 31 10 0 1446 90
402 355 180 30 0 1608 90
324 283 47 10 0 1529 90
230 348 147 10 0 1592 90
542 415 216 10 0 1566 90
177 433 27 20 0 1446 90
111 479 127 20 0 1475 90
145 343 47 20 0 1511 90
108 398 23 10 0 1464 90
146 435 62 30 0 1471 90
622 478 102 10 0 1463 90
733 421 218 10 0 1561 90
726 371 192 30 0 1600 90
396 423 217 20 0 1558 90
677 399 102 20 0 1524 90
931 368 85 30 0 1532 90
262 274 48 10 0 1531 90
42 357 26 20 0 1486 90
319 343 49 10 0 1513 90
300 406 99 20 0 1517 90
25 287 143 10 0 1621 90
645 439 15 20 0 1433 90
340 366 93 20 0 1539 90
774 279 159 20 0 1639 90
195 431 28 20 0 1448 90
63 275 45 20 0 1528 90
917 399 106 20 0 1527 90
163 377 76 20 0 1519 90
716 389 11 20 0 1458 90
384 481 26 30 0 1413 90
520 299 98 30 0 1575 90
54 433 31 10 0 1449 90
901 341 58 10 0 1522 90
139 435 11 40 0 1432 90
665 379 82 10 0 1523 90
58 489 101 20 0 1453 90
470 397 20 20 0 1462 90
746 407 88 10 0 1509 90
259 342 54 20 0 1518 90
987 376 190 30 0 1595 90
414 461 8 20 0 1413 90
205 406 87 10 0 1509 90
292 408 84 10 0 1505 90
232 394 23 20 0 1466 90
514 403 93 10 0 1515 90
203 393 12 10 0 1457 90
41 371 200 10 0 1604 90
769 432 27 10 0 1447 90
15 418 218 20 0 1563 90
843 479 121 10 0 1472 90
548 313 126 10 0 1595 90
941 300 108 10 0 1584 90
868 446 65 20 0 1465 90
928 417 217 30 0 1564 90
540 349 158 20 0 1599 90
353 317 123 20 0 1591 90
299 477 179 20 0 1497 90
989 399 104 10 0 1526 90
877 478 118 20 0 1471 90
137 370 82 40 0 1528 90
651 468 199 20 0 1511 90
740 400 103 10 0 1524 90
952 420 213 10 0 1561 90
11 472 189 30 0 1504 90
207 358 183 20 0 1607 90
631 356 23 20 0 1484 90
759 488 173 20 0 1484 90
290 467 114 10 0 1478 90
806 489 87 20 0 1445 90
874 343 62 10 0 1525 90
133 467 141 10 0 1492 90
184 433 15 20 0 1437 90
780 391 99 20 0 1528 90
660 352 176 20 0 1608 90
867 458 164 20 0 1509 90
405 314 124 20 0 1593 90
832 440 63 20 0 1468 90
618 275 42 30 0 1525 90
288 483 14 10 0 1403 90
373 465 142 10 0 1494 90
889 435 20 20 0 1439 90
326 460 13 20 0 1418 90
388 324 127 30 0 1591 90
386 335 57 30 0 1524 90
165 346 57 20 0 1519 90
696 404 83 30 0 1507 90
370 446 63 20 0 1464 90
171 437 61 10 0 1469 90
499 313 119 30 0 1589 90
194 452 163 30 0 1515 90
838 292 41 10 0 1521 90
856 281 164 20 0 1643 90
803 347 54 10 0 1516 90
379 428 24 10 0 1447 90
913 470 139 10 0 1488 90
306 338 147 10 0 1599 90
447 483 27 20 0 1412 90
754 437 15 30 0 1434 90
602 484 177 20 0 1489 90
859 279 42 40 0 1524 90
30 281 137 10 0 1617 90
450 476 102 20 0 1464 90
659 363 22 20 0 1480 90
242 477 97 10 0 1461 90
229 361 14 10 0 1474 90
88 366 20 10 0 1477 90
136 286 137 10 0 1616 90
792 339 60 20 0 1525 90
192 269 48 20 0 1532 90
110 362 22 20 0 1480 90
154 446 64 10 0 1464 90
565 359 179 20 0 1604 90
802 462 14 20 0 1417 90
270 440 61 30 0 1467 90
963 371 193 20 0 1601 90
93 397 18 10 0 1460 90
875 384 16 20 0 1465 90
3 355 177 20 0 1607 90
686 304 102 30 0 1577 90
466 375 191 30 0 1596 90
507 464 134 20 0 1491 90
100 460 2 20 0 1410 90
361 491 25 10 0 1405 90
531 438 26 10 0 1442 90
369 287 43 10 0 1524 90
706 386 13 10 0 1461 90
633 277 50 10 0 1533 90
243 307 102 40 0 1576 90
261 288 44 20 0 1525 90
646 359 182 20 0 1606 90
446 425 215 10 0 1556 90
839 489 27 10 0 1408 90
601 393 20 20 0 1464 90
164 474 96 30 0 1463 90
334 459 10 10 0 1416 90
343 344 146 10 0 1594 90
932 441 65 10 0 1469 90
955 440 7 20 0 1426 90
582 407 98 10 0 1516 90
35 435 68 10 0 1475 90
700 435 16 10 0 1436 90
691 347 62 10 0 1523 90
5 286 159 20 0 1637 90
37 409 88 20 0 1508 90
432 483 22 10 0 1409 90
296 479 169 20 0 1492 90
801 374 190 20 0 1597 90
31 379 196 20 0 1595 90
753 458 130 20 0 1494 90
135 433 25 20 0 1444 90
619 423 214 20 0 1558 90
357 304 97 20 0 1572 90
279 376 195 10 0 1597 90
983 315 121 10 0 1590 90
410 288 154 10 0 1631 90
595 463 167 10 0 1506 90
858 491 20 20 0 1401 90
525 428 25 20 0 1448 90
