c2_10_1

VEHICLE
NUMBER  CAPACITY
250   700

CUSTOMER
CUST NO. XCOORD. YCOORD. DEMAND READY TIME DUE DATE SERVICE TIME

0  250  250   0   0  3914   0
41 94 275 10 469 629 90
565 114 296 40 259 419 90
50 113 289 10 162 322 90
839 101 290 20 1150 1310 90
961 102 289 20 1242 1402 90
346 111 279 30 141 301 90
705 83 282 10 1532 1692 90
656 90 277 30 662 822 90
214 95 294 10 770 930 90
180 95 279 20 375 535 90
552 98 286 30 1337 1497 90
716 106 295 20 1053 1213 90
806 101 295 30 958 1118 90
3 89 284 20 1436 1596 90
37 90 270 10 565 725 90
944 96 269 10 965 1125 90
116 96 292 10 862 1022 90
243 81 283 10 1624 1784 90
