rc2_10_10

VEHICLE
NUMBER  CAPACITY
250   1000

CUSTOMER
CUST NO. XCOORD. YCOORD. DEMAND READY TIME DUE DATE SERVICE TIME

0  250  250   0   0  7284   0
413 210 29 13 3963 4563 10
730 195 111 15 3752 4352 10
781 341 72 9 2979 3579 10
470 341 59 27 2919 3519 10
723 200 78 31 3731 4331 10
400 330 147 28 3154 3754 10
558 282 1 18 3930 4530 10
42 307 52 23 3442 4042 10
633 238 123 24 2884 3484 10
209 265 0 10 3344 3944 10
667 295 89 23 2728 3328 10
236 365 74 24 3154 3754 10
982 337 41 8 3769 4369 10
652 251 63 14 3710 4310 10
129 325 56 13 2946 3546 10
