c2_10_9

VEHICLE
NUMBER  CAPACITY
250   700

CUSTOMER
CUST NO. XCOORD. YCOORD. DEMAND READY TIME DUE DATE SERVICE TIME

0  250  250   0   0  3914   0
5 435 77 20 1065 1100 90
957 425 99 20 231 935 90
134 450 153 20 222 1104 90
909 351 31 20 584 1202 90
468 449 140 20 264 1356 90
953 429 80 20 659 1132 90
450 425 85 10 240 1237 90
988 426 85 10 263 1152 90
345 420 95 30 230 706 90
598 405 5 20 608 1123 90
1000 342 52 10 218 613 90
818 475 136 20 739 1479 90
34 456 154 10 227 864 90
457 406 37 40 264 1378 90
749 334 47 20 219 1207 90
499 347 40 30 231 1334 90
155 441 157 10 212 1343 90
165 395 1 30 628 1305 90
164 352 38 10 235 1588 90
576 401 15 20 363 1168 90
772 457 142 20 233 1632 90
495 444 157 10 215 576 90
885 438 72 10 765 1592 90
757 425 118 10 219 342 90
863 393 2 30 424 1693 90
727 396 4 10 1055 1251 90
49 452 154 30 299 525 90
201 351 33 20 386 1216 90
516 426 80 20 244 1637 90
530 425 87 20 239 971 90
233 432 80 40 454 1523 90
77 332 55 30 211 1699 90
650 405 47 10 255 1038 90
471 446 139 20 312 1123 90
70 353 32 10 657 1313 90
107 420 20 30 286 1620 90
935 405 24 10 274 904 90
518 408 20 30 279 1422 90
455 341 37 20 231 1483 90
678 356 28 20 354 1807 90
918 347 23 30 1108 1252 90
908 468 135 10 695 1328 90
