c2_10_9

VEHICLE
NUMBER  CAPACITY
250   700

CUSTOMER
CUST NO. XCOORD. YCOORD. DEMAND READY TIME DUE DATE SERVICE TIME

0  250  250   0   0  3914   0
770 383 41 20 2116 3415 90
302 363 62 20 2384 3605 90
849 392 31 20 2515 3425 90
13 448 103 30 2474 3578 90
871 448 94 20 2970 3498 90
706 384 24 10 2011 3351 90
381 391 23 10 2200 3356 90
48 457 160 10 2015 3599 90
179 460 183 10 2829 2905 90
699 447 102 10 2590 3578 90
355 447 88 20 2828 3258 90
621 390 42 20 2126 3210 90
404 389 33 20 2157 3567 90
409 363 55 10 2968 3157 90
319 378 46 30 2322 3584 90
439 460 173 20 1996 3601 90
883 432 87 10 2402 3475 90
190 446 86 10 2690 3569 90
66 453 164 10 2298 3604 90
588 432 105 10 3469 3590 90
81 440 173 10 2388 3619 90
139 420 168 10 2472 3636 90
443 395 30 20 2579 3174 90
796 446 169 10 2920 3609 90
759 366 57 20 2957 3355 90
131 450 72 10 1990 3293 90
954 464 178 10 2562 2980 90
592 430 86 20 2217 3476 90
410 465 176 20 2234 3124 90
661 440 81 20 2277 3212 90
490 367 59 10 1945 3601 90
477 374 55 30 2453 3290 90
370 370 55 10 2911 3021 90
