c1_10_9

VEHICLE
NUMBER  CAPACITY
250   200

CUSTOMER
CUST NO. XCOORD. YCOORD. DEMAND READY TIME DUE DATE SERVICE TIME

0  250  250   0   0  1824   0
480 459 374 20 703 1063 90
598 405 276 20 629 989 90
848 416 288 20 1110 1470 90
330 439 268 10 853 1213 90
220 421 294 10 738 1098 90
101 441 244 10 752 1112 90
881 460 293 30 969 1329 90
768 445 273 20 573 933 90
647 413 287 10 1203 1563 90
554 468 295 10 781 1141 90
757 440 244 10 661 1021 90
657 443 272 10 665 1025 90
55 420 295 20 830 1190 90
770 439 305 30 587 947 90
717 401 281 20 816 1176 90
637 418 290 10 1017 1377 90
85 470 290 10 685 1045 90
273 402 281 20 725 1085 90
239 423 294 10 646 1006 90
735 388 325 10 818 1178 90
833 453 367 20 893 1253 90
650 459 295 20 1061 1421 90
883 418 295 20 922 1282 90
687 391 293 20 621 981 90
863 441 273 20 757 1117 90
453 440 241 10 936 1296 90
29 440 247 20 568 928 90
325 398 325 30 628 988 90
304 460 374 20 612 972 90
248 435 268 10 947 1307 90
233 466 295 20 873 1233 90
826 435 267 20 1038 1398 90
283 436 241 20 1122 1482 90
860 439 243 20 1029 1389 90
56 451 367 20 985 1345 90
617 390 294 20 712 1072 90
221 434 245 10 1190 1550 90
423 468 291 30 593 953 90
673 390 325 30 726 1086 90
684 457 374 10 795 1155 90
392 442 243 10 844 1204 90
