rc1_10_7

VEHICLE
NUMBER   CAPACITY
250     200

CUSTOMER
CUST NO. XCOORD.  YCOORD.  DEMAND  READY TIME DUE DATE  SERVICE TIME

0   250    250     0     0    1821     0
141 294 421 26 1557 1624 10
968 311 422 29 948 1057 10
741 313 391 5 154 222 10
8 328 458 17 754 811 10
4 352 487 27 888 945 10
353 351 481 10 296 377 10
710 283 438 3 212 281 10
88 334 403 26 174 298 10
49 340 416 36 296 376 10
409 347 459 25 433 556 10
13 239 486 3 1433 1562 10
256 329 456 19 237 292 10
439 332 459 35 362 406 10
475 277 428 7 447 564 10
893 336 493 20 1470 1546 10
463 318 497 21 814 924 10
617 307 412 8 374 464 10
485 313 493 20 1168 1249 10
656 255 487 19 358 467 10
807 368 452 16 627 743 10
106 230 487 20 1072 1218 10
324 274 441 12 683 736 10
208 260 472 33 980 1121 10
378 328 491 21 663 723 10
