rc1_10_7

VEHICLE
NUMBER   CAPACITY
250     200

CUSTOMER
CUST NO. XCOORD.  YCOORD.  DEMAND  READY TIME DUE DATE  SERVICE TIME

0   250    250     0     0    1821     0
753 199 187 20 81 209 10
388 177 156 25 147 217 10
293 225 196 10 59 145 10
864 213 185 21 74 200 10
760 228 199 10 113 186 10
500 204 185 20 142 215 10
5 230 197 40 100 173 10
686 241 205 30 81 184 10
153 212 186 11 1615 1737 10
317 241 180 13 1666 1741 10
270 178 135 21 1491 1567 10
344 238 210 30 95 202 10
34 188 119 44 945 1035 10
115 264 180 33 1645 1740 10
124 210 185 20 76 189 10
272 236 213 20 39 127 10
53 226 175 23 1618 1733 10
695 234 202 10 50 202 10
730 195 111 15 955 1071 10
859 237 213 10 114 210 10
166 186 135 24 710 755 10
959 206 186 10 149 257 10
314 208 184 20 78 167 10
584 173 182 25 102 220 10
872 199 203 20 1458 1487 10
476 176 199 28 89 186 10
754 201 188 10 98 209 10
961 204 187 30 136 244 10
660 233 207 10 46 99 10
453 238 204 20 81 159 10
420 209 212 18 1511 1575 10
346 200 178 20 87 207 10
607 231 204 20 127 203 10
944 195 185 20 113 141 10
706 224 192 10 63 173 10
386 233 204 20 49 126 10
501 226 191 20 74 142 10
261 238 203 10 71 147 10
763 231 195 20 91 157 10
248 224 191 20 72 120 10
808 202 186 20 150 182 10
158 188 151 7 1281 1342 10
714 217 207 26 1349 1446 10
396 203 211 20 1259 1384 10
206 224 203 20 53 178 10
234 219 215 32 46 177 10
605 231 203 20 50 177 10
