rc1_10_7

VEHICLE
NUMBER   CAPACITY
250     200

CUSTOMER
CUST NO. XCOORD.  YCOORD.  DEMAND  READY TIME DUE DATE  SERVICE TIME

0   250    250     0     0    1821     0
444 480 152 26 971 1102 10
756 484 171 10 274 343 10
716 479 127 20 259 326 10
345 479 121 10 265 380 10
665 478 118 20 314 425 10
35 467 114 10 338 443 10
875 477 179 20 237 381 10
361 481 122 30 270 351 10
117 474 96 30 271 365 10
978 437 98 16 1076 1182 10
331 480 119 7 604 683 10
813 478 99 10 306 347 10
648 498 171 12 1237 1305 10
219 477 120 10 322 393 10
780 488 96 22 1030 1133 10
576 481 96 20 284 339 10
865 482 141 14 991 1061 10
170 488 173 20 265 322 10
399 485 104 21 760 858 10
749 438 127 2 919 993 10
446 476 94 20 274 395 10
561 482 104 19 774 871 10
776 470 125 20 253 372 10
351 476 174 30 300 379 10
591 484 177 20 245 394 10
637 478 121 40 267 400 10
963 477 122 10 281 410 10
247 455 168 21 827 936 10
985 493 111 26 500 613 10
390 452 172 9 572 675 10
938 471 94 30 969 1059 10
675 478 102 10 293 385 10
896 476 102 20 314 388 10
599 479 169 20 266 382 10
784 480 136 22 256 341 10
552 477 97 10 273 342 10
150 472 129 10 254 281 10
249 439 156 2 481 600 10
890 461 182 13 608 680 10
245 484 174 10 246 314 10
594 452 110 14 311 400 10
888 479 176 20 240 320 10
977 480 131 5 656 749 10
226 482 184 14 1082 1161 10
571 481 84 17 473 569 10
611 466 149 16 1166 1236 10
950 481 124 10 263 352 10
