c1_10_9

VEHICLE
NUMBER  CAPACITY
250   200

CUSTOMER
CUST NO. XCOORD. YCOORD. DEMAND READY TIME DUE DATE SERVICE TIME

0  250  250   0   0  1824   0
805 72 96 20 1069 1429 90
903 107 35 30 834 1194 90
429 132 30 20 721 1081 90
594 199 9 20 702 1062 90
236 25 65 10 851 1211 90
434 174 26 10 891 1251 90
374 123 155 10 996 1356 90
274 71 153 20 601 961 90
310 30 72 10 1092 1452 90
503 202 4 10 797 1157 90
454 182 14 10 909 1269 90
399 203 7 20 891 1251 90
389 109 114 10 670 1030 90
569 91 101 10 693 1053 90
630 21 64 20 667 1027 90
878 73 101 20 1143 1503 90
500 13 51 10 1065 1425 90
113 22 37 10 683 1043 90
98 202 8 10 982 1342 90
560 116 151 20 625 985 90
975 173 25 20 799 1159 90
82 202 9 10 1073 1433 90
418 117 152 20 717 1077 90
641 48 78 20 836 1196 90
196 8 116 20 745 1105 90
674 7 118 20 837 1197 90
448 22 40 30 866 1226 90
895 66 98 20 790 1150 90
338 64 99 10 698 1058 90
513 121 151 20 902 1262 90
367 22 41 10 957 1317 90
416 68 99 10 883 1243 90
465 6 114 10 652 1012 90
156 208 11 20 1132 1492 90
247 22 33 10 589 949 90
347 19 43 20 1051 1411 90
869 71 156 10 694 1054 90
765 173 28 10 983 1343 90
484 168 24 10 613 973 90
894 49 75 20 653 1013 90
662 8 120 10 1020 1380 90
603 108 116 30 762 1122 90
159 118 153 30 808 1168 90
749 133 26 10 627 987 90
642 24 68 20 1084 1444 90
799 198 9 20 611 971 90
830 102 27 20 644 1004 90
445 179 7 20 717 1077 90
201 180 6 10 626 986 90
80 24 65 10 760 1120 90
907 136 52 10 608 968 90
871 8 118 20 928 1288 90
234 71 103 20 1143 1503 90
653 170 26 10 706 1066 90
264 23 67 30 944 1304 90
172 87 96 30 597 957 90
750 21 68 20 1036 1396 90
517 176 8 10 811 1171 90
872 102 29 30 736 1096 90
589 235 50 30 675 1035 90
452 22 38 20 774 1134 90
672 49 76 20 744 1104 90
114 65 100 10 607 967 90
284 70 100 10 975 1335 90
83 20 48 10 1068 1428 90
