r1_10_6

VEHICLE
NUMBER  CAPACITY
250   200

CUSTOMER
CUST NO. XCOORD. YCOORD. DEMAND READY TIME DUE DATE SERVICE TIME

0  250  250   0   0  1925   0
268 481 84 17 506 536 10
115 476 61 36 449 479 10
37 412 100 1 513 543 10
417 442 5 16 320 350 10
64 451 62 5 282 312 10
326 493 111 26 541 571 10
793 418 75 11 448 478 10
684 441 7 20 392 422 10
720 437 90 12 585 615 10
49 438 5 18 549 579 10
154 488 3 3 401 431 10
620 382 9 30 274 304 10
652 394 47 5 313 343 10
605 460 117 14 520 550 10
598 480 131 5 688 718 10
797 443 167 17 543 573 10
974 480 119 7 628 658 10
892 426 38 23 609 639 10
587 392 1 11 605 635 10
454 423 170 27 513 543 10
187 450 45 24 504 534 10
94 452 172 9 608 638 10
