r1_10_6

VEHICLE
NUMBER  CAPACITY
250   200

CUSTOMER
CUST NO. XCOORD. YCOORD. DEMAND READY TIME DUE DATE SERVICE TIME

0  250  250   0   0  1925   0
36 492 34 5 811 841 10
351 413 127 28 831 861 10
952 437 19 15 1014 1044 10
314 390 34 7 1060 1090 10
221 383 17 15 940 970 10
955 390 120 24 1004 1034 10
711 438 127 2 941 971 10
668 404 59 13 913 943 10
735 482 141 14 1011 1041 10
660 385 17 40 809 839 10
149 398 49 21 792 822 10
359 471 94 30 999 1029 10
778 393 98 13 753 783 10
839 429 169 8 903 933 10
406 397 153 29 882 912 10
181 392 95 16 766 796 10
868 455 168 21 867 897 10
232 429 67 16 732 762 10
535 482 104 19 807 837 10
871 391 112 24 1000 1030 10
378 497 54 14 978 1008 10
17 485 104 21 794 824 10
975 488 96 22 1066 1096 10
467 432 66 30 1071 1101 10
