c1_10_7

VEHICLE
NUMBER  CAPACITY
250   200

CUSTOMER
CUST NO. XCOORD. YCOORD. DEMAND READY TIME DUE DATE SERVICE TIME

0  250  250   0   0  1824   0
400 54 445 10 473 653 90
91 55 428 20 449 629 90
752 53 440 10 568 748 90
219 65 453 30 367 547 90
378 55 431 20 633 813 90
364 66 448 10 270 450 90
711 12 451 20 311 491 90
240 59 459 20 556 736 90
882 51 447 10 379 559 90
490 21 488 10 606 786 90
866 12 463 20 686 866 90
664 18 484 10 330 510 90
729 14 459 20 501 681 90
970 15 457 20 408 588 90
489 21 487 10 515 695 90
16 20 488 10 697 877 90
269 50 438 20 662 842 90
350 49 451 20 285 465 90
571 57 425 20 260 440 90
681 54 424 10 264 444 90
216 58 458 10 648 828 90
403 13 455 10 316 496 90
413 13 459 20 592 772 90
170 62 453 10 460 640 90
492 67 452 30 274 454 90
570 55 449 20 278 458 90
948 56 428 20 358 538 90
79 22 483 30 325 505 90
49 21 485 30 423 603 90
96 54 430 20 541 721 90
