r2_10_3

VEHICLE
NUMBER  CAPACITY
250   1000

CUSTOMER
CUST NO. XCOORD. YCOORD. DEMAND READY TIME DUE DATE SERVICE TIME

0  250  250   0   0  7697   0
761 399 175 13 3020 3076 10
779 347 192 18 5930 6096 10
685 355 174 33 2847 2996 10
969 405 187 34 4994 5131 10
367 389 156 27 2851 2993 10
942 347 184 15 4316 4433 10
926 350 199 21 4787 4945 10
363 397 153 29 3507 3673 10
773 415 207 18 3588 3731 10
233 343 166 28 3512 3616 10
793 344 203 14 708 751 10
404 385 239 21 3130 3274 10
268 404 207 6 3634 3771 10
254 363 225 35 3426 3541 10
31 361 178 5 3903 3996 10
167 343 205 26 3081 3178 10
862 404 140 8 5063 5126 10
512 364 173 30 700 862 10
568 365 190 22 5897 6043 10
94 375 145 12 3719 3836 10
