c1_10_4

VEHICLE
NUMBER   CAPACITY
250     200

CUSTOMER
CUST NO. XCOORD.  YCOORD.  DEMAND  READY TIME DUE DATE  SERVICE TIME

0   250    250     0     0    1824     0
15 418 218 20 0 1563 90
141 428 291 10 698 764 90
193 367 178 20 0 1597 90
638 321 277 10 0 1659 90
647 413 287 10 0 1567 90
339 394 333 20 0 1568 90
293 413 217 20 230 289 90
836 335 255 20 0 1649 90
31 379 196 20 0 1595 90
755 400 286 10 0 1580 90
276 378 199 10 0 1597 90
542 415 216 10 0 1566 90
10 410 285 20 499 556 90
741 418 221 10 1150 1223 90
676 312 270 30 0 1669 90
735 388 325 10 0 1577 90
673 390 325 30 883 929 90
613 320 283 30 421 471 90
167 412 214 10 0 1569 90
573 320 280 10 221 298 90
307 395 295 20 0 1583 90
283 436 241 20 0 1548 90
157 442 247 10 0 1542 90
751 313 282 20 0 1664 90
457 395 332 10 593 648 90
687 391 293 20 0 1587 90
924 311 266 10 0 1671 90
220 421 294 10 0 1558 90
556 408 279 20 0 1574 90
588 316 286 30 601 662 90
863 441 273 20 903 972 90
117 444 271 10 0 1539 90
1 387 297 10 200 270 90
250 439 266 10 0 1545 90
734 402 264 20 0 1582 90
657 443 272 10 0 1540 90
770 439 305 30 0 1538 90
72 321 280 30 0 1657 90
312 317 261 20 398 473 90
289 466 287 10 0 1515 90
101 441 244 10 0 1543 90
540 349 158 20 0 1599 90
534 446 319 30 0 1527 90
166 393 301 30 0 1583 90
951 341 257 20 0 1643 90
29 440 247 20 0 1544 90
162 406 257 10 0 1578 90
107 404 264 20 0 1580 90
314 442 310 20 0 1533 90
976 421 292 20 0 1558 90
402 355 180 30 0 1608 90
576 312 267 10 0 1670 90
619 423 214 20 0 1558 90
458 423 290 10 0 1557 90
152 444 242 10 441 501 90
768 445 273 20 725 781 90
623 400 260 40 150 212 90
640 389 334 20 0 1572 90
239 423 294 10 0 1556 90
21 337 257 20 0 1647 90
254 445 237 10 349 402 90
221 434 245 10 1377 1416 90
826 435 267 20 0 1549 90
87 337 251 10 0 1647 90
392 442 243 10 0 1542 90
3 355 177 20 0 1607 90
456 357 181 20 367 441 90
947 316 284 20 510 570 90
263 360 184 10 846 906 90
940 439 312 30 257 324 90
446 425 215 10 0 1556 90
717 401 281 20 0 1580 90
854 388 331 20 0 1574 90
487 460 288 10 0 1521 90
748 395 331 20 0 1568 90
469 415 223 20 0 1567 90
69 337 256 20 154 201 90
325 398 325 30 774 843 90
796 343 254 20 0 1641 90
987 376 190 30 0 1595 90
997 332 249 30 82 144 90
521 334 240 30 0 1650 90
515 399 301 30 0 1577 90
704 402 284 30 313 367 90
660 352 176 20 0 1608 90
629 441 265 40 0 1543 90
453 440 241 10 0 1544 90
776 403 262 30 493 547 90
41 371 200 10 0 1604 90
435 436 264 20 0 1548 90
591 425 288 10 0 1555 90
702 319 260 20 0 1665 90
637 418 290 10 1172 1221 90
646 359 182 20 0 1606 90
963 371 193 20 0 1601 90
420 338 260 20 0 1646 90
650 459 295 20 0 1521 90
99 406 285 20 0 1575 90
73 417 218 10 0 1564 90
737 321 263 20 0 1662 90
495 344 262 20 0 1640 90
85 470 290 10 0 1511 90
554 468 295 10 0 1512 90
783 388 334 20 0 1573 90
330 439 268 10 0 1545 90
590 316 258 20 0 1668 90
848 416 288 20 0 1564 90
508 443 237 20 0 1541 90
572 465 287 10 0 1516 90
439 315 287 30 0 1660 90
112 443 246 20 0 1541 90
598 405 276 20 0 1577 90
738 444 313 20 0 1531 90
617 390 294 20 0 1588 90
70 389 300 10 0 1587 90
798 423 286 20 0 1558 90
873 315 265 10 0 1668 90
120 335 243 20 0 1649 90
55 420 295 20 0 1559 90
365 337 241 20 0 1647 90
233 466 295 20 0 1514 90
996 330 242 30 0 1654 90
336 436 237 20 186 264 90
599 400 288 30 0 1580 90
583 335 256 10 890 962 90
861 391 334 20 402 470 90
733 421 218 10 0 1561 90
829 450 265 10 0 1534 90
248 435 268 10 1100 1154 90
860 439 243 20 0 1545 90
566 338 257 20 0 1646 90
199 320 262 10 585 656 90
899 467 285 20 0 1515 90
255 461 284 10 0 1521 90
337 318 280 20 0 1660 90
655 415 289 20 169 228 90
694 342 254 10 0 1642 90
757 440 244 10 809 874 90
228 402 265 20 306 365 90
207 358 183 20 0 1607 90
883 418 295 20 0 1561 90
224 315 260 10 223 278 90
807 443 313 30 0 1531 90
670 361 181 20 662 723 90
273 402 281 20 0 1579 90
279 376 195 10 0 1597 90
496 390 301 10 0 1585 90
726 371 192 30 0 1600 90
396 423 217 20 0 1558 90
585 339 244 30 0 1645 90
231 385 295 20 0 1592 90
801 374 190 20 0 1597 90
466 375 191 30 0 1596 90
928 417 217 30 0 1564 90
649 407 280 10 595 653 90
611 439 310 10 0 1536 90
51 424 286 10 0 1557 90
155 312 264 20 0 1671 90
950 466 291 10 0 1515 90
423 468 291 30 0 1513 90
952 420 213 10 0 1561 90
565 359 179 20 0 1604 90
992 401 255 30 0 1583 90
881 460 293 30 1121 1176 90
523 444 269 20 0 1540 90
