rc2_10_8

VEHICLE
NUMBER   CAPACITY
250     1000

CUSTOMER
CUST NO. XCOORD.  YCOORD.  DEMAND  READY TIME DUE DATE  SERVICE TIME

0   250    250     0     0    7284     0
587 69 336 20 804 1061 10
668 112 433 29 910 1090 10
465 111 467 20 1123 1292 10
12 60 454 10 1068 1830 10
229 110 459 30 1161 1741 10
993 3 292 20 857 1307 10
461 17 458 10 1441 2143 10
348 48 437 4 3164 3385 10
197 111 459 20 1257 1733 10
376 15 457 20 1186 1522 10
128 103 464 22 5025 5278 10
276 90 477 18 951 1270 10
835 102 422 23 773 1156 10
689 59 457 30 1215 1579 10
593 22 483 30 1126 1481 10
696 52 303 25 1396 2254 10
268 49 451 20 872 1487 10
328 111 463 20 1097 1595 10
369 40 304 16 4308 4970 10
75 30 302 10 937 1315 10
589 13 459 20 1232 1661 10
335 50 438 20 1085 1728 10
163 64 294 12 4221 4708 10
307 25 307 10 790 1326 10
283 111 392 18 4425 5047 10
937 35 304 30 843 1016 10
157 62 453 10 1077 1400 10
703 59 459 20 1144 1467 10
728 0 297 10 996 1467 10
924 17 459 10 1533 1964 10
433 33 278 18 5803 6215 10
822 67 335 20 727 1328 10
160 38 301 20 915 1569 10
664 51 447 10 892 1583 10
858 12 463 20 1307 1700 10
966 12 451 20 1148 1345 10
830 67 334 20 673 1293 10
489 21 487 10 1105 1818 10
752 109 463 30 1313 1475 10
130 44 344 12 4170 4586 10
575 1 293 10 874 1388 10
535 8 300 10 1236 1730 10
770 84 377 10 3519 4011 10
907 19 273 25 3714 4539 10
139 29 336 22 1182 1590 10
140 84 453 19 4699 5205 10
60 71 333 10 597 1074 10
119 44 440 24 2901 3529 10
847 115 465 10 849 1370 10
739 53 466 9 1187 1614 10
32 18 462 20 1423 1879 10
842 5 281 16 5408 5684 10
634 11 403 18 1260 1603 10
111 0 422 8 3123 3565 10
586 53 440 10 986 1718 10
619 64 437 11 3661 3804 10
152 62 326 20 988 1422 10
880 13 394 15 1334 1767 10
623 51 286 14 5760 6032 10
397 16 497 20 1607 1918 10
19 7 300 30 1173 1705 10
340 58 391 16 3486 3692 10
615 35 306 20 777 1179 10
221 33 286 11 5966 6522 10
628 117 467 10 912 1124 10
61 105 474 27 1678 2208 10
309 58 458 10 999 1704 10
550 16 462 10 1363 1843 10
608 122 422 3 5667 6108 10
902 16 287 12 988 1299 10
359 59 388 20 2558 2865 10
46 69 414 6 4977 5249 10
925 66 448 10 790 1373 10
747 26 490 10 1694 2225 10
243 0 293 30 955 1395 10
62 20 489 10 1452 1735 10
469 35 303 20 580 1191 10
366 63 444 20 1299 1860 10
980 49 437 7 1356 2184 10
987 67 452 30 822 1454 10
25 116 466 20 905 1222 10
147 93 413 17 896 914 10
704 24 492 10 1679 2137 10
624 20 488 10 1343 1755 10
606 21 488 10 1237 1773 10
811 7 292 10 709 1263 10
513 44 311 27 1496 1884 10
782 58 449 30 1501 1520 10
421 6 292 10 869 1191 10
382 6 296 10 1057 1621 10
97 5 297 10 1112 1658 10
554 14 459 20 1156 1649 10
783 16 460 20 1523 1883 10
9 25 499 10 1604 2076 10
601 66 336 10 897 1249 10
100 2 295 30 919 1647 10
334 73 328 20 603 944 10
609 65 453 30 677 1696 10
917 112 467 10 824 1503 10
120 7 382 27 2798 3485 10
295 0 356 13 4375 4434 10
381 63 336 20 854 1397 10
358 16 463 20 1228 1890 10
551 107 374 8 3488 3946 10
642 95 382 19 637 1333 10
583 104 349 20 3858 4335 10
905 18 484 10 1194 1527 10
625 13 455 10 1230 1375 10
645 30 301 10 945 1395 10
185 27 464 21 5018 5430 10
946 76 462 18 3626 4141 10
975 5 445 30 1120 1488 10
833 77 465 11 879 1328 10
899 13 465 31 2981 3327 10
255 115 395 11 3054 3587 10
705 55 449 20 795 1433 10
318 21 485 30 1166 1661 10
102 54 445 10 1077 1507 10
511 37 281 17 1745 2320 10
279 8 497 40 1626 1756 10
496 13 314 14 967 1103 10
869 69 334 30 543 1225 10
569 32 319 21 1251 2073 10
972 28 467 34 5184 5676 10
585 111 464 10 1147 1458 10
791 96 346 26 507 1094 10
812 44 496 32 1458 1876 10
766 12 358 7 4789 5126 10
417 67 451 5 4771 5074 10
740 112 465 10 891 1622 10
