c1_10_1

VEHICLE
NUMBER  CAPACITY
250   200

CUSTOMER
CUST NO. XCOORD. YCOORD. DEMAND READY TIME DUE DATE SERVICE TIME

0  250  250   0   0  1824   0
666 84 346 20 1095 1157 90
680 88 287 30 878 959 90
189 88 286 10 795 859 90
105 75 347 10 810 872 90
744 30 301 10 660 726 90
518 62 326 20 914 969 90
53 7 300 30 1056 1104 90
62 8 300 10 1131 1211 90
688 66 336 10 719 778 90
18 73 346 10 726 772 90
265 6 296 10 863 926 90
97 74 350 10 915 955 90
2 5 297 10 955 1017 90
27 87 285 30 709 764 90
315 63 336 20 822 861 90
126 2 295 30 774 828 90
911 38 301 20 768 814 90
720 0 297 10 679 737 90
153 90 285 40 981 1042 90
919 77 350 10 997 1058 90
