r2_10_8

VEHICLE
NUMBER   CAPACITY
250     1000

CUSTOMER
CUST NO. XCOORD.  YCOORD.  DEMAND  READY TIME DUE DATE  SERVICE TIME

0   250    250     0     0    7697     0
816 144 220 35 0 7577 10
490 191 215 17 154 394 10
59 159 226 16 256 496 10
80 177 156 25 0 7568 10
471 131 246 17 0 7568 10
805 213 185 21 0 7613 10
283 149 214 7 0 7580 10
306 133 202 33 0 7561 10
535 188 151 7 0 7571 10
934 158 179 37 0 7571 10
400 181 185 19 0 7593 10
986 180 162 9 634 874 10
951 219 215 32 0 7641 10
107 153 192 13 0 7574 10
275 178 150 33 0 7564 10
89 166 247 1 216 456 10
818 210 219 7 0 7637 10
553 199 203 20 0 7618 10
994 203 211 20 0 7626 10
947 206 172 29 3092 3332 10
37 130 247 17 0 7567 10
76 153 244 5 0 7590 10
581 134 194 19 0 7559 10
782 176 199 28 0 7598 10
368 134 211 35 422 662 10
421 175 239 23 0 7612 10
77 176 200 17 2210 2450 10
775 197 202 29 0 7616 10
795 171 188 30 2422 2662 10
944 209 212 18 6051 6291 10
381 219 210 14 0 7637 10
336 217 207 26 0 7633 10
204 173 182 25 291 531 10
899 130 186 16 465 705 10
414 146 188 6 0 7566 10
415 212 186 11 0 7613 10
943 206 174 14 3139 3379 10
279 153 235 10 0 7589 10
385 148 208 22 0 7577 10
