r2_10_8

VEHICLE
NUMBER   CAPACITY
250     1000

CUSTOMER
CUST NO. XCOORD.  YCOORD.  DEMAND  READY TIME DUE DATE  SERVICE TIME

0   250    250     0     0    7697     0
753 332 5 14 4071 4311 10
429 372 115 13 0 7506 10
2 325 56 13 0 7480 10
800 392 1 11 0 7401 10
856 404 59 13 0 7442 10
502 306 42 11 0 7472 10
673 394 47 5 0 7439 10
792 372 97 13 0 7492 10
457 385 58 24 1559 1799 10
844 352 63 6 4653 4893 10
695 323 77 36 5560 5800 10
923 383 17 15 0 7419 10
447 323 34 13 0 7459 10
574 341 72 9 3159 3399 10
40 365 74 24 3334 3574 10
67 303 78 12 0 7508 10
531 343 34 7 0 7452 10
540 323 29 7 4490 4730 10
534 367 97 17 0 7495 10
412 363 34 19 0 7444 10
847 382 9 30 1027 1267 10
631 351 5 12 0 7422 10
769 371 71 21 0 7471 10
81 398 49 21 0 7438 10
91 392 95 16 0 7477 10
14 376 92 10 0 7485 10
98 407 35 11 0 7421 10
370 335 99 25 0 7514 10
409 376 113 8 0 7501 10
515 344 70 24 4523 4763 10
430 396 83 15 6286 6526 10
256 351 60 15 0 7472 10
622 390 120 24 0 7496 10
650 309 29 11 0 7459 10
188 385 17 40 3175 3415 10
590 364 71 5 0 7475 10
903 307 52 23 3622 3862 10
820 365 28 9 0 7437 10
651 397 57 17 0 7445 10
528 339 113 14 0 7524 10
598 324 99 10 0 7519 10
478 388 44 22 0 7440 10
55 317 45 8 0 7472 10
900 382 110 24 0 7495 10
298 372 39 10 0 7444 10
724 390 34 7 0 7430 10
64 393 98 13 2950 3190 10
965 318 99 35 0 7522 10
185 365 119 30 0 7513 10
297 337 41 8 0 7461 10
215 389 43 21 0 7438 10
612 341 59 27 0 7476 10
838 400 71 17 0 7454 10
878 392 87 23 0 7471 10
68 374 116 9 0 7505 10
571 349 43 26 0 7458 10
324 335 46 18 0 7466 10
952 349 76 15 0 7487 10
990 391 112 24 0 7490 10
378 339 41 6 0 7460 10
