r2_10_8

VEHICLE
NUMBER   CAPACITY
250     1000

CUSTOMER
CUST NO. XCOORD.  YCOORD.  DEMAND  READY TIME DUE DATE  SERVICE TIME

0   250    250     0     0    7697     0
345 14 232 18 0 7451 10
398 26 221 28 0 7462 10
602 1 252 5 0 7438 10
174 18 225 8 0 7454 10
931 2 264 40 0 7439 10
709 61 214 4 0 7495 10
640 43 210 20 0 7477 10
866 9 233 31 1165 1405 10
748 10 237 19 0 7447 10
754 47 208 30 0 7480 10
804 23 235 43 0 7460 10
304 6 196 20 0 7438 10
955 7 194 29 0 7438 10
654 41 232 16 0 7478 10
302 13 214 21 5354 5594 10
232 0 188 26 0 7430 10
222 53 204 8 0 7485 10
466 32 191 5 2285 2525 10
108 34 239 16 816 1056 10
277 5 224 19 0 7441 10
