r2_10_2

VEHICLE
NUMBER  CAPACITY
250   1000

CUSTOMER
CUST NO. XCOORD. YCOORD. DEMAND READY TIME DUE DATE SERVICE TIME

0  250  250   0   0  7697   0
853 482 104 19 0 7413 10
769 371 71 21 0 7471 10
68 374 116 9 0 7505 10
416 432 66 30 0 7429 10
620 472 57 17 0 7393 10
185 365 119 30 0 7513 10
447 323 34 13 0 7459 10
820 365 28 9 0 7437 10
119 420 80 24 0 7447 10
878 392 87 23 0 7471 10
429 372 115 13 0 7506 10
792 372 97 13 0 7492 10
378 339 41 6 0 7460 10
256 351 60 15 0 7472 10
217 426 38 23 0 7412 10
534 367 97 17 0 7495 10
412 363 34 19 0 7444 10
894 441 100 31 0 7445 10
500 451 62 5 0 7412 10
344 441 60 21 0 7418 10
409 376 113 8 0 7501 10
25 415 118 19 0 7476 10
856 404 59 13 0 7442 10
