rc2_10_7

VEHICLE
NUMBER   CAPACITY
250     1000

CUSTOMER
CUST NO. XCOORD.  YCOORD.  DEMAND  READY TIME DUE DATE  SERVICE TIME

0   250    250     0     0    7284     0
2 214 394 10 776 1189 10
957 257 391 22 6313 6871 10
549 245 408 10 717 1033 10
10 226 423 15 639 1056 10
507 189 402 10 1923 2486 10
327 250 405 20 574 839 10
225 246 398 40 395 790 10
906 250 411 30 598 1025 10
281 213 399 18 785 1207 10
246 175 352 12 6469 6971 10
258 149 341 6 1433 1919 10
734 210 379 12 2398 3393 10
657 207 400 20 716 929 10
107 249 407 10 444 1066 10
487 241 403 10 710 1172 10
581 225 369 38 340 632 10
370 262 369 15 388 767 10
347 216 341 19 2330 3022 10
862 244 368 25 1521 1911 10
448 215 395 20 980 1076 10
78 243 408 15 5724 5866 10
855 210 391 30 458 794 10
850 286 356 30 310 585 10
311 211 386 20 396 736 10
238 210 398 10 700 1053 10
440 220 392 20 889 1293 10
257 218 403 15 5149 5525 10
679 208 396 20 605 927 10
240 248 404 30 503 812 10
17 203 390 40 362 1027 10
876 213 397 10 804 1055 10
853 243 399 10 821 1176 10
154 241 402 11 3875 4443 10
626 170 347 15 1755 1852 10
