c1_10_2

VEHICLE
NUMBER  CAPACITY
250   200

CUSTOMER
CUST NO. XCOORD. YCOORD. DEMAND READY TIME DUE DATE SERVICE TIME

0  250  250   0   0  1824   0
89 72 344 20 0 1533 90
911 38 301 20 0 1516 90
401 109 463 30 0 1479 90
317 100 387 10 0 1531 90
579 110 459 30 0 1483 90
240 59 459 20 0 1451 90
570 55 449 20 0 1456 90
269 50 438 20 0 1460 90
102 1 293 10 0 1482 90
690 18 462 20 0 1420 90
866 12 463 20 0 1415 90
490 21 488 10 0 1404 90
356 71 333 10 0 1537 90
922 35 303 20 0 1513 90
912 25 307 10 0 1502 90
518 62 326 20 0 1532 90
472 69 334 30 0 1535 90
711 12 451 20 0 1423 90
944 111 463 20 0 1480 90
9 76 345 30 0 1536 90
538 111 459 20 0 1483 90
865 56 434 20 0 1467 90
431 100 394 10 0 1527 90
