c1_10_2

VEHICLE
NUMBER  CAPACITY
250   200

CUSTOMER
CUST NO. XCOORD. YCOORD. DEMAND READY TIME DUE DATE SERVICE TIME

0  250  250   0   0  1824   0
937 7 292 10 246 306 90
44 77 344 10 254 319 90
681 54 424 10 320 387 90
364 66 448 10 270 345 90
331 112 467 10 505 557 90
664 18 484 10 397 444 90
823 101 385 20 262 320 90
571 57 425 20 260 317 90
948 56 428 20 415 482 90
350 49 451 20 340 409 90
181 6 292 10 316 360 90
736 35 304 30 280 345 90
79 22 483 30 325 389 90
103 115 465 10 409 465 90
652 101 384 30 200 262 90
407 3 292 20 404 457 90
4 78 346 30 355 403 90
49 21 485 30 487 540 90
219 65 453 30 423 490 90
393 69 336 20 440 507 90
553 116 466 20 318 373 90
789 117 467 10 254 307 90
492 67 452 30 327 402 90
170 62 453 10 515 584 90
17 77 347 20 436 505 90
91 55 428 20 511 568 90
882 51 447 10 438 501 90
34 35 306 20 369 440 90
285 73 328 20 193 270 90
403 13 455 10 381 430 90
258 101 386 20 349 415 90
380 80 342 10 193 275 90
970 15 457 20 462 534 90
