c2_10_8

VEHICLE
NUMBER  CAPACITY
250   700

CUSTOMER
CUST NO. XCOORD. YCOORD. DEMAND READY TIME DUE DATE SERVICE TIME

0  250  250   0   0  3914   0
128 317 235 20 2330 2970 90
368 328 216 10 1672 2312 90
75 396 234 20 2150 2790 90
634 320 231 20 2144 2784 90
173 402 230 10 1962 2602 90
402 385 235 10 2341 2981 90
56 321 224 30 1866 2506 90
527 274 231 30 1886 2526 90
69 386 218 20 1661 2301 90
616 398 231 20 2056 2696 90
646 389 233 20 2247 2887 90
581 392 213 20 1852 2492 90
980 386 213 20 1756 2396 90
336 268 235 10 1602 2242 90
68 272 212 20 2090 2730 90
778 320 225 20 1774 2414 90
330 321 228 30 1960 2600 90
36 280 224 10 1986 2626 90
153 272 228 10 1793 2433 90
615 265 218 20 2189 2829 90
482 319 229 10 2052 2692 90
2 266 231 40 1696 2336 90
503 250 217 40 2294 2934 90
84 317 234 10 2239 2879 90
