c2_10_8

VEHICLE
NUMBER  CAPACITY
250   700

CUSTOMER
CUST NO. XCOORD. YCOORD. DEMAND READY TIME DUE DATE SERVICE TIME

0  250  250   0   0  3914   0
709 273 234 10 1416 2056 90
603 326 241 20 1375 2015 90
430 330 259 30 991 1631 90
901 326 253 10 799 1439 90
573 325 251 20 1185 1825 90
756 380 228 30 897 1537 90
321 384 217 20 1569 2209 90
249 305 212 20 916 1556 90
717 387 224 30 1277 1917 90
560 296 232 10 1028 1668 90
19 302 235 20 803 1443 90
325 323 258 10 1088 1728 90
723 388 228 10 995 1635 90
543 379 229 10 805 1445 90
591 325 246 10 1280 1920 90
633 272 233 10 1507 2147 90
570 389 221 10 1092 1732 90
748 275 236 20 1323 1963 90
724 325 228 20 1570 2210 90
813 382 213 20 1475 2115 90
487 388 220 20 1183 1823 90
533 278 230 10 1226 1866 90
660 331 252 10 894 1534 90
174 323 229 10 1478 2118 90
136 380 223 10 1374 2014 90
579 283 229 30 1131 1771 90
