r1_10_7

VEHICLE
NUMBER  CAPACITY
250   200

CUSTOMER
CUST NO. XCOORD. YCOORD. DEMAND READY TIME DUE DATE SERVICE TIME

0  250  250   0   0  1925   0
309 196 56 15 0 1714 10
444 261 138 1 0 1803 10
599 210 81 2 0 1742 10
917 268 113 21 0 1777 10
846 168 59 6 0 1708 10
805 253 74 20 0 1739 10
456 240 34 28 0 1699 10
842 225 121 18 0 1784 10
38 233 87 18 0 1752 10
948 210 133 15 0 1792 10
447 215 79 5 0 1741 10
260 236 126 23 0 1791 10
137 210 29 13 0 1691 10
277 273 149 14 0 1812 10
847 281 96 1 0 1758 10
98 218 12 3 0 1675 10
189 186 135 24 0 1784 10
126 232 101 24 0 1765 10
165 271 128 12 0 1792 10
329 239 15 2 0 1680 10
262 180 162 9 0 1803 10
303 250 57 26 0 1722 10
962 276 84 20 0 1747 10
435 177 156 25 0 1796 10
53 231 167 15 0 1830 10
815 202 28 22 0 1688 10
81 201 66 14 0 1725 10
914 253 118 19 0 1783 10
699 178 135 21 0 1780 10
176 264 135 1 0 1800 10
256 257 133 19 0 1798 10
947 206 97 33 0 1756 10
226 241 38 16 0 1703 10
617 168 109 10 0 1752 10
572 297 131 25 0 1788 10
965 292 136 28 0 1794 10
147 174 41 15 0 1693 10
245 282 1 18 0 1664 10
362 257 57 18 0 1722 10
332 307 52 23 0 1709 10
784 265 0 10 0 1665 10
971 263 153 12 0 1818 10
514 174 67 15 0 1717 10
330 193 138 30 0 1790 10
513 235 108 12 0 1773 10
368 306 42 11 0 1700 10
519 209 68 27 0 1729 10
623 200 78 31 0 1736 10
773 309 161 23 0 1809 10
997 215 129 17 0 1790 10
396 262 92 25 0 1757 10
295 282 10 30 0 1673 10
