c1_10_8

VEHICLE
NUMBER  CAPACITY
250   200

CUSTOMER
CUST NO. XCOORD. YCOORD. DEMAND READY TIME DUE DATE SERVICE TIME

0  250  250   0   0  1824   0
780 391 99 20 206 574 90
582 407 98 10 218 468 90
173 367 83 30 203 499 90
37 409 88 20 575 796 90
998 375 80 10 447 701 90
740 400 103 10 479 702 90
677 399 102 20 592 773 90
719 411 95 30 373 623 90
204 409 90 20 481 706 90
965 404 103 20 358 636 90
479 406 96 20 219 480 90
151 370 83 20 280 497 90
931 368 85 30 202 456 90
163 377 76 20 561 776 90
137 370 82 40 372 586 90
300 406 99 20 303 501 90
437 406 94 10 275 530 90
529 398 97 10 212 411 90
