c1_10_4

VEHICLE
NUMBER  CAPACITY
250   200

CUSTOMER
CUST NO. XCOORD. YCOORD. DEMAND READY TIME DUE DATE SERVICE TIME

0  250  250   0   0  1824   0
475 126 30 10 0 1482 90
127 122 35 10 0 1484 90
675 107 26 10 0 1469 90
842 105 22 30 0 1464 90
50 108 26 10 0 1469 90
459 104 28 20 0 1469 90
460 131 56 10 0 1507 90
822 105 27 10 0 1469 90
749 133 26 10 0 1482 90
235 125 29 30 0 1481 90
351 125 39 20 0 1489 90
382 124 56 20 0 1503 90
852 132 55 10 0 1507 90
596 129 27 10 0 1481 90
682 125 32 30 0 1483 90
428 133 53 20 0 1505 90
872 102 29 30 0 1469 90
