c1_10_1

VEHICLE
NUMBER   CAPACITY
250     200

CUSTOMER
CUST NO. XCOORD.  YCOORD.  DEMAND  READY TIME DUE DATE  SERVICE TIME

0   250    250     0     0    1824     0
303 172 488 10 310 374 90
216 58 458 10 702 774 90
816 144 439 30 736 797 90
490 21 488 10 667 725 90
652 101 384 30 200 262 90
96 54 430 20 610 652 90
537 147 435 20 553 607 90
492 67 452 30 327 402 90
237 58 449 30 993 1042 90
75 57 432 10 973 1033 90
317 100 387 10 449 498 90
401 109 463 30 959 1018 90
124 146 439 10 642 707 90
178 60 454 10 892 952 90
974 112 465 10 685 743 90
422 111 464 10 775 837 90
570 55 449 20 278 339 90
690 18 462 20 1015 1090 90
160 134 428 20 935 992 90
664 18 484 10 397 444 90
103 115 465 10 409 465 90
258 101 386 20 349 415 90
489 21 487 10 582 629 90
752 53 440 10 633 684 90
349 59 457 30 810 848 90
535 175 487 20 248 308 90
400 54 445 10 534 593 90
958 97 385 30 537 598 90
978 178 491 10 591 656 90
331 112 467 10 505 557 90
851 179 492 10 678 752 90
412 138 438 20 832 893 90
219 65 453 30 423 490 90
275 52 432 20 789 843 90
436 24 492 10 1252 1302 90
671 174 494 10 498 559 90
81 141 431 30 362 423 90
866 12 463 20 751 800 90
176 63 444 20 1084 1146 90
91 55 428 20 511 568 90
970 15 457 20 462 534 90
553 116 466 20 318 373 90
269 50 438 20 724 779 90
865 56 434 20 881 940 90
505 94 383 10 636 687 90
170 62 453 10 515 584 90
711 12 451 20 311 359 90
350 49 451 20 340 409 90
49 21 485 30 487 540 90
701 25 499 10 1154 1206 90
387 26 490 10 1345 1394 90
606 102 391 20 1098 1161 90
713 60 428 20 1059 1137 90
516 97 387 10 823 869 90
364 66 448 10 270 345 90
79 22 483 30 325 389 90
431 100 394 10 1006 1067 90
731 8 497 40 959 1006 90
403 13 455 10 381 430 90
614 17 459 10 1200 1275 90
944 111 463 20 875 919 90
240 59 459 20 622 670 90
845 17 458 10 1297 1360 90
882 51 447 10 438 501 90
341 95 391 10 909 973 90
729 14 459 20 559 622 90
185 64 426 10 1162 1223 90
887 16 463 20 836 904 90
823 101 385 20 262 320 90
16 20 488 10 754 820 90
142 95 384 30 719 785 90
413 13 459 20 646 718 90
106 141 428 20 208 266 90
158 140 431 30 280 324 90
669 20 489 10 856 901 90
972 111 467 20 597 647 90
579 110 459 30 1057 1109 90
948 56 428 20 415 482 90
812 16 460 20 1112 1180 90
226 173 490 20 406 462 90
571 57 425 20 260 317 90
408 16 462 10 935 986 90
681 54 424 10 320 387 90
789 117 467 10 254 307 90
375 16 497 20 1038 1123 90
538 111 459 20 1152 1195 90
378 55 431 20 694 752 90
385 145 434 20 462 514 90
