c1_10_9

VEHICLE
NUMBER  CAPACITY
250   200

CUSTOMER
CUST NO. XCOORD. YCOORD. DEMAND READY TIME DUE DATE SERVICE TIME

0  250  250   0   0  1824   0
246 95 234 10 158 518 90
40 129 223 20 127 487 90
742 112 219 20 325 685 90
943 92 232 10 252 612 90
66 99 218 30 154 514 90
119 124 219 20 413 773 90
999 94 235 20 156 516 90
282 123 222 30 223 583 90
819 95 235 10 155 515 90
543 121 218 20 132 492 90
679 115 218 10 140 500 90
778 96 213 30 160 520 90
902 121 219 20 132 492 90
491 87 217 10 441 801 90
298 122 216 10 319 679 90
781 116 221 30 419 779 90
116 102 264 10 148 508 90
920 91 231 30 435 795 90
723 92 230 20 344 704 90
604 112 217 20 233 593 90
8 89 216 10 348 708 90
394 131 226 20 121 481 90
545 98 215 20 155 515 90
441 128 225 10 124 484 90
129 93 213 30 253 613 90
