r2_10_10

VEHICLE
NUMBER  CAPACITY
250   1000

CUSTOMER
CUST NO. XCOORD. YCOORD. DEMAND READY TIME DUE DATE SERVICE TIME

0  250  250   0   0  7697   0
107 153 192 13 3205 3840 10
994 203 211 20 5053 5518 10
336 217 207 26 5382 5797 10
273 226 175 23 6612 7057 10
471 131 246 17 3110 3667 10
888 248 214 19 5720 6234 10
606 223 178 20 4391 4820 10
944 209 212 18 5932 6410 10
581 134 194 19 6417 6916 10
775 197 202 29 4609 5141 10
415 212 186 11 6721 7172 10
414 146 188 6 4814 5186 10
535 188 151 7 4997 5497 10
943 206 174 14 3033 3485 10
553 199 203 20 5616 6163 10
947 206 172 29 2978 3446 10
400 181 185 19 6231 6799 10
