c1_10_8

VEHICLE
NUMBER  CAPACITY
250   200

CUSTOMER
CUST NO. XCOORD. YCOORD. DEMAND READY TIME DUE DATE SERVICE TIME

0  250  250   0   0  1824   0
372 48 72 30 604 876 90
257 26 43 10 305 575 90
536 26 45 30 303 558 90
966 24 41 10 441 716 90
222 2 116 20 445 667 90
532 44 79 10 267 463 90
406 9 124 20 271 581 90
381 16 68 20 395 742 90
564 39 50 30 370 582 90
557 15 68 10 311 644 90
709 43 71 40 425 681 90
121 26 42 20 384 589 90
635 26 36 10 549 799 90
33 39 76 10 273 533 90
320 40 52 40 462 674 90
991 46 74 20 507 788 90
509 4 114 10 614 867 90
301 44 47 20 289 583 90
271 17 65 20 553 771 90
777 41 47 20 291 494 90
215 18 63 10 648 860 90
247 22 33 10 632 906 90
820 7 123 30 274 547 90
834 15 69 10 296 549 90
763 37 55 10 627 884 90
502 0 120 30 323 601 90
95 20 73 10 290 537 90
360 37 51 10 536 787 90
927 4 116 10 544 752 90
209 38 72 30 317 599 90
