c2_10_7

VEHICLE
NUMBER   CAPACITY
250     700

CUSTOMER
CUST NO. XCOORD.  YCOORD.  DEMAND  READY TIME DUE DATE  SERVICE TIME

0   250    250     0     0    3914     0
638 117 204 30 1335 2221 90
94 148 225 40 105 1306 90
59 121 203 10 1712 2031 90
252 155 198 30 108 332 90
683 107 168 20 2159 3031 90
104 128 209 20 696 1650 90
875 108 222 10 1347 1806 90
636 114 169 20 2279 3106 90
166 120 210 20 975 1749 90
631 123 206 10 1688 2242 90
897 110 199 10 2007 2568 90
442 118 214 20 136 566 90
183 152 196 10 122 462 90
586 140 220 30 633 1133 90
176 112 208 10 1494 1868 90
21 149 183 20 2911 3466 90
691 129 185 20 2837 2951 90
393 125 212 10 1162 1371 90
987 152 225 30 766 1382 90
629 140 180 20 2929 3249 90
421 140 206 30 409 566 90
955 138 196 30 1887 2259 90
382 137 227 20 115 291 90
405 151 214 10 402 781 90
554 147 199 30 228 548 90
431 136 217 30 678 1278 90
74 101 179 20 2011 2974 90
903 118 223 10 134 841 90
893 104 198 20 2137 2630 90
334 137 186 10 2840 3145 90
315 157 192 20 2830 3715 90
599 125 226 20 1157 1781 90
383 161 203 20 100 898 90
135 126 188 20 1672 2683 90
504 107 225 30 228 813 90
983 145 221 20 373 1202 90
231 125 181 20 2351 3245 90
108 132 218 10 122 1194 90
597 131 207 20 663 1495 90
277 107 221 40 145 1242 90
