c2_10_7

VEHICLE
NUMBER   CAPACITY
250     700

CUSTOMER
CUST NO. XCOORD.  YCOORD.  DEMAND  READY TIME DUE DATE  SERVICE TIME

0   250    250     0     0    3914     0
668 206 313 20 1726 2616 90
913 179 311 10 175 607 90
945 179 284 30 643 1579 90
665 174 304 20 93 597 90
35 216 307 20 2160 3032 90
401 185 301 20 1210 1611 90
613 200 297 30 68 1308 90
891 190 292 10 362 1289 90
728 222 317 30 2381 2609 90
220 176 296 20 1027 1592 90
535 185 293 10 614 1406 90
540 194 296 20 348 1111 90
333 198 284 10 62 603 90
648 209 307 10 1615 2167 90
959 207 289 20 2787 3367 90
567 192 306 20 1546 1660 90
671 206 295 10 2802 2975 90
397 188 293 30 482 1353 90
865 204 291 20 2776 3190 90
973 206 312 40 1726 2434 90
781 211 308 30 1741 2226 90
872 199 305 30 1403 1997 90
804 196 302 20 242 466 90
997 175 282 10 602 1809 90
202 216 316 20 2148 2649 90
713 191 308 20 82 723 90
256 153 295 20 3398 3526 90
97 201 273 30 54 913 90
582 167 304 20 99 1020 90
949 163 277 10 2920 3733 90
194 201 307 10 1467 2119 90
911 195 300 10 385 691 90
884 216 300 30 2285 3102 90
882 218 298 30 2498 3074 90
829 194 301 30 75 1016 90
473 197 301 10 146 380 90
142 191 309 10 1265 1755 90
