c2_10_7

VEHICLE
NUMBER   CAPACITY
250     700

CUSTOMER
CUST NO. XCOORD.  YCOORD.  DEMAND  READY TIME DUE DATE  SERVICE TIME

0   250    250     0     0    3914     0
493 44 153 30 1746 2405 90
151 63 166 30 2349 2816 90
407 65 164 20 2276 3074 90
484 53 139 30 1093 1494 90
121 63 159 20 1051 1126 90
313 80 141 30 356 792 90
721 43 125 30 1387 1979 90
422 83 151 10 194 1265 90
281 94 130 10 651 712 90
677 49 136 10 1476 2094 90
29 48 137 20 1429 2324 90
275 57 131 10 1165 1800 90
480 59 159 10 789 1577 90
768 51 162 20 1915 2671 90
914 77 133 10 388 1189 90
553 77 172 20 2730 3382 90
550 95 160 10 179 419 90
643 71 163 20 2781 2948 90
449 96 152 20 182 789 90
933 74 165 10 2683 3234 90
18 90 168 20 3003 3317 90
963 78 141 30 364 600 90
985 59 128 20 1390 1762 90
787 59 163 20 2014 2768 90
17 67 153 20 653 1330 90
158 61 170 30 1990 2985 90
273 30 162 10 2001 2363 90
658 50 138 20 1596 2342 90
620 67 160 10 2640 2899 90
992 57 132 10 1240 1543 90
605 71 139 30 338 1437 90
