c2_10_7

VEHICLE
NUMBER   CAPACITY
250     700

CUSTOMER
CUST NO. XCOORD.  YCOORD.  DEMAND  READY TIME DUE DATE  SERVICE TIME

0   250    250     0     0    3914     0
292 221 374 30 796 1625 90
348 239 373 10 1321 2650 90
559 203 369 10 624 1218 90
80 216 380 20 2345 2415 90
31 220 394 10 2514 3211 90
542 214 372 10 574 1472 90
335 229 396 30 2681 3244 90
47 229 364 10 2283 2901 90
115 222 381 20 2320 3019 90
118 220 384 10 2502 3024 90
312 232 378 20 1737 2811 90
680 220 362 20 1025 1797 90
111 191 397 20 158 774 90
146 241 375 10 1808 2349 90
584 234 383 10 1946 2411 90
61 236 361 30 1723 1863 90
282 222 356 20 1494 1882 90
513 206 377 20 134 1290 90
23 209 358 30 1088 2025 90
428 213 363 30 954 1674 90
99 220 379 10 2158 2790 90
590 202 386 20 144 1324 90
731 241 391 30 2878 3253 90
900 216 374 30 826 1405 90
236 204 371 30 509 1148 90
519 239 369 30 1521 2261 90
310 214 382 30 2265 2878 90
867 206 379 10 234 860 90
794 210 359 10 1112 2184 90
890 208 371 20 360 1109 90
126 220 359 30 1331 1678 90
878 222 357 30 1234 1959 90
