c2_10_7

VEHICLE
NUMBER   CAPACITY
250     700

CUSTOMER
CUST NO. XCOORD.  YCOORD.  DEMAND  READY TIME DUE DATE  SERVICE TIME

0   250    250     0     0    3914     0
429 76 391 30 1076 1719 90
467 52 369 30 1482 2824 90
229 78 375 10 273 516 90
802 56 357 10 1705 2032 90
647 90 391 10 331 911 90
398 76 408 30 640 1561 90
741 59 377 20 1815 2520 90
502 51 364 10 1390 2545 90
418 59 358 20 2381 2496 90
360 57 367 20 1890 2607 90
317 74 360 40 2595 3278 90
167 46 383 30 1043 1693 90
24 56 388 20 1435 2307 90
307 48 385 20 963 1214 90
198 67 380 20 2183 2534 90
937 88 390 30 358 1069 90
695 50 368 30 1648 2474 90
734 74 363 40 2798 2888 90
657 46 341 10 2342 3136 90
412 75 379 30 2217 3078 90
895 47 388 20 788 1759 90
162 71 388 20 1200 1970 90
57 73 395 20 917 1688 90
462 88 379 20 603 936 90
458 69 346 10 2786 3297 90
152 71 368 20 3239 3435 90
340 66 391 20 1344 2017 90
251 47 389 30 1054 1310 90
87 58 364 10 2026 2659 90
947 66 359 20 2910 3563 90
76 74 390 20 424 1330 90
747 50 347 10 2423 2861 90
62 78 371 20 210 1033 90
754 54 372 20 1486 2656 90
129 43 355 20 1454 1896 90
561 87 369 10 201 785 90
391 96 407 20 313 715 90
811 77 397 10 440 1558 90
82 89 358 20 2905 3631 90
508 79 346 10 3062 3398 90
112 72 341 10 2693 3199 90
257 81 373 10 520 820 90
644 78 361 10 3011 3620 90
609 86 359 10 2759 3628 90
915 66 397 10 1068 1342 90
873 95 356 10 3124 3637 90
517 74 374 20 2716 2768 90
786 80 374 20 210 1043 90
841 67 357 10 2727 3521 90
868 69 383 10 2272 2828 90
758 80 398 10 406 1407 90
377 50 343 10 2570 3097 90
71 59 389 20 1232 2323 90
241 96 356 10 186 579 90
750 50 383 10 1702 2236 90
358 67 377 10 2008 2523 90
763 40 378 20 1019 1914 90
905 95 395 30 212 1071 90
248 73 360 20 2711 3344 90
698 77 360 10 2959 3619 90
199 35 358 20 1097 2056 90
255 88 394 10 723 891 90
464 65 357 10 2087 2981 90
718 96 377 10 199 754 90
33 54 357 10 1428 2125 90
459 80 376 40 211 1467 90
977 71 348 10 2976 3294 90
719 86 361 20 3024 3626 90
426 57 379 20 560 1415 90
51 67 387 10 2145 2767 90
234 72 391 10 1096 1888 90
