c2_10_7

VEHICLE
NUMBER   CAPACITY
250     700

CUSTOMER
CUST NO. XCOORD.  YCOORD.  DEMAND  READY TIME DUE DATE  SERVICE TIME

0   250    250     0     0    3914     0
148 403 361 10 1190 1875 90
303 375 342 10 715 1323 90
132 400 364 30 574 725 90
800 413 353 10 1299 2161 90
697 404 346 10 950 1536 90
879 416 364 20 1867 2169 90
339 393 368 10 185 1462 90
835 378 326 30 148 506 90
689 383 351 20 167 809 90
507 399 379 20 2562 3518 90
805 391 373 10 2680 3600 90
260 401 385 20 2674 3214 90
537 432 369 10 1880 2574 90
889 395 365 30 185 690 90
589 368 325 30 139 690 90
394 361 337 50 141 1011 90
53 341 367 30 2083 3138 90
159 386 357 20 1118 1907 90
509 360 338 10 140 920 90
246 358 359 20 2273 3165 90
130 368 340 10 296 785 90
400 378 363 30 1621 2036 90
722 369 351 20 664 1172 90
195 395 378 10 1501 1931 90
436 412 361 10 1554 2103 90
825 400 376 40 723 962 90
89 346 344 10 2917 3667 90
269 386 344 20 1210 1427 90
26 377 356 10 1319 2533 90
221 361 349 10 2598 3594 90
359 370 353 10 717 934 90
446 391 334 20 885 1368 90
939 359 371 10 2258 2746 90
541 413 350 10 1209 2066 90
854 372 354 30 1543 2498 90
347 367 358 30 1937 2489 90
536 364 364 20 2298 2321 90
702 353 346 20 2990 3398 90
93 418 385 30 2687 2987 90
79 418 355 20 1864 2371 90
916 366 352 10 2229 3591 90
311 414 384 10 2497 2988 90
580 366 341 20 311 955 90
475 401 368 20 316 1171 90
54 410 364 30 1524 2319 90
679 428 384 10 2208 2841 90
512 409 361 30 661 1612 90
501 399 352 10 897 1783 90
362 386 361 30 1139 2075 90
357 434 377 10 2132 2719 90
185 360 356 10 2642 2983 90
682 365 360 20 1708 2533 90
566 394 356 30 178 813 90
169 358 365 30 1946 2866 90
230 366 346 20 591 864 90
110 406 339 20 179 796 90
16 403 390 10 2146 3133 90
413 404 378 10 718 1155 90
106 389 342 10 718 1732 90
105 373 364 20 2717 3657 90
669 412 367 20 765 1315 90
262 402 362 20 1005 1876 90
86 394 367 30 303 617 90
649 363 351 20 2555 3452 90
385 384 346 20 964 1858 90
523 434 382 30 1930 2730 90
