r1_10_6

VEHICLE
NUMBER   CAPACITY
250     200

CUSTOMER
CUST NO. XCOORD.  YCOORD.  DEMAND  READY TIME DUE DATE  SERVICE TIME

0   250    250     0     0    1925     0
429 212 47 20 801 831 10
303 250 57 26 748 778 10
227 224 3 10 690 720 10
993 172 24 17 1452 1482 10
930 187 61 19 545 575 10
10 251 63 14 987 1017 10
805 253 74 20 0 1739 10
1 171 34 21 1143 1173 10
447 215 79 5 0 1741 10
680 198 85 28 263 293 10
780 235 33 30 1337 1367 10
623 200 78 31 993 1023 10
81 201 66 14 1167 1197 10
674 231 29 14 1226 1256 10
472 171 24 11 1383 1413 10
691 235 13 27 359 389 10
309 196 56 15 0 1714 10
456 240 34 28 1560 1590 10
947 206 97 33 0 1756 10
427 191 84 13 867 897 10
747 172 66 18 1303 1333 10
98 218 12 3 544 574 10
643 224 56 13 1186 1216 10
366 244 13 24 1013 1043 10
147 174 41 15 0 1693 10
41 245 42 24 547 577 10
137 210 29 13 0 1691 10
815 202 28 22 0 1688 10
194 200 27 22 525 555 10
514 174 67 15 0 1717 10
403 173 65 12 448 478 10
846 168 59 6 366 396 10
675 253 50 27 226 256 10
362 257 57 18 1226 1256 10
599 210 81 2 0 1742 10
724 179 75 13 740 770 10
519 209 68 27 1568 1598 10
38 233 87 18 253 283 10
784 265 0 10 0 1665 10
473 187 73 18 292 322 10
33 178 72 23 757 787 10
443 165 59 27 943 973 10
329 239 15 2 0 1680 10
226 241 38 16 0 1703 10
