r1_10_6

VEHICLE
NUMBER   CAPACITY
250     200

CUSTOMER
CUST NO. XCOORD.  YCOORD.  DEMAND  READY TIME DUE DATE  SERVICE TIME

0   250    250     0     0    1925     0
587 392 1 11 605 635 10
668 404 59 13 913 943 10
467 432 66 30 1071 1101 10
193 429 59 9 0 1654 10
600 432 2 20 0 1608 10
989 441 60 21 1459 1489 10
652 394 47 5 313 343 10
684 441 7 20 392 422 10
317 388 44 22 1131 1161 10
270 397 57 17 1476 1506 10
115 476 61 36 449 479 10
314 390 34 7 1060 1090 10
709 400 71 17 1372 1402 10
892 426 38 23 609 639 10
36 492 34 5 811 841 10
221 383 17 15 940 970 10
76 407 35 11 0 1649 10
149 398 49 21 792 822 10
49 438 5 18 549 579 10
660 385 17 40 809 839 10
311 436 25 19 1282 1312 10
774 385 58 24 0 1681 10
55 459 53 20 0 1628 10
434 389 43 21 0 1666 10
20 472 57 17 1295 1325 10
64 451 62 5 282 312 10
187 450 45 24 504 534 10
414 497 18 10 1130 1160 10
232 429 67 16 732 762 10
154 488 3 3 401 431 10
620 382 9 30 274 304 10
793 418 75 11 448 478 10
417 442 5 16 320 350 10
952 437 19 15 1014 1044 10
378 497 54 14 978 1008 10
