r1_10_6

VEHICLE
NUMBER   CAPACITY
250     200

CUSTOMER
CUST NO. XCOORD.  YCOORD.  DEMAND  READY TIME DUE DATE  SERVICE TIME

0   250    250     0     0    1925     0
578 411 396 23 920 950 10
132 331 356 13 712 742 10
849 398 329 17 167 197 10
128 447 383 17 0 1678 10
828 434 359 13 1392 1422 10
696 382 360 26 178 208 10
5 377 385 6 866 896 10
995 410 399 25 234 264 10
771 394 322 12 1025 1055 10
672 405 349 15 522 552 10
40 406 408 15 1456 1486 10
722 420 383 27 982 1012 10
355 398 341 33 939 969 10
19 387 394 8 1098 1128 10
994 408 318 15 0 1743 10
862 381 328 12 0 1763 10
622 366 334 5 410 440 10
852 346 354 8 0 1774 10
772 348 348 23 935 965 10
123 413 391 8 0 1700 10
848 387 349 9 0 1746 10
903 441 374 10 227 257 10
475 421 387 15 801 831 10
133 374 346 27 0 1759 10
44 370 382 11 884 914 10
996 413 345 20 1218 1248 10
310 366 390 23 0 1734 10
127 371 332 14 530 560 10
833 401 314 25 976 1006 10
899 376 385 12 184 214 10
998 380 350 15 866 896 10
705 396 417 13 0 1694 10
814 429 389 18 424 454 10
649 411 379 25 0 1709 10
180 414 378 23 495 525 10
950 418 399 20 438 468 10
523 421 386 29 824 854 10
