r1_10_1

VEHICLE
NUMBER  CAPACITY
250   200

CUSTOMER
CUST NO. XCOORD. YCOORD. DEMAND READY TIME DUE DATE SERVICE TIME

0  250  250   0   0  1925   0
217 440 436 18 902 912 10
912 448 397 33 876 886 10
531 498 457 15 923 933 10
594 448 414 23 1233 1243 10
266 487 446 9 1350 1360 10
342 493 493 20 866 876 10
421 460 424 11 1465 1475 10
716 495 355 3 1253 1263 10
287 463 406 23 867 877 10
730 485 428 22 1500 1510 10
806 470 405 17 936 946 10
420 471 427 8 826 836 10
233 498 456 27 1416 1426 10
6 449 428 25 1257 1267 10
