r2_10_3

VEHICLE
NUMBER  CAPACITY
250   1000

CUSTOMER
CUST NO. XCOORD. YCOORD. DEMAND READY TIME DUE DATE SERVICE TIME

0  250  250   0   0  7697   0
842 124 111 15 0 7500 10
518 157 38 3 0 7456 10
697 9 101 16 0 7404 10
601 120 17 30 0 7421 10
746 171 24 11 0 7448 10
591 125 65 17 0 7464 10
960 135 30 12 0 7439 10
418 51 89 19 0 7432 10
300 224 56 13 0 7492 10
497 142 30 32 0 7442 10
579 66 88 2 0 7442 10
147 110 122 14 0 7498 10
901 142 14 18 0 7428 10
166 174 41 15 0 7465 10
906 66 31 25 0 7401 10
485 52 18 28 0 7382 10
473 168 59 6 0 7480 10
995 79 80 19 0 7446 10
891 60 29 32 0 7396 10
970 109 56 27 0 7448 10
796 64 5 14 0 7380 10
258 144 35 26 0 7448 10
305 87 3 13 0 7392 10
789 100 66 15 0 7450 10
648 210 81 2 0 7514 10
267 172 66 18 0 7488 10
366 201 66 14 0 7497 10
524 140 108 29 0 7508 10
905 196 56 15 0 7486 10
595 117 110 13 0 7494 10
117 108 37 23 0 7432 10
558 16 68 11 0 7391 10
22 143 158 12 0 7546 10
328 200 27 22 0 7459 10
48 56 75 24 0 7426 10
138 174 67 15 0 7489 10
240 26 67 15 0 7398 10
243 209 68 27 0 7501 10
570 120 37 28 0 7438 10
672 187 73 18 0 7500 10
786 215 79 5 0 7513 10
925 114 102 21 0 7487 10
656 149 98 4 0 7505 10
971 212 47 20 0 7481 10
628 68 53 16 0 7419 10
541 200 78 31 0 7508 10
826 132 151 22 0 7533 10
981 104 28 8 0 7422 10
918 38 15 3 0 7371 10
238 100 85 14 0 7465 10
158 151 81 28 0 7492 10
70 191 84 13 0 7511 10
460 67 24 10 0 7397 10
45 62 94 16 0 7443 10
437 174 122 14 0 7539 10
295 130 140 17 0 7525 10
939 87 51 35 0 7430 10
784 150 68 23 0 7480 10
169 92 18 8 0 7407 10
51 6 53 8 0 7374 10
505 102 6 3 0 7402 10
180 105 137 32 0 7504 10
52 15 11 15 0 7352 10
480 132 32 18 0 7440 10
814 80 117 24 0 7472 10
84 128 113 22 0 7504 10
10 57 43 15 0 7404 10
619 224 3 10 0 7439 10
845 49 118 3 0 7447 10
666 75 118 21 0 7468 10
