c2_10_3

VEHICLE
NUMBER  CAPACITY
250   700

CUSTOMER
CUST NO. XCOORD. YCOORD. DEMAND READY TIME DUE DATE SERVICE TIME

0  250  250   0   0  3914   0
932 294 64 10 0 3633 90
381 391 23 10 0 3557 90
846 311 47 10 0 3613 90
416 362 17 10 0 3566 90
700 366 16 20 0 3563 90
465 345 15 20 0 3571 90
1000 342 52 10 0 3606 90
738 317 62 20 0 3625 90
918 347 23 30 0 3578 90
864 385 28 10 0 3565 90
201 351 33 20 0 3585 90
164 352 38 10 0 3589 90
302 363 62 20 0 3605 90
518 408 20 30 0 3545 90
72 414 62 10 0 3575 90
244 373 22 10 0 3565 90
727 396 4 10 0 3538 90
143 301 67 40 0 3635 90
404 389 33 20 0 3567 90
876 341 26 10 0 3583 90
319 378 46 30 0 3584 90
223 394 10 40 0 3545 90
165 395 1 30 0 3536 90
496 374 17 10 0 3561 90
898 323 60 10 0 3621 90
451 336 7 10 0 3567 90
704 319 77 30 0 3638 90
124 343 27 20 0 3583 90
435 335 64 10 0 3620 90
510 390 17 30 0 3553 90
534 351 75 10 0 3622 90
896 315 57 20 0 3621 90
617 312 74 20 0 3638 90
815 417 56 20 0 3569 90
211 337 63 30 0 3618 90
899 308 82 30 0 3647 90
912 397 27 20 0 3557 90
295 335 52 20 0 3609 90
922 293 67 20 0 3637 90
454 310 81 30 0 3645 90
499 347 40 30 0 3593 90
779 316 80 30 0 3642 90
11 365 18 20 0 3566 90
490 367 59 10 0 3601 90
70 353 32 10 0 3583 90
