r1_10_9

VEHICLE
NUMBER  CAPACITY
250   200

CUSTOMER
CUST NO. XCOORD. YCOORD. DEMAND READY TIME DUE DATE SERVICE TIME

0  250  250   0   0  1925   0
863 62 236 29 540 605 10
52 2 264 40 633 706 10
595 128 113 22 343 413 10
553 80 251 14 283 355 10
248 28 180 34 360 441 10
410 16 68 11 296 380 10
446 48 150 15 631 710 10
896 41 120 22 684 737 10
755 110 251 23 482 544 10
433 105 140 27 182 225 10
731 86 199 23 260 325 10
719 14 232 18 278 363 10
337 48 162 15 220 300 10
95 86 189 21 209 275 10
402 24 71 11 341 381 10
515 132 151 22 154 182 10
507 158 24 18 593 660 10
502 150 68 23 402 474 10
222 7 82 25 407 446 10
963 130 140 17 177 241 10
134 108 37 23 521 608 10
58 31 175 24 238 286 10
758 133 202 33 448 503 10
781 140 137 32 547 622 10
29 41 232 16 209 282 10
341 10 237 19 596 667 10
740 125 61 26 589 665 10
683 142 80 12 462 552 10
107 100 85 14 338 394 10
448 109 56 27 239 286 10
409 38 190 23 261 339 10
401 35 263 27 245 326 10
493 24 259 19 356 415 10
71 9 101 16 642 721 10
345 47 208 30 220 263 10
120 105 137 32 434 500 10
364 6 53 8 566 638 10
813 89 65 16 688 782 10
979 43 135 31 236 315 10
113 21 146 21 478 526 10
748 92 259 4 376 452 10
265 89 185 16 582 648 10
86 43 210 20 210 274 10
225 103 123 8 453 556 10
573 71 12 2 297 351 10
902 32 191 5 592 611 10
884 87 213 18 614 667 10
305 1 252 5 250 331 10
140 111 178 18 156 205 10
315 18 225 8 683 730 10
629 84 255 13 255 339 10
111 114 102 21 499 546 10
534 18 24 32 621 666 10
829 103 177 28 601 682 10
791 98 2 14 566 647 10
657 9 233 31 298 344 10
583 34 169 11 460 538 10
488 87 51 35 506 552 10
685 33 268 18 681 740 10
377 144 220 35 110 158 10
934 74 215 10 218 269 10
628 120 17 30 284 305 10
637 34 239 16 216 257 10
702 144 35 26 239 324 10
786 3 23 11 380 432 10
212 134 211 35 122 180 10
296 66 163 6 383 438 10
361 130 186 16 136 199 10
765 61 214 4 321 392 10
258 39 162 18 544 616 10
885 60 246 25 190 268 10
890 143 158 12 141 171 10
155 44 115 24 246 338 10
388 135 30 12 469 510 10
210 75 118 21 399 449 10
498 72 227 25 565 593 10
746 130 247 17 120 173 10
