r2_10_5

VEHICLE
NUMBER  CAPACITY
250   1000

CUSTOMER
CUST NO. XCOORD. YCOORD. DEMAND READY TIME DUE DATE SERVICE TIME

0  250  250   0   0  7697   0
680 421 387 15 3145 3385 10
86 460 424 11 5758 5998 10
555 449 428 25 4927 5167 10
897 406 408 15 5765 6005 10
99 420 383 27 3868 4108 10
434 470 417 11 2887 3127 10
122 448 397 33 3402 3642 10
483 411 396 23 3621 3861 10
614 495 355 3 4913 5153 10
156 448 414 23 4831 5071 10
109 465 367 14 4047 4287 10
682 434 359 13 5509 5749 10
688 491 369 28 2858 3098 10
940 468 352 9 3013 3253 10
864 421 386 29 3237 3477 10
700 396 417 13 3180 3420 10
380 411 379 25 4713 4953 10
958 463 406 23 3369 3609 10
691 485 428 22 5900 6140 10
123 471 427 8 3206 3446 10
121 470 405 17 3643 3883 10
945 466 362 15 4549 4789 10
