c1_10_6

VEHICLE
NUMBER  CAPACITY
250   200

CUSTOMER
CUST NO. XCOORD. YCOORD. DEMAND READY TIME DUE DATE SERVICE TIME

0  250  250   0   0  1824   0
623 400 260 40 150 257 90
70 389 300 10 285 372 90
807 443 313 30 469 687 90
224 315 260 10 228 272 90
755 400 286 10 172 321 90
253 473 196 10 533 673 90
602 484 177 20 365 488 90
649 407 280 10 516 732 90
523 444 269 20 506 632 90
458 423 290 10 187 531 90
588 316 286 30 489 775 90
565 359 179 20 454 540 90
704 402 284 30 286 394 90
255 461 284 10 213 402 90
613 320 283 30 357 534 90
798 423 286 20 377 530 90
309 463 194 20 220 414 90
928 417 217 30 384 503 90
402 355 180 30 209 416 90
779 461 167 10 456 545 90
508 443 237 20 258 309 90
611 439 310 10 198 515 90
976 421 292 20 249 283 90
738 444 313 20 374 599 90
987 376 190 30 361 460 90
947 316 284 20 525 555 90
299 477 179 20 237 503 90
3 355 177 20 140 299 90
521 334 240 30 448 661 90
572 465 287 10 509 665 90
952 420 213 10 418 659 90
69 337 256 20 102 252 90
867 458 164 20 330 482 90
336 436 237 20 186 417 90
435 436 264 20 186 358 90
940 439 312 30 198 444 90
254 445 237 10 241 510 90
836 335 255 20 85 248 90
365 337 241 20 286 450 90
890 467 195 10 265 363 90
51 424 286 10 430 658 90
107 404 264 20 277 579 90
10 410 285 20 503 553 90
87 337 251 10 92 262 90
796 343 254 20 204 523 90
801 374 190 20 239 398 90
546 484 174 10 468 571 90
457 395 332 10 574 667 90
231 385 295 20 142 291 90
590 316 258 20 208 477 90
694 342 254 10 222 323 90
120 335 243 20 313 609 90
339 394 333 20 448 610 90
293 413 217 20 210 308 90
279 376 195 10 500 692 90
924 311 266 10 63 348 90
660 352 176 20 126 244 90
638 321 277 10 75 239 90
599 400 288 30 154 165 90
112 443 246 20 528 601 90
456 357 181 20 278 530 90
721 476 196 30 419 601 90
776 403 262 30 501 540 90
963 371 193 20 133 342 90
861 391 334 20 412 461 90
496 390 301 10 307 534 90
561 240 250 10 228 517 90
515 399 301 30 567 651 90
11 472 189 30 345 480 90
337 318 280 20 341 363 90
1 387 297 10 176 295 90
783 388 334 20 161 378 90
951 341 257 20 408 507 90
573 320 280 10 220 299 90
228 402 265 20 269 403 90
72 321 280 30 77 298 90
619 423 214 20 530 734 90
167 412 214 10 165 376 90
759 488 173 20 529 699 90
640 389 334 20 254 435 90
498 236 247 20 448 487 90
183 248 251 20 2 279 90
99 406 285 20 279 588 90
854 388 331 20 160 314 90
449 479 176 20 240 469 90
726 371 192 30 134 416 90
487 460 288 10 213 538 90
663 244 250 10 58 315 90
193 367 178 20 508 683 90
714 243 248 30 198 359 90
542 415 216 10 246 456 90
166 393 301 30 448 578 90
162 406 257 10 497 736 90
199 320 262 10 533 708 90
591 425 288 10 572 700 90
534 446 319 30 334 447 90
585 339 244 30 165 384 90
152 444 242 10 404 538 90
155 312 264 20 103 208 90
438 234 246 10 477 643 90
829 450 265 10 416 527 90
466 375 191 30 455 549 90
702 319 260 20 495 561 90
734 402 264 20 152 392 90
899 467 285 20 281 526 90
312 317 261 20 386 486 90
997 332 249 30 82 252 90
289 466 287 10 457 534 90
495 344 262 20 481 626 90
250 439 266 10 230 331 90
629 441 265 40 295 449 90
655 415 289 20 169 345 90
36 245 251 10 5 241 90
908 462 167 20 556 627 90
