r2_10_6

VEHICLE
NUMBER   CAPACITY
250     1000

CUSTOMER
CUST NO. XCOORD.  YCOORD.  DEMAND  READY TIME DUE DATE  SERVICE TIME

0   250    250     0     0    7697     0
148 459 53 20 4429 4669 10
753 332 5 14 4071 4311 10
429 372 115 13 0 7506 10
15 437 90 12 2280 2520 10
467 325 147 14 0 7560 10
2 325 56 13 3126 3366 10
319 429 59 9 1775 2015 10
444 442 153 29 4695 4935 10
800 392 1 11 2361 2601 10
94 375 145 12 3657 3897 10
856 404 59 13 0 7442 10
31 361 178 5 3830 4070 10
742 485 104 21 3118 3358 10
424 480 131 5 2690 2930 10
632 351 148 30 0 7544 10
676 492 34 5 3182 3422 10
500 451 62 5 0 7412 10
537 456 157 20 5760 6000 10
673 394 47 5 1192 1432 10
369 386 154 31 0 7521 10
416 432 66 30 0 7429 10
797 371 163 21 3251 3491 10
792 372 97 13 0 7492 10
75 452 110 14 1301 1541 10
589 333 163 32 4901 5141 10
344 441 60 21 0 7418 10
178 466 149 16 4684 4924 10
361 330 138 18 4378 4618 10
157 327 139 13 4969 5209 10
457 385 58 24 1559 1799 10
65 466 96 22 5473 5713 10
363 397 153 29 3470 3710 10
630 450 45 24 1954 2194 10
690 351 128 15 4953 5193 10
844 352 63 6 4653 4893 10
695 323 77 36 5560 5800 10
923 383 17 15 3702 3942 10
830 321 149 18 5638 5878 10
574 341 72 9 3159 3399 10
488 476 61 36 1735 1975 10
40 365 74 24 3334 3574 10
770 439 156 2 2043 2283 10
636 497 18 10 4460 4700 10
531 343 34 7 2839 3079 10
534 367 97 17 0 7495 10
412 363 34 19 0 7444 10
119 420 80 24 0 7447 10
847 382 9 30 1027 1267 10
659 497 54 14 3852 4092 10
631 351 5 12 1924 2164 10
825 409 155 19 621 861 10
761 399 175 13 2928 3168 10
769 371 71 21 0 7471 10
441 489 159 29 5651 5891 10
877 493 111 26 2104 2344 10
81 398 49 21 3107 3347 10
91 392 95 16 3005 3245 10
340 438 127 2 3704 3944 10
425 429 67 16 2869 3109 10
26 440 77 14 3592 3832 10
63 436 25 19 5069 5309 10
14 376 92 10 3902 4142 10
717 481 84 17 1962 2202 10
98 407 35 11 5093 5333 10
643 429 169 8 3551 3791 10
894 441 100 31 0 7445 10
370 335 99 25 4814 5054 10
409 376 113 8 0 7501 10
25 415 118 19 0 7476 10
515 344 70 24 4523 4763 10
862 404 140 8 4975 5215 10
367 389 156 27 2802 3042 10
430 396 83 15 6286 6526 10
776 442 5 16 1221 1461 10
256 351 60 15 0 7472 10
622 390 120 24 3957 4197 10
637 437 98 16 4395 4635 10
217 426 38 23 0 7412 10
886 470 138 16 5498 5738 10
188 385 17 40 3175 3415 10
783 438 5 18 2136 2376 10
311 384 149 18 0 7520 10
590 364 71 5 5334 5574 10
949 331 134 11 4435 4675 10
373 412 100 1 1993 2233 10
820 365 28 9 0 7437 10
908 480 136 22 0 7431 10
651 397 57 17 5844 6084 10
708 495 83 32 1703 1943 10
528 339 113 14 2982 3222 10
450 418 75 11 1732 1972 10
598 324 99 10 1292 1532 10
675 339 144 13 0 7549 10
136 330 147 28 3334 3574 10
92 460 117 14 2019 2259 10
512 364 173 30 661 901 10
478 388 44 22 4463 4703 10
274 488 3 3 1542 1782 10
365 354 156 20 3270 3510 10
661 437 19 15 3996 4236 10
11 436 123 40 781 1021 10
233 343 166 28 3444 3684 10
900 382 110 24 4390 4630 10
357 432 2 20 1806 2046 10
298 372 39 10 2834 3074 10
724 390 34 7 4181 4421 10
829 443 167 17 2113 2353 10
64 393 98 13 2950 3190 10
185 365 119 30 0 7513 10
297 337 41 8 3949 4189 10
223 480 152 26 4026 4266 10
794 423 170 27 1992 2232 10
215 389 43 21 1522 1762 10
853 482 104 19 0 7413 10
245 415 95 15 4647 4887 10
685 355 174 33 2801 3041 10
612 341 59 27 3099 3339 10
496 488 96 22 4205 4445 10
342 494 165 19 2357 2597 10
669 455 168 21 3407 3647 10
838 400 71 17 5428 5668 10
396 456 113 17 4849 5089 10
948 471 94 30 3935 4175 10
878 392 87 23 0 7471 10
443 480 119 7 2454 2694 10
68 374 116 9 0 7505 10
620 472 57 17 0 7393 10
571 349 43 26 798 1038 10
324 335 46 18 5307 5547 10
408 401 164 13 0 7514 10
206 413 127 28 3263 3503 10
597 345 146 27 5696 5936 10
952 349 76 15 4063 4303 10
990 391 112 24 3941 4181 10
234 482 141 14 3983 4223 10
538 441 7 20 1506 1746 10
378 339 41 6 0 7460 10
