r2_10_6

VEHICLE
NUMBER   CAPACITY
250     1000

CUSTOMER
CUST NO. XCOORD.  YCOORD.  DEMAND  READY TIME DUE DATE  SERVICE TIME

0   250    250     0     0    7697     0
465 52 412 22 5563 5803 10
196 111 392 18 4616 4856 10
161 59 388 20 2591 2831 10
549 79 467 22 1346 1586 10
638 130 494 6 2975 3215 10
879 13 394 15 0 7410 10
665 80 400 10 5725 5965 10
920 36 451 15 3495 3735 10
209 67 378 26 0 7464 10
175 152 476 45 2030 2270 10
735 29 462 17 5178 5418 10
686 46 389 22 0 7441 10
889 50 383 20 980 1220 10
875 94 497 31 3069 3309 10
47 64 437 11 0 7424 10
124 146 376 8 877 1117 10
272 26 442 23 0 7392 10
687 44 440 24 0 7407 10
728 27 464 21 0 7378 10
924 53 466 9 1280 1520 10
771 105 474 27 1823 2063 10
291 76 462 18 3764 4004 10
822 84 453 19 4832 5072 10
907 90 496 13 5521 5761 10
333 149 458 13 0 7456 10
510 133 455 25 3172 3412 10
813 132 477 25 0 7432 10
111 93 413 17 785 1025 10
892 5 445 30 1184 1424 10
458 44 496 32 1547 1787 10
768 67 451 5 0 7416 10
914 77 465 11 984 1224 10
445 148 462 10 2847 3087 10
88 0 422 8 3224 3464 10
456 77 372 19 0 7476 10
941 63 420 19 2018 2258 10
129 69 423 32 3150 3390 10
561 62 375 16 1335 1575 10
393 137 377 23 0 7518 10
321 58 391 16 3469 3709 10
202 122 422 3 5767 6007 10
448 84 377 10 3645 3885 10
516 78 406 15 3782 4022 10
627 115 395 11 3201 3441 10
732 141 426 23 2066 2306 10
788 49 437 7 1650 1890 10
646 20 480 25 2221 2461 10
264 93 490 2 1457 1697 10
815 11 403 18 1312 1552 10
93 28 467 34 0 7377 10
405 95 382 19 865 1105 10
916 27 444 22 4261 4501 10
440 13 465 31 3034 3274 10
194 61 441 27 2115 2355 10
514 48 412 7 0 7429 10
799 48 437 4 0 7412 10
731 90 477 18 0 7410 10
876 7 382 27 3022 3262 10
377 102 422 23 0 7461 10
635 10 407 36 1678 1918 10
501 138 406 8 4804 5044 10
599 72 477 46 0 7399 10
827 136 430 14 2781 3021 10
530 126 391 19 0 7500 10
861 107 374 8 3597 3837 10
171 88 484 5 0 7403 10
729 3 471 13 2783 3023 10
633 80 458 30 1422 1662 10
833 112 433 29 880 1120 10
823 91 427 14 3470 3710 10
192 139 438 24 796 1036 10
762 103 464 22 0 7428 10
150 135 400 20 1134 1374 10
655 69 414 6 4993 5233 10
249 150 484 16 2441 2681 10
228 132 479 11 910 1150 10
106 68 450 18 0 7417 10
618 114 460 14 4284 4524 10
231 124 448 6 1414 1654 10
