r2_10_6

VEHICLE
NUMBER   CAPACITY
250     1000

CUSTOMER
CUST NO. XCOORD.  YCOORD.  DEMAND  READY TIME DUE DATE  SERVICE TIME

0   250    250     0     0    7697     0
455 250 57 26 0 7494 10
913 257 133 19 3389 3629 10
141 232 101 24 1324 1564 10
216 292 136 28 3062 3302 10
756 165 59 27 3711 3951 10
193 236 126 23 379 619 10
348 267 162 6 0 7598 10
339 206 97 33 1732 1972 10
80 177 156 25 609 849 10
376 225 121 18 0 7556 10
267 172 66 18 5151 5391 10
253 239 15 2 0 7452 10
828 292 104 26 1156 1396 10
507 172 24 17 5749 5989 10
437 174 122 14 2313 2553 10
502 306 42 11 1847 2087 10
962 235 33 30 0 7470 10
328 200 27 22 0 7459 10
683 257 57 18 4844 5084 10
237 188 119 44 3839 4079 10
499 193 138 30 0 7562 10
299 269 112 19 4991 5231 10
422 282 1 18 4110 4350 10
672 187 73 18 1108 1348 10
447 323 34 13 0 7459 10
535 188 151 7 5127 5367 10
67 303 78 12 600 840 10
300 224 56 13 0 7492 10
331 202 28 22 3677 3917 10
540 323 29 7 4490 4730 10
743 178 135 21 5995 6235 10
986 180 162 9 634 874 10
166 174 41 15 0 7465 10
32 261 138 1 0 7575 10
723 253 74 20 5340 5580 10
477 251 63 14 3890 4130 10
29 309 161 23 2273 2513 10
648 210 81 2 0 7514 10
275 178 150 33 0 7564 10
619 224 3 10 2702 2942 10
146 218 12 3 2116 2356 10
546 273 70 36 2417 2657 10
781 186 135 24 0 7556 10
432 288 70 24 0 7504 10
309 173 65 12 1734 1974 10
3 290 145 5 5066 5306 10
692 273 149 14 5951 6191 10
427 281 96 1 4443 4683 10
608 238 123 24 0 7560 10
446 233 87 18 950 1190 10
243 209 68 27 6212 6452 10
541 200 78 31 3911 4151 10
449 292 32 14 857 1097 10
366 201 66 14 0 7497 10
325 198 85 28 990 1230 10
987 253 118 19 2129 2369 10
521 210 113 28 2701 2941 10
41 168 109 10 757 997 10
525 235 108 12 4258 4498 10
650 309 29 11 0 7459 10
712 242 106 28 0 7543 10
903 307 52 23 3622 3862 10
985 241 38 16 2067 2307 10
475 295 89 23 0 7520 10
738 263 153 12 1590 1830 10
617 171 34 21 4512 4752 10
609 187 61 19 2120 2360 10
70 191 84 13 3408 3648 10
786 215 79 5 834 1074 10
831 235 13 27 1375 1615 10
55 317 45 8 2573 2813 10
922 195 111 15 3932 4172 10
491 253 50 27 843 1083 10
763 244 13 24 3992 4232 10
905 196 56 15 2378 2618 10
965 318 99 35 4791 5031 10
310 245 42 24 2129 2369 10
860 240 34 28 6178 6418 10
645 282 10 30 4986 5226 10
114 179 75 13 2900 3140 10
127 297 131 25 4602 4842 10
526 210 133 15 2694 2934 10
138 174 67 15 4979 5219 10
83 276 84 20 0 7519 10
473 168 59 6 0 7480 10
718 271 128 12 1322 1562 10
824 178 72 23 2967 3207 10
383 210 29 13 4143 4383 10
224 262 97 17 3728 3968 10
746 171 24 11 0 7448 10
670 215 129 17 4414 4654 10
971 212 47 20 0 7481 10
423 268 113 21 2659 2899 10
565 231 29 14 4845 5085 10
486 265 0 10 3524 3764 10
605 264 135 1 3458 3698 10
523 262 92 25 2462 2702 10
