c2_10_5

VEHICLE
NUMBER  CAPACITY
250   700

CUSTOMER
CUST NO. XCOORD. YCOORD. DEMAND READY TIME DUE DATE SERVICE TIME

0  250  250   0   0  3914   0
819 377 246 20 2974 3294 90
793 367 239 20 3076 3396 90
349 384 235 20 2592 2912 90
486 301 247 10 3158 3478 90
975 305 233 20 2961 3281 90
844 307 227 30 2773 3093 90
163 383 246 20 2788 3108 90
324 253 244 20 2662 2982 90
830 254 238 30 2566 2886 90
215 253 241 20 2755 3075 90
529 315 232 10 2673 2993 90
645 354 219 10 3295 3615 90
934 382 245 20 2879 3199 90
276 379 245 10 2693 3013 90
384 363 212 30 3194 3514 90
902 308 232 30 2868 3188 90
976 297 250 30 3253 3573 90
675 308 235 10 3055 3375 90
686 293 245 10 3350 3670 90
478 249 251 20 2956 3276 90
328 316 234 10 2581 2901 90
637 245 239 20 2853 3173 90
