r1_10_8

VEHICLE
NUMBER  CAPACITY
250   200

CUSTOMER
CUST NO. XCOORD. YCOORD. DEMAND READY TIME DUE DATE SERVICE TIME

0  250  250   0   0  1925   0
140 111 178 18 0 1759 10
884 87 213 18 0 1748 10
731 86 199 23 0 1744 10
528 105 181 19 0 1755 10
858 66 314 26 0 1721 10
985 111 192 11 0 1765 10
807 77 172 23 0 1726 10
765 61 214 4 0 1723 10
585 71 282 29 0 1734 10
325 64 294 12 0 1724 10
160 68 303 22 0 1726 10
95 86 189 21 0 1741 10
885 60 246 25 0 1725 10
863 62 236 29 0 1727 10
638 94 192 1 0 1749 10
2 67 190 25 0 1723 10
426 69 266 12 0 1734 10
69 64 198 10 0 1722 10
629 84 255 13 0 1749 10
829 103 177 28 0 1751 10
543 71 304 19 0 1729 10
9 83 290 14 0 1744 10
563 100 266 5 0 1765 10
758 133 202 33 0 1789 10
298 83 169 21 0 1730 10
553 80 251 14 0 1745 10
79 117 178 28 0 1764 10
151 60 231 32 0 1725 10
336 80 279 19 0 1743 10
259 79 257 26 0 1744 10
544 87 311 7 0 1741 10
498 72 227 25 0 1736 10
945 97 288 22 0 1758 10
609 82 183 17 0 1735 10
