rc1_10_8

VEHICLE
NUMBER  CAPACITY
250   200

CUSTOMER
CUST NO. XCOORD. YCOORD. DEMAND READY TIME DUE DATE SERVICE TIME

0  250  250   0   0  1821   0
712 398 476 25 396 471 10
84 384 491 20 306 420 10
24 371 332 14 478 612 10
534 267 400 10 196 298 10
515 444 242 10 208 254 10
483 445 273 20 221 325 10
644 365 274 14 117 230 10
774 422 420 20 241 405 10
741 313 391 5 154 261 10
906 250 411 30 161 264 10
133 460 328 13 224 355 10
114 356 256 19 106 256 10
773 472 481 20 320 431 10
680 380 489 20 342 445 10
262 405 455 40 294 418 10
253 406 450 20 253 432 10
992 340 291 22 432 538 10
573 441 244 10 203 382 10
297 371 423 10 211 338 10
179 410 399 25 218 318 10
948 481 454 14 308 429 10
271 299 353 34 114 208 10
315 394 333 20 166 305 10
26 441 265 40 191 337 10
949 477 483 20 326 435 10
685 389 334 20 162 299 10
468 494 468 31 327 430 10
88 334 403 26 174 258 10
256 329 456 19 220 348 10
107 249 407 10 157 275 10
532 390 301 10 149 287 10
362 266 405 20 181 283 10
353 351 481 10 280 394 10
3 476 483 10 324 443 10
894 389 300 10 147 291 10
854 390 249 21 550 643 10
931 398 329 17 167 206 10
683 434 245 10 275 439 10
724 413 391 8 215 349 10
999 470 475 30 314 420 10
520 499 316 18 588 685 10
878 269 402 20 188 248 10
918 489 274 31 480 618 10
443 471 484 10 321 446 10
962 468 475 10 313 432 10
537 398 325 30 169 327 10
436 272 403 30 154 300 10
146 395 332 10 166 278 10
492 443 272 10 223 347 10
491 453 318 30 324 453 10
821 416 420 20 241 369 10
582 412 453 10 259 407 10
826 366 334 5 368 483 10
567 405 276 20 201 297 10
986 399 450 20 301 447 10
95 429 389 18 387 492 10
897 418 399 20 390 515 10
82 277 403 10 155 283 10
87 316 284 20 81 199 10
915 374 489 20 269 398 10
598 479 387 13 345 480 10
211 411 421 20 264 396 10
37 268 400 20 190 326 10
71 404 447 20 250 365 10
693 441 273 20 228 366 10
755 399 301 30 157 312 10
473 413 417 10 324 418 10
678 386 245 16 452 536 10
416 390 294 20 199 305 10
512 416 417 20 293 423 10
909 387 297 10 144 242 10
194 448 404 15 556 672 10
56 419 459 20 268 401 10
58 450 416 25 512 672 10
516 444 271 10 205 317 10
702 421 415 30 237 412 10
105 395 331 20 171 293 10
932 272 402 10 153 324 10
764 450 265 10 200 349 10
771 320 280 10 76 208 10
671 408 453 10 257 385 10
850 286 356 30 111 206 10
201 390 325 30 205 327 10
188 439 268 10 252 373 10
713 442 247 10 197 316 10
777 435 268 10 270 384 10
289 382 498 10 283 365 10
104 438 488 18 303 422 10
973 388 325 10 231 325 10
123 439 243 20 245 413 10
389 315 287 30 122 204 10
81 407 280 10 169 279 10
354 270 400 10 151 295 10
928 490 286 29 495 580 10
828 419 422 20 241 375 10
989 343 276 15 96 210 10
681 380 498 10 280 408 10
63 388 331 20 160 224 10
710 283 438 3 200 292 10
217 287 397 12 509 650 10
719 378 493 30 274 413 10
603 401 281 20 210 343 10
499 477 478 20 330 485 10
98 414 378 23 445 574 10
164 381 494 10 312 385 10
260 436 241 20 246 438 10
545 391 334 20 164 290 10
630 405 450 20 253 389 10
548 435 267 20 255 421 10
290 457 492 7 475 571 10
213 475 480 30 331 458 10
792 321 280 30 77 180 10
327 250 405 20 155 250 10
227 451 305 13 208 309 10
303 440 241 10 253 380 10
402 316 286 30 82 222 10
934 408 318 15 585 731 10
639 376 494 30 274 402 10
892 419 418 10 238 398 10
66 400 288 30 154 279 10
393 320 283 30 78 173 10
480 387 488 20 290 463 10
960 393 301 30 151 242 10
216 402 284 30 155 249 10
15 408 452 10 256 358 10
798 422 409 10 234 353 10
549 245 408 10 158 321 10
487 241 403 10 156 315 10
11 313 282 20 121 236 10
658 469 489 4 523 618 10
265 330 371 1 522 626 10
341 410 285 20 163 358 10
542 321 277 10 75 185 10
518 388 334 20 161 294 10
352 400 286 10 154 303 10
848 473 475 10 365 500 10
210 391 293 20 187 294 10
49 340 416 36 302 370 10
225 246 398 40 148 268 10
240 248 404 30 154 262 10
544 406 285 20 159 258 10
560 440 244 10 205 358 10
971 440 247 20 207 330 10
862 244 368 25 356 503 10
794 436 295 11 511 575 10
330 263 418 25 252 335 10
974 270 401 20 152 309 10
577 471 368 19 400 486 10
617 307 412 8 363 474 10
301 442 289 25 195 363 10
55 417 417 10 285 409 10
691 402 281 20 192 338 10
404 381 495 20 286 389 10
428 443 246 20 193 329 10
439 332 459 35 359 409 10
481 385 295 20 142 270 10
690 442 243 10 240 368 10
329 408 279 20 184 286 10
200 475 477 20 375 464 10
939 470 473 10 356 536 10
556 359 287 24 115 199 10
370 262 369 15 119 223 10
656 255 487 19 343 483 10
148 267 394 10 197 352 10
155 439 266 10 189 268 10
983 318 280 20 74 171 10
472 395 295 20 171 281 10
853 243 399 10 197 303 10
375 436 264 20 186 283 10
475 277 428 7 480 531 10
655 333 293 27 541 724 10
707 444 269 20 194 335 10
431 413 421 10 272 363 10
409 347 459 25 435 554 10
