r2_10_10

VEHICLE
NUMBER  CAPACITY
250   1000

CUSTOMER
CUST NO. XCOORD. YCOORD. DEMAND READY TIME DUE DATE SERVICE TIME

0  250  250   0   0  7697   0
541 200 78 31 3810 4252 10
267 172 66 18 4990 5552 10
366 201 66 14 4480 4974 10
70 191 84 13 3278 3778 10
138 174 67 15 4935 5262 10
656 149 98 4 4514 4927 10
243 209 68 27 6100 6565 10
670 215 129 17 4252 4816 10
922 195 111 15 3820 4285 10
158 151 81 28 6039 6544 10
756 165 59 27 3560 4102 10
237 188 119 44 3762 4157 10
743 178 135 21 5878 6353 10
525 235 108 12 4155 4602 10
