rc2_10_8

VEHICLE
NUMBER  CAPACITY
250   1000

CUSTOMER
CUST NO. XCOORD. YCOORD. DEMAND READY TIME DUE DATE SERVICE TIME

0  250  250   0   0  7284   0
732 340 54 10 510 1512 10
175 343 49 10 881 1359 10
287 346 60 10 1200 1490 10
553 346 57 20 1041 1545 10
941 343 47 20 889 1447 10
429 306 42 11 1604 2330 10
474 339 60 20 632 1175 10
1000 341 58 10 602 1307 10
22 347 54 10 1011 1470 10
751 342 54 20 789 1329 10
96 371 71 21 973 1442 10
721 344 62 10 1367 1524 10
819 347 62 10 1329 1458 10
720 303 78 12 366 1074 10
142 343 62 10 1118 1862 10
676 335 57 30 696 991 10
