r1_10_9

VEHICLE
NUMBER   CAPACITY
250     200

CUSTOMER
CUST NO. XCOORD.  YCOORD.  DEMAND  READY TIME DUE DATE  SERVICE TIME

0   250    250     0     0    1925     0
736 489 274 31 512 585 10
4 439 237 11 935 973 10
198 490 276 33 241 269 10
924 420 224 10 405 483 10
509 440 284 25 812 921 10
43 440 294 16 945 1006 10
250 442 289 25 195 280 10
734 475 267 7 762 828 10
72 424 288 13 1049 1095 10
301 418 269 3 1208 1231 10
678 463 253 23 1024 1101 10
119 426 231 24 1020 1066 10
343 440 292 24 926 985 10
269 495 227 20 321 397 10
826 439 222 22 962 1028 10
872 451 305 13 208 287 10
939 478 300 12 865 944 10
109 500 228 8 758 836 10
732 447 272 12 384 414 10
554 457 280 17 1002 1027 10
590 415 253 21 342 422 10
125 447 267 19 961 1029 10
438 497 296 14 593 662 10
54 423 221 9 239 308 10
764 490 286 29 510 565 10
512 472 248 11 818 881 10
922 497 266 25 750 776 10
186 428 302 27 993 1069 10
887 418 251 21 1190 1234 10
883 409 255 23 1489 1586 10
714 436 295 11 518 568 10
725 484 224 7 274 355 10
