r1_10_9

VEHICLE
NUMBER   CAPACITY
250     200

CUSTOMER
CUST NO. XCOORD.  YCOORD.  DEMAND  READY TIME DUE DATE  SERVICE TIME

0   250    250     0     0    1925     0
293 163 472 9 649 688 10
80 132 479 11 257 302 10
837 173 474 14 1254 1345 10
327 150 484 16 592 689 10
369 177 486 20 1590 1634 10
875 164 473 26 286 337 10
484 185 434 9 563 615 10
663 181 441 25 530 584 10
178 148 462 10 718 766 10
436 179 497 1 1405 1447 10
57 130 494 6 730 817 10
567 230 487 20 1114 1176 10
462 166 440 12 207 267 10
619 195 464 20 1514 1598 10
353 211 446 15 1114 1162 10
539 167 445 7 1393 1461 10
432 225 488 28 638 664 10
779 208 488 22 446 539 10
321 178 420 18 1042 1130 10
850 239 486 3 1449 1545 10
352 222 499 7 838 882 10
470 196 489 23 1037 1053 10
238 208 445 22 1290 1404 10
439 152 476 45 513 563 10
738 139 438 24 218 290 10
926 199 438 3 1344 1406 10
840 195 450 16 1469 1533 10
946 176 470 14 523 600 10
545 207 487 4 655 753 10
249 167 488 17 252 306 10
50 132 477 25 315 369 10
395 185 431 15 356 448 10
670 149 458 13 1153 1204 10
203 182 480 31 328 431 10
981 175 422 24 1434 1489 10
878 133 455 25 790 856 10
208 124 448 6 377 391 10
