r1_10_9

VEHICLE
NUMBER   CAPACITY
250     200

CUSTOMER
CUST NO. XCOORD.  YCOORD.  DEMAND  READY TIME DUE DATE  SERVICE TIME

0   250    250     0     0    1925     0
22 104 349 20 988 1061 10
549 175 352 12 1643 1717 10
380 84 377 10 911 972 10
641 202 391 30 612 665 10
690 154 374 36 930 973 10
923 138 406 8 1195 1267 10
349 122 422 3 1445 1498 10
333 161 416 25 993 1059 10
880 115 395 11 788 872 10
66 142 372 18 162 245 10
340 177 404 17 1240 1315 10
251 136 430 14 679 771 10
476 141 426 23 529 563 10
282 174 347 3 986 1073 10
479 162 388 11 1119 1164 10
308 154 392 9 171 230 10
18 144 331 13 915 977 10
390 107 374 8 896 962 10
373 149 341 6 377 461 10
708 137 377 23 169 214 10
841 95 382 19 211 282 10
365 146 376 8 220 279 10
171 111 392 18 1146 1222 10
860 142 360 20 1504 1590 10
199 126 391 19 257 319 10
918 164 332 19 1264 1325 10
460 189 402 10 508 595 10
888 153 362 7 1136 1217 10
42 166 345 14 1120 1169 10
909 174 397 32 1222 1297 10
408 174 376 8 1417 1452 10
206 170 347 15 414 487 10
234 135 400 20 257 371 10
992 195 386 13 146 198 10
