r2_10_1

VEHICLE
NUMBER  CAPACITY
250   1000

CUSTOMER
CUST NO. XCOORD. YCOORD. DEMAND READY TIME DUE DATE SERVICE TIME

0  250  250   0   0  7697   0
523 262 92 25 2507 2657 10
608 238 123 24 3144 3225 10
446 233 87 18 966 1174 10
738 263 153 12 1628 1791 10
83 276 84 20 2696 2874 10
423 268 113 21 2734 2823 10
913 257 133 19 3418 3600 10
526 210 133 15 2767 2862 10
605 264 135 1 3525 3630 10
141 232 101 24 1405 1483 10
828 292 104 26 1227 1324 10
987 253 118 19 2191 2307 10
193 236 126 23 400 598 10
32 261 138 1 2491 2575 10
521 210 113 28 2778 2864 10
718 271 128 12 1378 1507 10
376 225 121 18 2924 3063 10
216 292 136 28 3126 3239 10
