c2_10_5

VEHICLE
NUMBER  CAPACITY
250   700

CUSTOMER
CUST NO. XCOORD. YCOORD. DEMAND READY TIME DUE DATE SERVICE TIME

0  250  250   0   0  3914   0
474 146 245 20 616 936 90
422 83 151 10 220 540 90
917 221 87 20 1323 1643 90
442 118 214 20 160 480 90
504 107 225 30 360 680 90
838 250 72 20 1045 1365 90
376 211 188 10 580 900 90
252 155 198 30 108 428 90
721 43 125 30 1523 1843 90
610 220 192 20 89 409 90
277 107 221 40 454 774 90
219 261 84 10 654 974 90
604 152 241 20 713 1033 90
383 161 203 20 100 420 90
8 216 117 10 349 669 90
987 152 225 30 914 1234 90
438 265 77 20 752 1072 90
291 228 186 20 189 509 90
992 57 132 10 1232 1552 90
17 67 153 20 832 1152 90
121 63 159 20 929 1249 90
453 210 94 20 917 1237 90
875 108 222 10 1417 1737 90
343 241 77 30 1145 1465 90
421 140 206 30 328 648 90
484 53 139 30 1134 1454 90
166 120 210 20 1202 1522 90
712 223 114 20 252 572 90
204 238 57 30 1256 1576 90
97 201 273 30 54 374 90
539 221 179 20 289 609 90
623 200 182 10 1073 1393 90
94 148 225 40 533 853 90
210 260 104 20 146 466 90
970 217 189 20 484 804 90
420 225 192 20 63 383 90
472 229 214 20 41 361 90
405 151 214 10 431 751 90
605 71 139 30 727 1047 90
91 236 96 20 1524 1844 90
914 77 133 10 629 949 90
663 232 87 30 1424 1744 90
108 132 218 10 122 442 90
635 211 180 20 678 998 90
524 204 171 20 878 1198 90
406 265 94 10 178 498 90
550 95 160 10 179 499 90
843 253 81 10 946 1266 90
545 226 120 30 155 475 90
382 137 227 20 115 435 90
313 80 141 30 414 734 90
886 184 178 10 1374 1694 90
58 259 76 10 848 1168 90
176 112 208 10 1521 1841 90
449 96 152 20 182 502 90
437 259 90 30 557 877 90
599 125 226 20 1309 1629 90
971 197 178 20 978 1298 90
641 212 96 10 824 1144 90
903 118 223 10 259 579 90
172 228 124 20 127 447 90
684 220 177 20 381 701 90
203 261 96 40 367 687 90
103 184 188 10 1180 1500 90
265 212 71 20 1124 1444 90
936 211 97 20 732 1052 90
183 152 196 10 132 452 90
480 59 159 10 1023 1343 90
188 204 90 20 1014 1334 90
309 255 120 10 130 450 90
393 125 212 10 1107 1427 90
601 212 168 20 780 1100 90
983 145 221 20 628 948 90
555 210 98 10 641 961 90
12 225 125 20 127 447 90
481 186 177 20 1281 1601 90
525 173 169 10 1478 1798 90
985 59 128 20 1416 1736 90
924 238 83 20 1463 1783 90
275 57 131 10 1323 1643 90
999 208 101 10 547 867 90
575 263 91 20 272 592 90
27 113 229 30 1043 1363 90
285 155 242 10 806 1126 90
597 131 207 20 919 1239 90
963 78 141 30 322 642 90
814 213 76 20 1220 1540 90
720 211 107 10 451 771 90
554 147 199 30 228 548 90
488 235 81 20 1370 1690 90
431 136 217 30 818 1138 90
104 128 209 20 1013 1333 90
281 94 130 10 521 841 90
586 140 220 30 723 1043 90
415 259 88 20 465 785 90
