c2_10_5

VEHICLE
NUMBER  CAPACITY
250   700

CUSTOMER
CUST NO. XCOORD. YCOORD. DEMAND READY TIME DUE DATE SERVICE TIME

0  250  250   0   0  3914   0
380 232 85 10 2229 2549 90
768 51 162 20 2133 2453 90
803 230 105 10 2878 3198 90
287 221 102 20 2778 3098 90
683 107 168 20 2435 2755 90
532 129 244 30 2828 3148 90
773 244 94 20 1715 2035 90
837 243 88 20 1651 1971 90
771 247 82 30 1748 2068 90
18 90 168 20 3000 3320 90
955 138 196 30 1913 2233 90
247 216 93 10 2393 2713 90
926 218 98 30 1922 2242 90
21 149 183 20 3028 3348 90
688 216 96 10 2486 2806 90
268 236 95 30 2037 2357 90
562 247 88 30 1844 2164 90
631 123 206 10 1805 2125 90
506 204 189 10 2298 2618 90
848 183 187 20 1688 2008 90
273 30 162 10 2022 2342 90
842 128 240 10 3205 3525 90
817 123 242 20 3110 3430 90
478 249 251 20 2956 3276 90
505 173 208 30 1801 2121 90
615 265 218 20 2349 2669 90
270 189 200 10 1909 2229 90
708 199 200 10 2865 3185 90
933 74 165 10 2798 3118 90
135 126 188 20 2018 2338 90
315 157 192 20 3130 3450 90
231 125 181 20 2638 2958 90
869 245 96 20 1623 1943 90
787 59 163 20 2231 2551 90
677 49 136 10 1625 1945 90
736 167 169 20 1574 1894 90
629 140 180 20 2929 3249 90
984 224 96 40 2018 2338 90
266 231 81 30 2323 2643 90
158 61 170 30 2328 2648 90
461 209 201 30 2673 2993 90
638 117 204 30 1618 1938 90
1 212 101 30 2582 2902 90
414 203 203 10 2770 3090 90
283 243 108 20 2981 3301 90
493 44 153 30 1915 2235 90
150 131 241 10 3298 3618 90
240 241 98 20 2907 3227 90
553 77 172 20 2896 3216 90
893 104 198 20 2223 2543 90
761 226 86 10 2515 2835 90
168 202 198 30 2198 2518 90
637 245 239 20 2853 3173 90
329 207 196 20 2485 2805 90
643 71 163 20 2705 3025 90
327 231 97 20 2807 3127 90
788 236 92 10 2130 2450 90
284 224 93 20 2111 2431 90
658 50 138 20 1809 2129 90
274 230 95 20 1819 2139 90
897 110 199 10 2127 2447 90
151 63 166 30 2422 2742 90
968 211 198 30 2580 2900 90
216 223 90 30 2707 3027 90
831 215 91 30 2210 2530 90
691 129 185 20 2734 3054 90
557 121 236 10 1954 2274 90
407 65 164 20 2515 2835 90
578 247 89 20 1935 2255 90
620 67 160 10 2610 2930 90
920 229 78 20 2416 2736 90
74 101 179 20 2332 2652 90
636 114 169 20 2532 2852 90
593 200 195 20 2105 2425 90
140 219 89 20 2612 2932 90
547 238 84 10 1554 1874 90
228 119 232 10 1859 2179 90
40 196 192 30 2010 2330 90
324 253 244 20 2662 2982 90
215 253 241 20 2755 3075 90
447 212 215 20 3080 3400 90
68 272 212 20 2250 2570 90
503 250 217 40 2454 2774 90
830 254 238 30 2566 2886 90
59 121 203 10 1712 2032 90
965 216 92 20 2302 2622 90
29 48 137 20 1717 2037 90
752 245 109 20 3009 3329 90
528 207 194 10 2393 2713 90
452 196 219 30 2974 3294 90
732 256 117 20 3087 3407 90
808 215 108 20 2680 3000 90
334 137 186 10 2832 3152 90
