rc2_10_1

VEHICLE
NUMBER  CAPACITY
250   1000

CUSTOMER
CUST NO. XCOORD. YCOORD. DEMAND READY TIME DUE DATE SERVICE TIME

0  250  250   0   0  7284   0
851 15 69 10 1167 1287 10
312 94 97 20 856 976 10
800 93 96 20 902 1022 10
885 130 57 40 930 1050 10
596 95 92 20 1011 1131 10
31 136 52 10 1171 1291 10
212 132 30 20 1303 1423 10
687 18 24 32 2513 2633 10
510 21 146 21 1947 2067 10
578 236 126 23 439 559 10
190 187 73 18 1168 1288 10
418 24 68 20 1658 1778 10
743 125 32 30 1038 1158 10
44 131 56 10 1023 1143 10
750 239 15 2 2415 2535 10
204 17 65 20 1307 1427 10
310 133 26 10 1247 1367 10
789 140 137 32 2279 2399 10
916 126 30 10 1087 1207 10
343 21 64 20 1409 1529 10
306 91 101 10 1193 1313 10
748 44 115 24 925 1045 10
881 15 68 10 1211 1331 10
457 120 17 30 1116 1236 10
898 109 56 27 899 1019 10
137 97 93 20 962 1082 10
525 88 95 20 1081 1201 10
816 24 65 10 1461 1581 10
947 124 56 20 865 985 10
717 6 53 8 2348 2468 10
614 39 162 18 2261 2381 10
563 125 29 30 1133 1253 10
422 18 63 10 1356 1476 10
356 128 113 22 1451 1571 10
632 125 61 26 2447 2567 10
530 122 35 10 981 1101 10
373 144 35 26 899 1019 10
621 129 27 10 1190 1310 10
266 25 65 10 1505 1625 10
715 233 87 18 1010 1130 10
125 150 68 23 1691 1811 10
254 75 118 21 1636 1756 10
694 31 175 24 986 1106 10
543 168 59 6 1464 1584 10
640 20 73 10 1101 1221 10
479 133 53 20 1118 1238 10
914 23 67 30 1557 1677 10
943 16 68 20 1255 1375 10
80 34 169 11 1938 2058 10
441 253 50 27 903 1023 10
572 21 68 20 1606 1726 10
342 96 97 20 808 928 10
653 132 55 10 1069 1189 10
733 132 57 20 978 1098 10
827 125 39 20 921 1041 10
462 43 135 31 887 1007 10
488 30 72 10 1726 1846 10
174 71 12 2 1172 1292 10
27 130 140 17 776 896 10
788 87 96 30 1127 1247 10
