r1_10_9

VEHICLE
NUMBER  CAPACITY
250   200

CUSTOMER
CUST NO. XCOORD. YCOORD. DEMAND READY TIME DUE DATE SERVICE TIME

0  250  250   0   0  1925   0
796 209 212 18 1523 1563 10
144 181 185 19 1584 1674 10
51 203 211 20 1278 1364 10
214 212 186 11 1718 1756 10
82 245 176 20 1214 1285 10
845 264 180 33 1675 1716 10
106 241 180 13 1688 1731 10
516 217 207 26 1361 1433 10
625 197 202 29 1172 1265 10
610 248 214 19 1465 1523 10
632 226 175 23 1669 1748 10
699 178 135 21 1509 1548 10
634 223 178 20 1145 1157 10
980 188 151 7 1270 1353 10
173 248 176 32 1372 1461 10
729 199 203 20 1440 1505 10
