c1_10_3

VEHICLE
NUMBER  CAPACITY
250   200

CUSTOMER
CUST NO. XCOORD. YCOORD. DEMAND READY TIME DUE DATE SERVICE TIME

0  250  250   0   0  1824   0
414 461 8 20 0 1413 90
470 397 20 20 0 1462 90
514 403 93 10 0 1515 90
357 304 97 20 0 1572 90
756 346 144 10 0 1591 90
802 462 14 20 0 1417 90
835 489 17 10 0 1401 90
334 459 10 10 0 1416 90
242 477 97 10 0 1461 90
58 489 101 20 0 1453 90
262 274 48 10 0 1531 90
135 433 25 20 0 1444 90
42 357 26 20 0 1486 90
587 488 96 10 0 1451 90
483 438 31 10 0 1446 90
324 283 47 10 0 1529 90
229 361 14 10 0 1474 90
838 292 41 10 0 1521 90
326 460 13 20 0 1418 90
814 288 53 40 0 1534 90
184 433 15 20 0 1437 90
450 476 102 20 0 1464 90
531 438 26 10 0 1442 90
154 446 64 10 0 1464 90
26 379 80 20 0 1521 90
366 269 46 20 0 1530 90
93 397 18 10 0 1460 90
384 481 26 30 0 1413 90
290 467 114 10 0 1478 90
901 341 58 10 0 1522 90
601 393 20 20 0 1464 90
780 391 99 20 0 1528 90
327 305 107 20 0 1581 90
582 407 98 10 0 1516 90
133 467 141 10 0 1492 90
139 435 11 40 0 1432 90
754 437 15 30 0 1434 90
173 367 83 30 0 1531 90
631 356 23 20 0 1484 90
932 441 65 10 0 1469 90
272 323 118 20 0 1584 90
520 299 98 30 0 1575 90
740 400 103 10 0 1524 90
941 300 108 10 0 1584 90
633 277 50 10 0 1533 90
137 370 82 40 0 1528 90
853 485 24 20 0 1408 90
931 368 85 30 0 1532 90
348 307 108 10 0 1581 90
525 428 25 20 0 1448 90
900 290 136 20 0 1614 90
909 340 54 10 0 1519 90
727 481 20 20 0 1409 90
319 343 49 10 0 1513 90
270 440 61 30 0 1467 90
917 399 106 20 0 1527 90
379 428 24 10 0 1447 90
144 463 140 10 0 1495 90
746 407 88 10 0 1509 90
333 358 18 10 0 1479 90
37 409 88 20 0 1508 90
961 492 95 30 0 1447 90
136 286 137 10 0 1616 90
965 404 103 20 0 1522 90
410 288 154 10 0 1631 90
30 281 137 10 0 1617 90
343 344 146 10 0 1594 90
340 366 93 20 0 1539 90
856 281 164 20 0 1643 90
692 466 142 10 0 1493 90
203 393 12 10 0 1457 90
288 483 14 10 0 1403 90
54 433 31 10 0 1449 90
386 335 57 30 0 1524 90
447 483 27 20 0 1412 90
665 379 82 10 0 1523 90
261 288 44 20 0 1525 90
300 406 99 20 0 1517 90
724 432 24 20 0 1444 90
205 406 87 10 0 1509 90
677 399 102 20 0 1524 90
859 279 42 40 0 1524 90
373 465 142 10 0 1494 90
877 478 118 20 0 1471 90
146 435 62 30 0 1471 90
548 313 126 10 0 1595 90
204 409 90 20 0 1509 90
989 399 104 10 0 1526 90
645 439 15 20 0 1433 90
955 440 7 20 0 1426 90
179 478 99 10 0 1461 90
858 491 20 20 0 1401 90
839 489 27 10 0 1408 90
693 389 17 10 0 1463 90
164 474 96 30 0 1463 90
608 488 26 30 0 1408 90
843 479 121 10 0 1472 90
361 491 25 10 0 1405 90
35 435 68 10 0 1475 90
540 349 158 20 0 1599 90
306 338 147 10 0 1599 90
110 362 22 20 0 1480 90
177 433 27 20 0 1446 90
163 377 76 20 0 1519 90
165 346 57 20 0 1519 90
192 269 48 20 0 1532 90
243 307 102 40 0 1576 90
607 434 26 10 0 1445 90
884 282 139 20 0 1619 90
212 278 46 20 0 1529 90
145 343 47 20 0 1511 90
421 285 44 10 0 1526 90
504 343 144 10 0 1593 90
507 464 134 20 0 1491 90
753 458 130 20 0 1494 90
889 435 20 20 0 1439 90
1000 287 144 20 0 1622 90
983 315 121 10 0 1590 90
195 431 28 20 0 1448 90
405 314 124 20 0 1593 90
