rc1_10_8

VEHICLE
NUMBER   CAPACITY
250     200

CUSTOMER
CUST NO. XCOORD.  YCOORD.  DEMAND  READY TIME DUE DATE  SERVICE TIME

0   250    250     0     0    1821     0
668 112 433 29 229 383 10
465 111 467 20 257 364 10
913 130 494 6 701 847 10
292 154 374 36 893 1011 10
229 110 459 30 305 420 10
697 167 445 7 1383 1471 10
197 111 459 20 314 434 10
785 162 388 11 1080 1203 10
128 103 464 22 1244 1332 10
835 102 422 23 226 346 10
920 166 440 12 207 308 10
507 189 402 10 482 621 10
837 141 428 20 208 317 10
328 111 463 20 293 381 10
283 111 392 18 1116 1253 10
220 145 434 20 211 360 10
258 149 341 6 355 483 10
752 109 463 30 284 413 10
770 84 377 10 902 981 10
847 115 465 10 253 383 10
825 132 479 11 257 363 10
503 185 434 9 522 655 10
419 146 439 10 224 324 10
539 140 431 30 211 359 10
628 117 467 10 254 357 10
61 105 474 27 408 564 10
76 176 470 14 506 618 10
608 122 422 3 1420 1523 10
387 142 360 20 1488 1606 10
308 135 400 20 251 376 10
25 116 466 20 254 334 10
147 93 413 17 226 333 10
622 196 489 23 1002 1088 10
815 132 477 25 260 425 10
666 141 426 23 493 600 10
182 179 497 1 1383 1470 10
144 142 372 18 162 248 10
280 150 484 16 572 708 10
917 112 467 10 260 321 10
996 147 435 20 211 309 10
551 107 374 8 849 1009 10
357 133 455 25 785 861 10
434 149 458 13 1142 1216 10
642 95 382 19 203 307 10
860 182 480 31 327 433 10
113 195 464 20 1469 1591 10
255 115 395 11 776 885 10
138 163 472 9 623 714 10
867 141 431 30 211 387 10
168 175 422 24 1383 1540 10
383 146 376 8 187 312 10
746 134 428 20 253 393 10
839 144 439 30 238 334 10
626 170 347 15 398 503 10
585 111 464 10 255 412 10
466 138 438 20 237 368 10
984 154 392 9 171 296 10
740 112 465 10 255 373 10
