c2_10_3

VEHICLE
NUMBER   CAPACITY
250     700

CUSTOMER
CUST NO. XCOORD.  YCOORD.  DEMAND  READY TIME DUE DATE  SERVICE TIME

0   250    250     0     0    3914     0
452 196 219 30 3054 3214 90
773 244 94 20 1795 1955 90
12 225 125 20 127 287 90
216 223 90 30 2787 2947 90
2 266 231 40 0 3800 90
493 44 153 30 0 3597 90
578 247 89 20 2015 2175 90
968 211 198 30 2660 2820 90
461 209 201 30 2753 2913 90
638 117 204 30 0 3684 90
94 148 225 40 613 773 90
59 121 203 10 0 3687 90
930 124 247 20 0 3698 90
376 211 188 10 0 3751 90
604 152 241 20 0 3726 90
920 229 78 20 2496 2656 90
252 155 198 30 118 278 90
736 167 169 20 1654 1814 90
593 200 195 20 0 3750 90
837 243 88 20 1731 1891 90
327 231 97 20 0 3670 90
380 232 85 10 2309 2469 90
437 259 90 30 0 3664 90
8 216 117 10 0 3687 90
268 236 95 30 0 3669 90
151 63 166 30 0 3619 90
683 107 168 20 0 3660 90
153 272 228 10 2033 2193 90
684 220 177 20 0 3746 90
407 65 164 20 2595 2755 90
104 128 209 20 0 3696 90
875 108 222 10 0 3680 90
270 189 200 10 1989 2149 90
484 53 139 30 0 3598 90
121 63 159 20 1009 1169 90
663 232 87 30 0 3661 90
936 211 97 20 812 972 90
283 243 108 20 3061 3221 90
313 80 141 30 494 654 90
122 112 243 20 0 3686 90
924 238 83 20 0 3657 90
721 43 125 30 1603 1763 90
771 247 82 30 0 3656 90
306 110 241 20 0 3684 90
422 83 151 10 0 3630 90
291 228 186 20 269 429 90
641 212 96 10 0 3666 90
281 94 130 10 0 3628 90
830 254 238 30 0 3812 90
1 212 101 30 0 3671 90
447 212 215 20 3160 3320 90
103 184 188 10 1260 1420 90
752 245 109 20 0 3683 90
488 235 81 20 0 3655 90
210 260 104 20 157 317 90
40 196 192 30 0 3745 90
575 263 91 20 0 3665 90
636 114 169 20 2612 2772 90
172 228 124 20 141 301 90
481 186 177 20 1361 1521 90
289 111 244 10 2229 2389 90
140 219 89 20 2692 2852 90
677 49 136 10 1705 1865 90
533 278 230 10 0 3790 90
119 259 243 20 22 182 90
166 120 210 20 1282 1442 90
842 128 240 10 3285 3445 90
631 123 206 10 1885 2045 90
557 121 236 10 2034 2194 90
29 48 137 20 0 3593 90
897 110 199 10 0 3675 90
219 261 84 10 0 3658 90
275 57 131 10 0 3598 90
761 226 86 10 2595 2755 90
921 272 246 10 218 378 90
442 118 214 20 0 3688 90
709 273 234 10 0 3796 90
183 152 196 10 212 372 90
586 140 220 30 0 3710 90
480 59 159 10 0 3613 90
527 274 231 30 0 3794 90
503 250 217 40 2534 2694 90
768 51 162 20 2213 2373 90
623 200 182 10 0 3740 90
36 280 224 10 2226 2386 90
914 77 133 10 709 869 90
176 112 208 10 1601 1761 90
999 208 101 10 0 3670 90
91 236 96 20 1604 1764 90
21 149 183 20 3108 3268 90
970 217 189 20 0 3755 90
343 241 77 30 1225 1385 90
553 77 172 20 2976 3136 90
505 173 208 30 0 3737 90
615 265 218 20 2429 2589 90
539 221 179 20 369 529 90
472 229 214 20 41 201 90
691 129 185 20 2814 2974 90
309 255 120 10 130 290 90
555 210 98 10 0 3667 90
550 95 160 10 0 3645 90
748 275 236 20 0 3796 90
98 255 245 10 7 167 90
643 71 163 20 0 3625 90
449 96 152 20 0 3642 90
393 125 212 10 0 3694 90
933 74 165 10 0 3629 90
987 152 225 30 994 1154 90
18 90 168 20 3080 3240 90
629 140 180 20 0 3694 90
453 210 94 20 997 1157 90
720 211 107 10 531 691 90
421 140 206 30 0 3706 90
284 224 93 20 2191 2351 90
955 138 196 30 0 3700 90
843 253 81 10 0 3655 90
732 256 117 20 0 3691 90
788 236 92 10 2210 2370 90
637 245 239 20 2933 3093 90
382 137 227 20 0 3709 90
97 201 273 30 54 214 90
525 173 169 10 1558 1718 90
963 78 141 30 0 3621 90
420 225 192 20 74 234 90
712 223 114 20 332 492 90
886 184 178 10 1454 1614 90
247 216 93 10 0 3664 90
506 204 189 10 0 3748 90
188 204 90 20 1094 1254 90
405 151 214 10 511 671 90
554 147 199 30 308 468 90
431 136 217 30 0 3706 90
848 183 187 20 0 3733 90
74 101 179 20 2412 2572 90
903 118 223 10 339 499 90
985 59 128 20 1496 1656 90
787 59 163 20 2311 2471 90
601 212 168 20 860 1020 90
266 231 81 30 2403 2563 90
893 104 198 20 0 3670 90
438 265 77 20 0 3651 90
708 199 200 10 2945 3105 90
528 207 194 10 0 3754 90
280 272 243 30 0 3801 90
334 137 186 10 2912 3072 90
917 221 87 20 1403 1563 90
562 247 88 30 1924 2084 90
285 155 242 10 0 3729 90
27 113 229 30 1123 1283 90
240 241 98 20 0 3672 90
831 215 91 30 0 3662 90
17 67 153 20 0 3617 90
478 249 251 20 3036 3196 90
287 221 102 20 2858 3018 90
926 218 98 30 2002 2162 90
532 129 244 30 2908 3068 90
635 211 180 20 758 918 90
274 230 95 20 1899 2059 90
524 204 171 20 0 3733 90
315 157 192 20 3210 3370 90
336 268 235 10 1842 2002 90
599 125 226 20 1389 1549 90
610 220 192 20 0 3759 90
474 146 245 20 0 3720 90
965 216 92 20 2382 2542 90
204 238 57 30 0 3631 90
633 272 233 10 0 3797 90
545 226 120 30 0 3692 90
414 203 203 10 0 3758 90
767 266 250 10 409 569 90
58 259 76 10 0 3650 90
150 131 241 10 3378 3538 90
215 253 241 20 2835 2995 90
415 259 88 20 0 3662 90
547 238 84 10 1634 1794 90
249 305 212 20 0 3758 90
943 83 228 20 0 3656 90
168 202 198 30 0 3754 90
228 119 232 10 1939 2099 90
814 213 76 20 0 3647 90
383 161 203 20 100 260 90
135 126 188 20 0 3686 90
971 197 178 20 0 3735 90
808 215 108 20 2760 2920 90
158 61 170 30 0 3619 90
273 30 162 10 0 3588 90
203 261 96 40 0 3670 90
869 245 96 20 0 3670 90
817 123 242 20 3190 3350 90
658 50 138 20 0 3595 90
838 250 72 20 1125 1285 90
579 283 229 30 0 3785 90
504 107 225 30 440 600 90
265 212 71 20 0 3642 90
68 272 212 20 2330 2490 90
406 265 94 10 258 418 90
329 207 196 20 2565 2725 90
983 145 221 20 0 3716 90
620 67 160 10 2690 2850 90
231 125 181 20 0 3682 90
466 125 245 20 3002 3162 90
324 253 244 20 0 3818 90
803 230 105 10 0 3678 90
108 132 218 10 136 296 90
984 224 96 40 0 3668 90
597 131 207 20 0 3698 90
688 216 96 10 0 3667 90
277 107 221 40 0 3679 90
992 57 132 10 1312 1472 90
538 128 249 20 0 3702 90
881 140 252 20 0 3714 90
605 71 139 30 807 967 90
316 101 237 20 1831 1991 90
