r2_10_8

VEHICLE
NUMBER  CAPACITY
250   1000

CUSTOMER
CUST NO. XCOORD. YCOORD. DEMAND READY TIME DUE DATE SERVICE TIME

0  250  250   0   0  7697   0
36 187 263 35 0 7623 10
385 148 208 22 0 7577 10
279 153 235 10 0 7589 10
553 199 203 20 0 7618 10
471 131 246 17 0 7568 10
994 203 211 20 0 7626 10
421 175 239 23 0 7612 10
336 217 207 26 0 7633 10
397 134 276 15 0 7569 10
329 157 269 31 0 7593 10
381 219 210 14 0 7637 10
802 211 248 26 0 7648 10
775 197 202 29 0 7616 10
547 214 245 8 0 7651 10
816 144 220 35 0 7577 10
283 149 214 7 0 7580 10
37 130 247 17 0 7567 10
400 181 185 19 0 7593 10
951 219 215 32 0 7641 10
662 181 260 23 0 7618 10
818 210 219 7 0 7637 10
76 153 244 5 0 7590 10
782 176 199 28 0 7598 10
944 209 212 18 6051 6291 10
107 153 192 13 0 7574 10
