rc2_10_9

VEHICLE
NUMBER  CAPACITY
250   1000

CUSTOMER
CUST NO. XCOORD. YCOORD. DEMAND READY TIME DUE DATE SERVICE TIME

0  250  250   0   0  7284   0
282 391 18 10 1331 1811 10
474 339 60 20 664 1144 10
274 394 23 20 1435 1915 10
553 346 57 20 1053 1533 10
175 343 49 10 880 1360 10
990 393 12 10 1057 1537 10
732 340 54 10 771 1251 10
846 386 13 10 1168 1648 10
287 346 60 10 1105 1585 10
819 347 62 10 1154 1634 10
57 389 11 20 1113 1593 10
1000 341 58 10 715 1195 10
452 397 18 10 988 1468 10
646 351 5 12 1804 2284 10
377 397 20 20 940 1420 10
901 394 47 5 1072 1552 10
223 393 20 20 1383 1863 10
364 398 20 20 896 1376 10
22 347 54 10 1000 1480 10
952 384 16 20 1222 1702 10
198 389 17 10 1283 1763 10
96 371 71 21 967 1447 10
751 342 54 20 819 1299 10
721 344 62 10 1206 1686 10
142 343 62 10 1250 1730 10
941 343 47 20 928 1408 10
908 365 28 9 893 1373 10
844 398 23 10 844 1324 10
676 335 57 30 604 1084 10
