r1_10_4

VEHICLE
NUMBER  CAPACITY
250   200

CUSTOMER
CUST NO. XCOORD. YCOORD. DEMAND READY TIME DUE DATE SERVICE TIME

0  250  250   0   0  1925   0
497 380 194 3 0 1774 10
921 343 166 28 0 1790 10
209 398 210 31 0 1762 10
686 355 174 33 0 1786 10
163 384 149 18 0 1748 10
159 404 207 6 0 1756 10
924 420 224 10 0 1744 10
286 361 178 5 0 1783 10
826 439 222 22 0 1724 10
372 344 203 14 0 1810 10
960 391 202 14 0 1767 10
54 423 221 9 0 1740 10
471 354 156 20 0 1775 10
406 397 153 29 0 1739 10
56 386 154 31 0 1749 10
870 432 199 7 0 1726 10
454 423 170 27 0 1725 10
613 333 163 32 0 1795 10
745 415 207 18 0 1745 10
787 363 225 35 0 1800 10
202 343 205 26 0 1812 10
827 386 225 13 0 1777 10
973 401 164 13 0 1742 10
876 364 173 30 0 1778 10
894 347 192 18 0 1802 10
139 409 155 19 0 1730 10
108 350 199 21 0 1803 10
