r1_10_4

VEHICLE
NUMBER  CAPACITY
250   200

CUSTOMER
CUST NO. XCOORD. YCOORD. DEMAND READY TIME DUE DATE SERVICE TIME

0  250  250   0   0  1925   0
100 492 188 33 0 1666 10
83 470 138 16 0 1669 10
598 480 131 5 0 1657 10
195 498 171 12 0 1655 10
974 480 119 7 0 1651 10
477 415 118 19 0 1704 10
94 452 172 9 0 1699 10
357 461 186 16 0 1695 10
725 484 224 7 0 1680 10
602 489 159 29 0 1660 10
648 482 184 14 0 1674 10
558 436 123 40 0 1690 10
538 494 165 19 0 1657 10
818 452 110 14 0 1670 10
109 500 228 8 0 1665 10
506 454 201 16 0 1706 10
953 495 83 32 0 1619 10
568 442 153 29 0 1700 10
562 480 152 26 0 1665 10
351 413 127 28 0 1711 10
326 493 111 26 0 1636 10
422 461 195 26 0 1697 10
46 480 136 22 0 1659 10
168 488 173 25 0 1665 10
839 429 169 8 0 1719 10
575 447 184 27 0 1708 10
535 482 104 19 0 1641 10
169 439 156 2 0 1704 10
359 471 94 30 0 1645 10
399 481 207 34 0 1681 10
975 488 96 22 0 1632 10
269 495 227 20 0 1669 10
711 438 127 2 0 1691 10
288 456 157 20 0 1689 10
756 461 182 13 0 1694 10
397 475 198 20 0 1685 10
988 495 199 25 0 1665 10
679 435 180 37 0 1718 10
