r2_10_4

VEHICLE
NUMBER  CAPACITY
250   1000

CUSTOMER
CUST NO. XCOORD. YCOORD. DEMAND READY TIME DUE DATE SERVICE TIME

0  250  250   0   0  7697   0
254 363 225 35 3426 3541 10
136 330 147 28 3383 3525 10
363 397 153 29 3507 3673 10
751 482 184 14 4437 4538 10
926 350 199 21 4787 4945 10
356 426 231 24 4102 4245 10
74 488 173 25 4836 4966 10
559 475 198 20 3335 3466 10
444 442 153 29 4765 4865 10
233 343 166 28 3512 3616 10
234 482 141 14 4028 4178 10
773 415 207 18 3588 3731 10
643 429 169 8 3607 3735 10
