r2_10_9

VEHICLE
NUMBER  CAPACITY
250   1000

CUSTOMER
CUST NO. XCOORD. YCOORD. DEMAND READY TIME DUE DATE SERVICE TIME

0  250  250   0   0  7697   0
78 498 171 12 4724 5447 10
542 330 281 14 5198 5566 10
969 405 187 34 4814 5311 10
577 492 326 19 4625 5127 10
252 402 277 5 5641 5986 10
270 489 338 17 5551 5747 10
287 360 294 9 5621 5841 10
441 489 159 29 5699 5843 10
74 488 173 25 4632 5170 10
568 365 190 22 5762 6178 10
779 347 192 18 5841 6185 10
97 454 201 16 5210 5349 10
926 350 199 21 4761 4970 10
229 359 246 18 5531 5972 10
652 337 232 2 6227 6458 10
733 418 251 21 4564 5131 10
105 461 186 16 5717 6501 10
472 433 319 11 5506 5624 10
35 461 195 26 5426 5855 10
519 374 260 27 6952 7366 10
658 366 260 23 5965 6316 10
410 409 255 23 5941 6358 10
730 418 269 3 4771 4987 10
881 351 233 21 5530 5972 10
