c1_10_2

VEHICLE
NUMBER   CAPACITY
250     200

CUSTOMER
CUST NO. XCOORD.  YCOORD.  DEMAND  READY TIME DUE DATE  SERVICE TIME

0   250    250     0     0    1824     0
587 488 96 10 909 973 90
932 441 65 10 0 1469 90
957 485 95 10 281 351 90
832 440 63 20 886 934 90
35 435 68 10 0 1475 90
270 440 61 30 971 1032 90
164 474 96 30 271 327 90
323 476 94 20 334 396 90
825 439 67 10 322 386 90
806 489 87 20 451 499 90
877 478 118 20 1058 1121 90
419 481 96 20 526 577 90
146 435 62 30 1156 1218 90
710 493 91 30 542 599 90
961 492 95 30 0 1447 90
370 446 63 20 697 750 90
622 478 102 10 704 775 90
787 485 86 20 349 413 90
450 476 102 20 797 866 90
242 477 97 10 421 495 90
831 492 94 10 724 787 90
868 446 65 20 516 566 90
827 443 64 30 779 854 90
171 437 61 10 1063 1127 90
58 489 101 20 0 1453 90
179 478 99 10 0 1461 90
318 494 94 10 634 692 90
154 446 64 10 600 665 90
290 467 114 10 1159 1223 90
