c1_10_2

VEHICLE
NUMBER   CAPACITY
250     200

CUSTOMER
CUST NO. XCOORD.  YCOORD.  DEMAND  READY TIME DUE DATE  SERVICE TIME

0   250    250     0     0    1824     0
227 90 232 10 682 732 90
161 91 235 10 1140 1188 90
828 92 234 10 0 1576 90
920 91 231 30 579 652 90
153 90 285 40 981 1042 90
906 89 270 10 590 647 90
174 91 268 10 869 931 90
433 93 235 10 951 1012 90
819 95 235 10 155 227 90
246 95 234 10 315 362 90
680 88 287 30 0 1568 90
986 85 288 20 329 386 90
813 100 266 20 207 275 90
723 92 230 20 0 1575 90
567 92 236 20 1041 1104 90
586 89 272 10 498 555 90
818 79 291 10 519 568 90
999 94 235 20 227 266 90
541 86 268 10 689 735 90
411 90 296 20 0 1568 90
862 96 244 10 1332 1380 90
811 95 277 20 1057 1121 90
886 91 266 10 0 1575 90
850 92 233 10 768 830 90
938 80 290 10 420 484 90
463 90 274 20 411 458 90
27 87 285 30 709 764 90
189 88 286 10 795 859 90
71 90 237 20 0 1574 90
563 89 290 20 225 300 90
840 96 270 20 308 367 90
910 80 286 10 0 1561 90
943 92 232 10 0 1575 90
116 102 264 10 148 215 90
522 92 270 20 954 1029 90
