c1_10_2

VEHICLE
NUMBER   CAPACITY
250     200

CUSTOMER
CUST NO. XCOORD.  YCOORD.  DEMAND  READY TIME DUE DATE  SERVICE TIME

0   250    250     0     0    1824     0
493 119 223 10 853 906 90
604 112 217 20 383 443 90
742 112 219 20 469 541 90
424 148 206 20 458 506 90
8 89 216 10 495 562 90
394 131 226 20 121 183 90
703 116 225 20 752 820 90
728 152 207 20 824 877 90
65 152 206 10 910 973 90
695 92 223 10 0 1574 90
543 121 218 20 191 257 90
40 129 223 20 274 340 90
119 124 219 20 571 615 90
880 114 225 30 0 1596 90
441 128 225 10 0 1610 90
66 99 218 30 154 205 90
781 116 221 30 571 627 90
902 121 219 20 132 203 90
109 148 211 20 167 233 90
282 123 222 30 376 430 90
129 93 213 30 0 1573 90
778 96 213 30 0 1576 90
23 131 220 30 0 1612 90
77 143 207 30 0 1619 90
821 91 217 10 692 738 90
90 149 203 10 553 597 90
679 115 218 10 298 341 90
524 132 223 30 0 1613 90
491 87 217 10 0 1568 90
610 126 220 20 0 1607 90
298 122 216 10 461 537 90
519 151 207 10 0 1627 90
186 154 207 20 0 1629 90
545 98 215 20 218 278 90
297 95 224 20 0 1577 90
150 92 216 10 0 1573 90
473 152 210 20 105 163 90
395 150 204 20 639 694 90
383 95 218 20 873 927 90
417 146 205 10 0 1621 90
