rc1_10_5

VEHICLE
NUMBER  CAPACITY
250   200

CUSTOMER
CUST NO. XCOORD. YCOORD. DEMAND READY TIME DUE DATE SERVICE TIME

0  250  250   0   0  1821   0
270 178 135 21 1490 1568 10
384 295 247 12 1298 1339 10
911 214 274 24 1356 1413 10
396 203 211 20 1283 1360 10
420 209 212 18 1512 1574 10
317 241 180 13 1696 1724 10
158 188 151 7 1261 1363 10
115 264 180 33 1602 1740 10
53 226 175 23 1678 1733 10
269 307 249 10 1379 1405 10
590 244 277 18 1272 1360 10
795 274 261 20 1696 1747 10
735 228 260 12 1580 1662 10
427 225 269 30 1272 1300 10
153 212 186 11 1663 1737 10
406 267 162 6 1440 1488 10
744 215 282 21 1405 1506 10
214 286 244 31 1252 1345 10
302 157 269 31 1577 1606 10
799 146 188 6 1222 1278 10
580 303 186 10 1325 1413 10
872 199 203 20 1440 1504 10
790 314 205 22 1504 1580 10
527 306 229 10 1310 1360 10
368 246 314 36 1451 1470 10
757 272 234 26 1587 1624 10
531 308 199 14 1502 1544 10
291 291 213 23 1247 1298 10
714 217 207 26 1342 1453 10
