r1_10_6

VEHICLE
NUMBER  CAPACITY
250   200

CUSTOMER
CUST NO. XCOORD. YCOORD. DEMAND READY TIME DUE DATE SERVICE TIME

0  250  250   0   0  1925   0
589 306 229 10 1320 1350 10
257 295 247 12 1303 1333 10
267 308 199 14 1508 1538 10
751 268 288 26 1267 1297 10
384 224 320 36 1284 1314 10
478 240 255 33 1611 1641 10
253 246 314 36 1445 1475 10
845 264 180 33 1681 1711 10
729 199 203 20 1457 1487 10
297 314 205 22 1527 1557 10
51 203 211 20 1306 1336 10
239 230 320 8 1192 1222 10
61 261 201 15 1514 1544 10
664 162 301 16 1613 1643 10
516 217 207 26 1382 1412 10
844 221 269 14 1265 1295 10
632 226 175 23 1694 1724 10
610 248 214 19 1479 1509 10
866 240 240 35 1700 1730 10
65 299 285 3 1254 1284 10
970 273 255 18 1492 1522 10
527 244 277 18 1301 1331 10
320 291 213 23 1258 1288 10
106 241 180 13 1695 1725 10
898 218 271 16 1574 1604 10
173 248 176 32 1401 1431 10
264 167 291 27 1634 1664 10
877 274 261 20 1707 1737 10
918 164 332 19 1280 1310 10
559 286 244 31 1284 1314 10
541 272 234 26 1590 1620 10
586 157 269 31 1576 1606 10
144 181 185 19 1614 1644 10
625 197 202 29 1204 1234 10
214 212 186 11 1722 1752 10
687 228 260 12 1606 1636 10
101 267 174 34 1618 1648 10
461 215 282 21 1440 1470 10
831 307 249 10 1377 1407 10
