c1_10_7

VEHICLE
NUMBER  CAPACITY
250   200

CUSTOMER
CUST NO. XCOORD. YCOORD. DEMAND READY TIME DUE DATE SERVICE TIME

0  250  250   0   0  1824   0
951 341 257 20 367 547 90
155 312 264 20 65 245 90
963 371 193 20 133 313 90
72 321 280 30 79 259 90
402 355 180 30 222 402 90
801 374 190 20 228 408 90
997 332 249 30 82 262 90
466 375 191 30 412 592 90
365 337 241 20 278 458 90
120 335 243 20 371 551 90
224 315 260 10 160 340 90
638 321 277 10 75 255 90
87 337 251 10 87 267 90
456 357 181 20 314 494 90
312 317 261 20 346 526 90
924 311 266 10 63 243 90
585 339 244 30 185 365 90
694 342 254 10 183 363 90
69 337 256 20 87 267 90
565 359 179 20 407 587 90
796 343 254 20 274 454 90
726 371 192 30 135 315 90
590 316 258 20 253 433 90
337 318 280 20 262 442 90
987 376 190 30 320 500 90
613 320 283 30 356 536 90
573 320 280 10 170 350 90
836 335 255 20 85 265 90
