c2_10_1

VEHICLE
NUMBER  CAPACITY
250   700

CUSTOMER
CUST NO. XCOORD. YCOORD. DEMAND READY TIME DUE DATE SERVICE TIME

0  250  250   0   0  3914   0
263 70 482 20 2351 2511 90
125 67 485 40 2166 2326 90
703 54 485 30 1773 1933 90
235 85 486 30 2638 2798 90
83 66 491 20 2070 2230 90
207 94 479 20 2830 2990 90
226 73 484 20 2445 2605 90
972 60 497 10 1877 2037 90
232 69 493 20 1977 2137 90
160 95 475 20 2925 3085 90
225 94 456 20 3124 3284 90
145 77 483 20 2539 2699 90
799 69 485 10 2258 2418 90
956 87 481 10 2733 2893 90
45 95 466 10 3024 3184 90
