r2_10_9

VEHICLE
NUMBER  CAPACITY
250   1000

CUSTOMER
CUST NO. XCOORD. YCOORD. DEMAND READY TIME DUE DATE SERVICE TIME

0  250  250   0   0  7697   0
1000 26 342 12 996 1691 10
337 96 346 26 697 905 10
879 13 394 15 1452 1649 10
456 77 372 19 653 1040 10
280 12 367 27 1194 1532 10
278 94 344 26 2660 2917 10
889 50 383 20 865 1335 10
111 93 413 17 678 1133 10
587 29 358 23 2328 2678 10
405 95 382 19 746 1223 10
54 67 352 20 1388 1717 10
635 10 407 36 1649 1947 10
530 126 391 19 992 1310 10
815 11 403 18 1286 1577 10
208 80 357 1 2028 2336 10
561 62 375 16 1316 1594 10
161 59 388 20 2452 2970 10
327 29 336 22 1318 1455 10
686 46 389 22 908 1266 10
209 67 378 26 1680 2204 10
255 65 343 38 625 1154 10
