r2_10_4

VEHICLE
NUMBER   CAPACITY
250     1000

CUSTOMER
CUST NO. XCOORD.  YCOORD.  DEMAND  READY TIME DUE DATE  SERVICE TIME

0   250    250     0     0    7697     0
156 448 414 23 0 7430 10
205 398 341 33 0 7514 10
451 451 305 13 0 7479 10
493 297 304 4 0 7616 10
322 260 472 33 4143 4265 10
578 347 459 25 0 7457 10
716 299 285 3 4991 5160 10
968 410 399 25 983 1007 10
759 355 485 10 0 7430 10
529 394 310 10 4410 4498 10
454 318 280 21 254 340 10
945 466 362 15 0 7444 10
600 487 320 21 0 7440 10
197 373 421 21 0 7477 10
849 279 355 9 0 7579 10
388 450 416 25 2281 2453 10
836 414 378 23 1961 2117 10
128 457 492 7 0 7369 10
755 489 437 29 0 7384 10
604 428 302 27 0 7502 10
276 371 423 10 0 7476 10
542 330 281 14 0 7602 10
252 402 277 5 0 7533 10
989 380 350 15 3462 3589 10
468 328 458 17 0 7465 10
837 475 352 33 0 7440 10
864 421 386 29 0 7469 10
96 440 436 18 3549 3706 10
380 411 379 25 0 7481 10
260 332 382 2 0 7532 10
760 441 374 10 873 1034 10
988 413 391 8 0 7472 10
5 370 382 11 0 7509 10
151 497 266 25 0 7440 10
270 489 338 17 5551 5746 10
335 377 385 6 3486 3564 10
163 332 459 35 0 7463 10
121 470 405 17 3694 3832 10
573 489 457 13 0 7371 10
34 346 354 8 3260 3399 10
24 371 488 10 2285 2497 10
4 340 291 22 1893 1991 10
936 345 431 12 0 7483 10
313 267 290 15 111 236 10
937 370 262 15 0 7567 10
159 425 448 9 3152 3324 10
122 448 397 33 0 7441 10
220 298 264 36 147 253 10
974 259 498 33 0 7439 10
286 267 374 23 0 7562 10
509 486 324 15 0 7440 10
641 381 457 28 0 7443 10
819 452 484 26 0 7378 10
715 478 300 12 0 7454 10
664 368 311 14 0 7555 10
863 436 467 12 0 7402 10
28 490 286 29 0 7445 10
560 371 427 23 0 7473 10
250 299 353 34 0 7573 10
543 438 488 18 1304 1433 10
164 469 489 4 0 7363 10
489 283 438 3 0 7497 10
745 457 280 17 4013 4105 10
172 360 488 19 1252 1393 10
730 418 269 3 0 7518 10
481 334 403 26 620 776 10
958 463 406 23 0 7423 10
213 352 481 15 5136 5261 10
680 421 387 15 0 7468 10
982 370 493 22 0 7416 10
101 440 294 16 0 7492 10
483 411 396 23 0 7470 10
722 493 493 20 0 7344 10
677 387 349 9 0 7518 10
301 340 416 36 1293 1396 10
195 405 454 11 0 7431 10
355 283 454 14 0 7481 10
162 468 360 16 0 7443 10
592 429 476 23 2314 2392 10
964 294 421 26 6292 6431 10
314 453 318 30 0 7473 10
897 406 408 15 0 7465 10
436 342 319 36 0 7572 10
976 277 428 7 0 7507 10
520 297 283 28 0 7630 10
567 331 356 13 0 7554 10
700 396 417 13 0 7466 10
183 263 418 25 0 7519 10
462 360 284 19 2660 2792 10
320 330 308 24 0 7589 10
66 366 390 23 5266 5400 10
353 499 316 18 0 7430 10
271 334 481 32 0 7442 10
999 373 418 6 0 7479 10
419 379 486 22 0 7419 10
269 286 356 30 354 542 10
200 412 478 7 3851 3946 10
584 489 274 31 0 7447 10
615 368 452 16 2673 2806 10
201 374 346 27 0 7531 10
539 270 337 20 0 7598 10
221 307 412 8 0 7516 10
472 433 319 11 5509 5621 10
251 273 300 30 0 7632 10
691 485 428 22 0 7393 10
621 448 404 15 2407 2505 10
61 453 360 13 858 990 10
872 313 391 5 0 7533 10
555 449 428 25 4966 5129 10
263 471 368 19 0 7437 10
550 423 315 12 0 7503 10
940 468 352 9 0 7447 10
902 352 487 27 0 7429 10
359 397 477 13 0 7417 10
46 348 476 19 0 7441 10
747 330 371 1 0 7542 10
109 465 367 14 0 7443 10
854 284 457 17 6018 6090 10
487 268 288 26 0 7645 10
282 255 487 19 0 7450 10
211 498 457 15 0 7364 10
961 447 267 19 0 7490 10
479 381 328 12 0 7535 10
69 424 288 13 0 7509 10
181 284 319 17 3270 3384 10
374 394 322 12 0 7527 10
391 351 481 10 1284 1410 10
935 421 499 23 0 7385 10
18 398 476 25 0 7417 10
577 492 326 19 4863 4890 10
713 392 491 10 0 7408 10
453 272 420 7 0 7516 10
513 442 289 25 0 7492 10
332 366 334 5 0 7544 10
23 413 476 34 4729 4823 10
351 382 360 26 0 7516 10
843 268 458 24 0 7479 10
852 359 287 24 0 7572 10
82 497 296 14 0 7436 10
420 440 284 25 0 7494 10
346 288 439 16 0 7495 10
99 420 383 27 0 7472 10
247 413 493 26 4894 4971 10
772 366 288 29 0 7565 10
73 343 276 15 321 451 10
653 262 369 15 0 7568 10
85 422 498 5 0 7386 10
123 471 427 8 0 7404 10
554 497 483 12 1407 1541 10
352 406 460 2 2868 3006 10
439 448 495 40 0 7372 10
9 295 283 26 3538 3728 10
821 498 456 27 0 7365 10
893 490 276 33 0 7446 10
112 371 332 14 0 7541 10
90 311 422 29 0 7505 10
403 475 267 7 0 7462 10
242 385 285 13 3478 3586 10
727 371 315 18 0 7550 10
334 481 454 14 0 7379 10
614 495 355 3 0 7421 10
846 398 329 17 0 7520 10
917 357 290 24 0 7573 10
285 487 446 9 0 7380 10
873 413 345 20 4872 4993 10
517 329 456 19 0 7467 10
287 360 294 9 0 7569 10
929 333 293 27 2494 2563 10
532 354 416 10 2719 2836 10
189 401 314 25 3875 4057 10
564 376 385 12 0 7503 10
840 429 389 18 1700 1812 10
261 408 318 15 0 7515 10
296 274 442 17 0 7494 10
750 257 391 22 0 7546 10
358 404 439 3 0 7444 10
551 395 474 26 0 7421 10
434 470 417 11 0 7411 10
882 313 493 20 0 7436 10
341 494 468 31 1417 1523 10
38 328 491 21 2702 2845 10
927 405 349 15 0 7504 10
682 434 359 13 0 7474 10
199 322 406 17 0 7516 10
389 287 397 12 0 7536 10
954 336 493 20 0 7430 10
58 322 290 23 0 7605 10
904 418 399 20 0 7463 10
33 447 383 17 889 1013 10
207 325 311 22 5290 5409 10
956 492 335 10 3316 3430 10
594 365 274 14 395 545 10
154 268 351 7 0 7585 10
413 274 441 12 0 7495 10
135 318 497 21 0 7431 10
808 387 394 8 0 7489 10
511 440 292 24 0 7493 10
459 460 328 13 0 7463 10
203 261 359 10 0 7578 10
726 436 295 11 0 7496 10
977 290 328 7 555 714 10
817 473 491 23 0 7359 10
714 342 481 18 5769 5871 10
569 256 441 34 0 7496 10
972 479 387 13 0 7421 10
791 433 447 20 3179 3294 10
812 447 272 12 0 7489 10
86 460 424 11 0 7415 10
226 377 432 20 0 7466 10
707 348 348 23 0 7549 10
766 312 453 6 0 7475 10
681 274 403 17 0 7533 10
874 278 450 29 0 7486 10
688 491 369 28 2891 3065 10
725 374 306 4 0 7551 10
