c1_10_1

VEHICLE
NUMBER  CAPACITY
250   200

CUSTOMER
CUST NO. XCOORD. YCOORD. DEMAND READY TIME DUE DATE SERVICE TIME

0  250  250   0   0  1824   0
659 363 22 20 964 1025 90
12 270 49 30 925 970 90
589 235 50 30 813 896 90
25 287 143 10 748 793 90
88 366 20 10 874 927 90
165 346 57 20 925 1002 90
348 307 108 10 777 847 90
405 314 124 20 775 836 90
838 292 41 10 733 804 90
665 379 82 10 827 884 90
192 269 48 20 823 889 90
730 361 17 20 777 832 90
230 348 147 10 845 914 90
145 343 47 20 738 805 90
366 269 46 20 733 794 90
241 348 145 20 763 813 90
169 346 150 20 948 998 90
26 379 80 20 737 789 90
814 288 53 40 925 997 90
548 313 126 10 873 923 90
64 238 46 40 735 784 90
803 347 54 10 836 904 90
340 366 93 20 936 989 90
697 290 46 20 832 896 90
1000 287 144 20 827 895 90
