rc2_10_9

VEHICLE
NUMBER  CAPACITY
250   1000

CUSTOMER
CUST NO. XCOORD. YCOORD. DEMAND READY TIME DUE DATE SERVICE TIME

0  250  250   0   0  7284   0
858 12 463 20 1263 1743 10
32 18 462 20 1411 1891 10
782 58 449 30 1271 1751 10
358 16 463 20 1319 1799 10
812 44 496 32 1427 1907 10
689 59 457 30 1157 1637 10
366 63 444 20 1339 1819 10
980 49 437 7 1530 2010 10
924 17 459 10 1508 1988 10
966 12 451 20 1006 1486 10
279 8 497 40 1451 1931 10
987 67 452 30 898 1378 10
550 16 462 10 1363 1843 10
554 14 459 20 1163 1643 10
9 25 499 10 1600 2080 10
783 16 460 20 1463 1943 10
833 77 465 11 864 1344 10
461 17 458 10 1552 2032 10
739 53 466 9 1160 1640 10
664 51 447 10 998 1478 10
157 62 453 10 999 1479 10
609 65 453 30 947 1427 10
102 54 445 10 1052 1532 10
586 53 440 10 1112 1592 10
703 59 459 20 1065 1545 10
625 13 455 10 1063 1543 10
489 21 487 10 1221 1701 10
705 55 449 20 874 1354 10
397 16 497 20 1523 2003 10
925 66 448 10 841 1321 10
318 21 485 30 1173 1653 10
624 20 488 10 1309 1789 10
62 20 489 10 1353 1833 10
12 60 454 10 1209 1689 10
606 21 488 10 1265 1745 10
309 58 458 10 1111 1591 10
905 18 484 10 1120 1600 10
268 49 451 20 940 1420 10
376 15 457 20 1114 1594 10
589 13 459 20 1207 1687 10
335 50 438 20 1167 1647 10
975 5 445 30 1064 1544 10
704 24 492 10 1668 2148 10
747 26 490 10 1719 2199 10
593 22 483 30 1064 1544 10
