r2_10_3

VEHICLE
NUMBER  CAPACITY
250   1000

CUSTOMER
CUST NO. XCOORD. YCOORD. DEMAND READY TIME DUE DATE SERVICE TIME

0  250  250   0   0  7697   0
103 144 331 13 3709 3860 10
395 68 303 22 904 987 10
490 191 215 17 211 338 10
588 62 236 29 2238 2345 10
384 178 302 19 3553 3659 10
611 89 185 16 2401 2517 10
668 80 251 14 1215 1334 10
709 61 214 4 1309 1545 10
736 55 318 13 1250 1365 10
59 159 226 16 314 439 10
417 83 300 26 1987 2131 10
186 89 322 21 4099 4186 10
27 261 201 15 6060 6172 10
807 228 287 21 97 248 10
979 40 304 16 4559 4718 10
368 134 211 35 458 626 10
548 221 291 9 184 305 10
752 222 331 10 2158 2279 10
273 226 175 23 6798 6871 10
698 71 304 19 2745 2888 10
983 136 265 12 390 530 10
187 180 283 23 2963 3107 10
944 209 212 18 6142 6200 10
307 235 316 2 2616 2751 10
313 267 290 15 111 236 10
165 248 176 32 5579 5753 10
625 115 296 24 6112 6239 10
811 44 311 27 1631 1749 10
241 164 332 19 5107 5250 10
953 86 189 21 906 1028 10
912 215 282 21 5764 5879 10
87 246 314 36 5773 5910 10
855 64 294 12 4402 4528 10
557 214 274 24 5490 5583 10
835 37 281 17 1940 2125 10
239 103 177 28 2494 2637 10
487 268 288 26 5075 5181 10
142 28 180 34 1551 1653 10
866 9 233 31 1227 1343 10
306 133 202 33 1827 1978 10
77 176 200 17 2266 2394 10
113 231 167 15 246 435 10
190 245 176 20 4943 5055 10
415 212 186 11 6893 6999 10
72 215 293 13 128 315 10
896 244 277 18 5204 5326 10
433 66 163 6 1566 1718 10
996 32 319 21 1621 1703 10
235 162 306 22 494 580 10
257 60 246 25 704 816 10
426 162 301 16 6423 6601 10
710 240 240 35 6820 6897 10
980 56 268 28 4268 4364 10
775 197 202 29 4784 4966 10
806 172 292 17 370 485 10
984 247 306 33 182 266 10
947 206 172 29 3131 3293 10
593 161 275 21 5370 5524 10
471 131 246 17 3348 3429 10
39 161 276 8 476 711 10
734 57 183 15 4375 4548 10
364 226 316 21 234 328 10
899 130 186 16 513 656 10
986 180 162 9 653 855 10
317 120 261 5 3154 3312 10
108 34 239 16 896 975 10
946 201 278 13 170 282 10
338 224 320 36 5187 5202 10
767 64 198 10 4346 4482 10
174 18 225 8 2757 2893 10
8 117 178 28 4484 4574 10
888 248 214 19 5955 5999 10
993 287 256 18 61 239 10
303 230 320 8 4770 4887 10
463 82 183 17 4444 4490 10
399 79 257 26 3803 3942 10
943 206 174 14 3201 3318 10
476 118 314 26 1315 1505 10
95 240 255 33 6404 6604 10
293 72 227 25 2258 2373 10
869 46 248 9 3237 3394 10
466 32 191 5 2344 2465 10
898 265 240 9 21 123 10
304 6 196 20 4772 4973 10
400 181 185 19 6436 6594 10
705 66 314 26 723 835 10
89 166 247 1 291 382 10
498 68 240 11 3176 3300 10
978 146 313 22 4793 4890 10
279 153 235 10 324 462 10
184 218 271 16 6280 6429 10
20 179 286 8 1380 1469 10
867 110 251 23 2007 2095 10
222 53 204 8 4206 4354 10
536 111 178 18 593 659 10
130 97 288 22 5142 5251 10
302 13 214 21 5428 5520 10
991 86 199 23 1114 1228 10
57 33 278 18 5910 6108 10
411 228 260 12 6450 6514 10
955 7 194 29 3784 3947 10
795 171 188 30 2481 2604 10
137 241 180 13 6789 6887 10
602 1 252 5 1103 1218 10
452 225 269 30 5082 5205 10
349 195 273 22 156 320 10
469 133 273 20 419 535 10
316 210 276 5 138 243 10
204 173 182 25 383 438 10
580 272 234 26 6353 6489 10
