r2_10_3

VEHICLE
NUMBER  CAPACITY
250   1000

CUSTOMER
CUST NO. XCOORD. YCOORD. DEMAND READY TIME DUE DATE SERVICE TIME

0  250  250   0   0  7697   0
563 13 314 14 0 7442 10
398 26 221 28 0 7462 10
640 43 210 20 0 7477 10
390 285 247 13 0 7652 10
671 179 318 2 0 7589 10
191 251 238 27 0 7675 10
232 0 188 26 0 7430 10
414 146 188 6 0 7566 10
345 14 232 18 0 7451 10
492 71 282 29 0 7506 10
44 45 166 22 0 7466 10
120 38 190 23 0 7467 10
950 274 261 20 0 7661 10
329 157 269 31 0 7593 10
43 87 213 18 0 7520 10
62 34 169 11 0 7457 10
667 171 303 18 0 7592 10
804 23 235 43 0 7460 10
741 159 299 12 0 7584 10
782 176 199 28 0 7598 10
343 5 281 16 0 7441 10
805 213 185 21 0 7613 10
266 60 231 32 0 7497 10
107 153 192 13 0 7574 10
406 67 190 25 0 7495 10
848 229 322 11 0 7612 10
30 39 162 18 0 7459 10
482 83 290 14 0 7516 10
56 40 278 10 0 7476 10
721 46 163 8 0 7466 10
748 10 237 19 0 7447 10
170 250 328 24 0 7609 10
973 167 291 27 0 7595 10
283 149 214 7 0 7580 10
674 31 175 24 0 7456 10
754 47 208 30 0 7480 10
42 111 192 11 0 7537 10
76 153 244 5 0 7590 10
951 219 215 32 0 7641 10
387 16 287 12 0 7451 10
7 36 301 21 0 7468 10
36 187 263 35 0 7623 10
647 61 170 20 0 7482 10
553 199 203 20 0 7618 10
606 223 178 20 0 7611 10
116 280 245 21 0 7657 10
887 190 267 36 0 7625 10
284 169 305 21 0 7590 10
626 69 266 12 0 7506 10
992 91 326 4 0 7511 10
318 35 263 27 0 7472 10
277 5 224 19 0 7441 10
381 219 210 14 0 7637 10
802 211 248 26 0 7648 10
816 144 220 35 0 7577 10
994 203 211 20 0 7626 10
778 74 215 10 0 7508 10
292 19 273 25 0 7455 10
583 214 311 14 0 7617 10
556 100 266 5 0 7537 10
933 34 329 2 0 7458 10
629 33 268 18 0 7470 10
336 217 207 26 0 7633 10
547 214 245 8 0 7651 10
397 134 276 15 0 7569 10
350 233 230 20 0 7661 10
581 134 194 19 0 7559 10
649 87 311 7 0 7513 10
49 24 259 19 0 7461 10
71 59 276 11 0 7495 10
139 235 288 18 0 7647 10
654 41 232 16 0 7478 10
818 210 219 7 0 7637 10
503 247 219 17 0 7656 10
6 273 255 18 0 7664 10
323 217 333 26 0 7598 10
421 175 239 23 0 7612 10
37 130 247 17 0 7567 10
850 266 221 9 0 7654 10
225 83 169 21 0 7502 10
12 48 162 15 0 7467 10
179 221 269 14 0 7653 10
702 164 320 12 0 7577 10
140 94 192 1 0 7521 10
689 33 286 11 0 7468 10
662 181 260 23 0 7618 10
131 172 314 9 0 7587 10
910 48 293 22 0 7481 10
495 80 279 19 0 7515 10
160 92 259 4 0 7529 10
911 105 181 19 0 7527 10
931 2 264 40 0 7439 10
938 77 172 23 0 7498 10
857 68 160 21 0 7484 10
294 213 283 14 0 7638 10
312 51 286 14 0 7485 10
934 158 179 37 0 7571 10
740 84 255 13 0 7521 10
385 148 208 22 0 7577 10
880 259 301 25 0 7636 10
610 52 303 25 0 7483 10
