c2_10_1

VEHICLE
NUMBER   CAPACITY
250     700

CUSTOMER
CUST NO. XCOORD.  YCOORD.  DEMAND  READY TIME DUE DATE  SERVICE TIME

0   250    250     0     0    3914     0
161 90 298 10 2104 2264 90
716 106 295 20 1053 1213 90
828 91 303 20 2199 2359 90
906 117 319 10 3108 3268 90
272 73 303 10 2397 2557 90
544 91 298 10 2013 2173 90
806 101 295 30 958 1118 90
3 89 284 20 1436 1596 90
399 130 304 10 3175 3335 90
37 90 270 10 565 725 90
243 81 283 10 1624 1784 90
961 102 289 20 1242 1402 90
367 132 314 30 3214 3374 90
41 94 275 10 469 629 90
346 111 279 30 141 301 90
470 109 325 20 3008 3168 90
440 83 301 20 2297 2457 90
100 85 317 30 2607 2767 90
944 96 269 10 965 1125 90
55 80 281 10 1717 1877 90
564 67 302 30 2493 2653 90
642 119 285 40 3063 3223 90
860 76 287 20 1814 1974 90
552 98 286 30 1337 1497 90
656 90 277 30 662 822 90
50 113 289 10 162 322 90
116 96 292 10 862 1022 90
705 83 282 10 1532 1692 90
839 101 290 20 1150 1310 90
618 99 307 20 2714 2874 90
214 95 294 10 770 930 90
595 77 287 10 1905 2065 90
812 105 317 10 2909 3069 90
180 95 279 20 375 535 90
565 114 296 40 259 419 90
378 107 311 40 2813 2973 90
