c2_10_1

VEHICLE
NUMBER   CAPACITY
250     700

CUSTOMER
CUST NO. XCOORD.  YCOORD.  DEMAND  READY TIME DUE DATE  SERVICE TIME

0   250    250     0     0    3914     0
802 56 357 10 1788 1948 90
502 51 364 10 1887 2047 90
418 59 358 20 2358 2518 90
695 50 368 30 1981 2141 90
657 46 341 10 2659 2819 90
458 69 346 10 2962 3122 90
87 58 364 10 2262 2422 90
947 66 359 20 3157 3317 90
747 50 347 10 2562 2722 90
129 43 355 20 1595 1755 90
508 79 346 10 3150 3310 90
112 72 341 10 2866 3026 90
841 67 357 10 3044 3204 90
377 50 343 10 2754 2914 90
199 35 358 20 1497 1657 90
784 44 325 20 3181 3341 90
464 65 357 10 2454 2614 90
33 54 357 10 1696 1856 90
977 71 348 10 3055 3215 90
