c2_10_1

VEHICLE
NUMBER   CAPACITY
250     700

CUSTOMER
CUST NO. XCOORD.  YCOORD.  DEMAND  READY TIME DUE DATE  SERVICE TIME

0   250    250     0     0    3914     0
930 124 247 20 3095 3255 90
424 108 245 20 1730 1890 90
696 121 249 20 2421 2581 90
875 108 222 10 1497 1657 90
122 112 243 20 2321 2481 90
306 110 241 20 2136 2296 90
289 111 244 10 2229 2389 90
60 118 256 10 2519 2679 90
842 128 240 10 3285 3445 90
557 121 236 10 2034 2194 90
476 116 259 20 2613 2773 90
994 109 250 10 1540 1700 90
777 94 247 30 853 1013 90
627 112 251 10 1633 1793 90
855 101 263 20 1156 1316 90
850 103 251 10 1258 1418 90
666 106 248 20 1446 1606 90
903 118 223 10 339 499 90
27 113 229 30 1123 1283 90
532 129 244 30 2908 3068 90
563 104 246 10 1353 1513 90
599 125 226 20 1389 1549 90
551 103 266 30 1062 1222 90
337 95 243 20 759 919 90
150 131 241 10 3378 3538 90
943 83 228 20 649 809 90
694 116 255 20 1239 1399 90
228 119 232 10 1939 2099 90
817 123 242 20 3190 3350 90
504 107 225 30 440 600 90
466 125 245 20 3002 3162 90
277 107 221 40 534 694 90
538 128 249 20 1343 1503 90
316 101 237 20 1831 1991 90
