c2_10_1

VEHICLE
NUMBER   CAPACITY
250     700

CUSTOMER
CUST NO. XCOORD.  YCOORD.  DEMAND  READY TIME DUE DATE  SERVICE TIME

0   250    250     0     0    3914     0
467 52 369 30 2073 2233 90
229 78 375 10 314 474 90
741 59 377 20 2088 2248 90
360 57 367 20 2169 2329 90
317 74 360 40 2856 3016 90
167 46 383 30 1288 1448 90
24 56 388 20 1791 1951 90
307 48 385 20 1008 1168 90
198 67 380 20 2279 2439 90
734 74 363 40 2763 2923 90
412 75 379 30 2567 2727 90
895 47 388 20 1193 1353 90
152 71 368 20 3257 3417 90
251 47 389 30 1102 1262 90
62 78 371 20 220 380 90
754 54 372 20 1991 2151 90
561 87 369 10 201 361 90
82 89 358 20 3471 3631 90
257 81 373 10 590 750 90
644 78 361 10 3448 3608 90
609 86 359 10 3255 3415 90
873 95 356 10 3447 3607 90
517 74 374 20 2662 2822 90
786 80 374 20 499 659 90
868 69 383 10 2470 2630 90
71 59 389 20 1698 1858 90
241 96 356 10 186 346 90
750 50 383 10 1889 2049 90
358 67 377 10 2186 2346 90
763 40 378 20 1386 1546 90
248 73 360 20 2947 3107 90
698 77 360 10 3357 3517 90
459 80 376 40 407 567 90
719 86 361 20 3347 3507 90
426 57 379 20 907 1067 90
51 67 387 10 2376 2536 90
