rc1_10_7

VEHICLE
NUMBER   CAPACITY
250     200

CUSTOMER
CUST NO. XCOORD.  YCOORD.  DEMAND  READY TIME DUE DATE  SERVICE TIME

0   250    250     0     0    1821     0
773 472 481 20 320 407 10
15 408 452 10 260 314 10
95 429 389 18 385 494 10
404 381 495 20 304 371 10
802 449 428 25 1216 1307 10
253 406 450 20 253 349 10
828 419 422 20 251 332 10
84 384 491 20 281 444 10
468 494 468 31 327 419 10
8 328 458 17 754 811 10
962 468 475 10 313 405 10
104 438 488 18 303 384 10
4 352 487 27 888 945 10
499 477 478 20 362 453 10
936 425 448 9 759 860 10
630 405 450 20 253 350 10
1 440 436 18 862 951 10
250 434 359 13 1358 1457 10
164 381 494 10 283 414 10
72 412 478 7 928 1022 10
213 475 480 30 347 442 10
680 380 489 20 359 429 10
289 382 498 10 280 405 10
986 399 450 20 345 403 10
662 411 379 25 1156 1260 10
29 421 387 15 744 889 10
897 418 399 20 412 493 10
892 419 418 10 238 297 10
480 387 488 20 324 429 10
671 408 453 10 257 340 10
353 351 481 10 296 377 10
498 377 385 6 837 925 10
999 470 475 30 314 396 10
200 475 477 20 368 471 10
432 470 405 17 883 998 10
392 493 493 20 832 910 10
88 334 403 26 174 298 10
3 476 483 10 337 403 10
639 376 494 30 274 376 10
939 470 473 10 422 469 10
98 414 378 23 459 561 10
49 340 416 36 296 376 10
211 411 421 20 283 377 10
409 347 459 25 433 556 10
577 471 368 19 389 498 10
332 420 383 27 966 1028 10
256 329 456 19 237 292 10
702 421 415 30 237 303 10
712 398 476 25 355 512 10
582 412 453 10 259 375 10
431 413 421 10 262 373 10
848 473 475 10 383 481 10
439 332 459 35 362 406 10
949 477 483 20 337 424 10
821 416 420 20 289 321 10
194 448 404 15 545 683 10
893 336 493 20 1470 1546 10
651 489 437 29 669 775 10
598 479 387 13 362 463 10
463 318 497 21 814 924 10
482 491 369 28 698 792 10
774 422 420 20 253 303 10
70 421 386 29 802 876 10
798 422 409 10 234 363 10
915 374 489 20 269 407 10
831 448 414 23 1201 1275 10
512 416 417 20 296 420 10
55 417 417 10 313 381 10
71 404 447 20 250 352 10
524 406 460 2 715 753 10
840 470 417 11 679 825 10
485 313 493 20 1168 1249 10
724 413 391 8 215 320 10
910 433 447 20 784 835 10
39 377 432 20 816 877 10
297 371 423 10 211 290 10
83 498 456 27 1387 1455 10
58 450 416 25 541 643 10
473 413 417 10 341 401 10
179 410 399 25 218 314 10
807 368 452 16 627 743 10
290 457 492 7 485 562 10
459 370 382 11 855 942 10
460 405 454 11 1274 1361 10
719 378 493 30 274 390 10
658 469 489 4 540 601 10
262 405 455 40 281 430 10
948 481 454 14 308 438 10
443 471 484 10 321 414 10
56 419 459 20 273 389 10
649 468 352 9 751 815 10
681 380 498 10 289 336 10
277 379 486 22 637 736 10
378 328 491 21 663 723 10
