c2_10_8

VEHICLE
NUMBER  CAPACITY
250   700

CUSTOMER
CUST NO. XCOORD. YCOORD. DEMAND READY TIME DUE DATE SERVICE TIME

0  250  250   0   0  3914   0
109 32 256 10 661 1301 90
606 46 277 10 349 989 90
622 44 279 10 256 896 90
833 56 287 20 197 837 90
790 34 279 20 1266 1906 90
7 43 269 30 447 1087 90
156 13 266 20 964 1604 90
193 39 278 10 1361 2001 90
212 32 247 20 562 1202 90
978 11 269 10 870 1510 90
619 22 283 30 1073 1713 90
483 26 269 30 765 1405 90
821 47 280 10 205 845 90
92 29 282 10 1170 1810 90
138 54 287 20 199 839 90
363 55 282 40 197 837 90
