c2_10_1

VEHICLE
NUMBER  CAPACITY
250   700

CUSTOMER
CUST NO. XCOORD. YCOORD. DEMAND READY TIME DUE DATE SERVICE TIME

0  250  250   0   0  3914   0
121 63 159 20 1009 1169 90
963 78 141 30 402 562 90
550 95 160 10 179 339 90
985 59 128 20 1496 1656 90
992 57 132 10 1312 1472 90
275 57 131 10 1403 1563 90
914 77 133 10 709 869 90
17 67 153 20 912 1072 90
605 71 139 30 807 967 90
484 53 139 30 1214 1374 90
422 83 151 10 300 460 90
281 94 130 10 601 761 90
480 59 159 10 1103 1263 90
449 96 152 20 197 357 90
313 80 141 30 494 654 90
