r2_10_7

VEHICLE
NUMBER  CAPACITY
250   1000

CUSTOMER
CUST NO. XCOORD. YCOORD. DEMAND READY TIME DUE DATE SERVICE TIME

0  250  250   0   0  7697   0
264 93 490 2 1457 1697 10
875 94 497 31 3069 3309 10
655 69 414 6 4993 5233 10
228 132 479 11 910 1150 10
196 111 392 18 4616 4856 10
633 80 458 30 1422 1662 10
549 79 467 22 1346 1586 10
516 78 406 15 3782 4022 10
665 80 400 10 5725 5965 10
291 76 462 18 3764 4004 10
822 84 453 19 4832 5072 10
111 93 413 17 785 1025 10
627 115 395 11 3201 3441 10
823 91 427 14 3470 3710 10
638 130 494 6 2975 3215 10
