r1_10_4

VEHICLE
NUMBER  CAPACITY
250   200

CUSTOMER
CUST NO. XCOORD. YCOORD. DEMAND READY TIME DUE DATE SERVICE TIME

0  250  250   0   0  1925   0
315 18 225 8 0 1682 10
829 103 177 28 0 1751 10
345 47 208 30 0 1708 10
498 72 227 25 0 1736 10
528 105 181 19 0 1755 10
731 86 199 23 0 1744 10
588 39 153 26 0 1683 10
242 61 170 20 0 1710 10
382 6 196 20 0 1666 10
296 66 163 6 0 1712 10
48 0 188 26 0 1658 10
298 83 169 21 0 1730 10
882 7 194 29 0 1666 10
179 44 140 11 0 1682 10
95 86 189 21 0 1741 10
143 57 183 15 0 1711 10
940 33 152 17 0 1677 10
966 53 204 8 0 1713 10
157 64 135 11 0 1697 10
446 48 150 15 0 1690 10
58 31 175 24 0 1684 10
433 105 140 27 0 1733 10
140 111 178 18 0 1759 10
979 43 135 31 0 1679 10
135 5 224 19 0 1669 10
69 64 198 10 0 1722 10
428 68 160 21 0 1712 10
807 77 172 23 0 1726 10
120 105 137 32 0 1732 10
985 111 192 11 0 1765 10
2 67 190 25 0 1723 10
884 87 213 18 0 1748 10
867 46 163 8 0 1694 10
409 38 190 23 0 1695 10
248 28 180 34 0 1683 10
492 63 155 7 0 1706 10
765 61 214 4 0 1723 10
337 48 162 15 0 1695 10
609 82 183 17 0 1735 10
79 117 178 28 0 1764 10
832 30 155 9 0 1676 10
638 94 192 1 0 1749 10
