r2_10_1

VEHICLE
NUMBER  CAPACITY
250   1000

CUSTOMER
CUST NO. XCOORD. YCOORD. DEMAND READY TIME DUE DATE SERVICE TIME

0  250  250   0   0  7697   0
958 463 406 23 3439 3540 10
560 371 427 23 3811 3974 10
211 498 457 15 3692 3733 10
902 352 487 27 3600 3735 10
940 468 352 9 3031 3235 10
121 470 405 17 3694 3832 10
791 433 447 20 3179 3294 10
205 398 341 33 3775 3858 10
260 332 382 2 4037 4167 10
989 380 350 15 3462 3589 10
199 322 406 17 3294 3460 10
680 421 387 15 3211 3318 10
5 370 382 11 3538 3653 10
335 377 385 6 3486 3564 10
863 436 467 12 2950 3059 10
226 377 432 20 3343 3429 10
707 348 348 23 3705 3893 10
34 346 354 8 3260 3399 10
468 328 458 17 3099 3164 10
700 396 417 13 3261 3340 10
85 422 498 5 2801 2856 10
96 440 436 18 3549 3706 10
123 471 427 8 3256 3395 10
159 425 448 9 3152 3324 10
99 420 383 27 3932 4044 10
434 470 417 11 2961 3053 10
122 448 397 33 3482 3563 10
200 412 478 7 3851 3946 10
567 331 356 13 2859 2956 10
109 465 367 14 4087 4248 10
483 411 396 23 3667 3814 10
755 489 437 29 2809 2965 10
352 406 460 2 2868 3006 10
688 491 369 28 2891 3065 10
864 421 386 29 3310 3404 10
722 493 493 20 3457 3515 10
