r2_10_1

VEHICLE
NUMBER  CAPACITY
250   1000

CUSTOMER
CUST NO. XCOORD. YCOORD. DEMAND READY TIME DUE DATE SERVICE TIME

0  250  250   0   0  7697   0
760 441 374 10 873 1034 10
276 371 423 10 810 878 10
837 475 352 33 1231 1367 10
543 438 488 18 1304 1433 10
172 360 488 19 1252 1393 10
481 334 403 26 620 776 10
988 413 391 8 876 981 10
564 376 385 12 640 837 10
341 494 468 31 1417 1523 10
573 489 457 13 1264 1386 10
301 340 416 36 1293 1396 10
61 453 360 13 858 990 10
163 332 459 35 1479 1591 10
197 373 421 21 939 1080 10
968 410 399 25 983 1007 10
439 448 495 40 1519 1669 10
358 404 439 3 964 1067 10
936 345 431 12 1372 1507 10
271 334 481 32 1323 1440 10
517 329 456 19 1008 1104 10
972 479 387 13 1620 1680 10
677 387 349 9 627 726 10
33 447 383 17 889 1013 10
554 497 483 12 1407 1541 10
391 351 481 10 1284 1410 10
351 382 360 26 696 849 10
551 395 474 26 1545 1670 10
162 468 360 16 1104 1208 10
334 481 454 14 1278 1406 10
