r1_10_10

VEHICLE
NUMBER   CAPACITY
250     200

CUSTOMER
CUST NO. XCOORD.  YCOORD.  DEMAND  READY TIME DUE DATE  SERVICE TIME

0   250    250     0     0    1925     0
429 212 47 20 761 871 10
2 67 190 25 1104 1272 10
95 86 189 21 195 288 10
356 26 67 15 1277 1387 10
993 172 24 17 1416 1519 10
800 206 172 29 738 867 10
638 94 192 1 1038 1152 10
647 46 248 9 784 873 10
529 30 97 23 1168 1283 10
197 45 166 22 960 1096 10
930 187 61 19 501 618 10
388 135 30 12 385 593 10
31 52 18 28 835 909 10
604 66 31 25 1001 1126 10
345 47 208 30 207 372 10
665 1 101 8 1207 1337 10
252 38 15 3 1041 1172 10
507 158 24 18 569 684 10
398 142 30 32 1165 1356 10
632 226 175 23 1656 1761 10
832 30 155 9 1237 1353 10
502 150 68 23 395 481 10
260 236 126 23 124 201 10
500 188 119 44 921 1059 10
492 63 155 7 915 1044 10
151 60 231 32 997 1085 10
673 191 215 17 68 158 10
683 142 80 12 461 553 10
416 26 221 28 947 1075 10
792 131 246 17 793 902 10
765 61 214 4 270 443 10
225 103 123 8 435 574 10
394 159 226 16 94 195 10
573 71 12 2 297 437 10
305 1 252 5 249 345 10
499 238 123 24 737 856 10
307 65 82 13 680 829 10
313 173 182 25 102 209 10
361 130 186 16 136 199 10
53 231 167 15 85 245 10
157 64 135 11 820 947 10
703 176 199 28 89 201 10
433 105 140 27 182 305 10
819 213 185 21 74 184 10
715 62 94 16 911 1020 10
556 66 88 2 756 933 10
281 206 174 14 779 850 10
588 39 153 26 743 882 10
863 62 236 29 519 626 10
966 53 204 8 1028 1112 10
1 171 34 21 1101 1215 10
447 215 79 5 196 282 10
103 210 113 28 640 770 10
246 124 111 15 737 871 10
258 39 162 18 518 642 10
488 87 51 35 493 565 10
210 75 118 21 366 483 10
657 9 233 31 257 386 10
636 140 108 29 1022 1151 10
934 74 215 10 191 297 10
400 174 122 14 540 676 10
680 198 85 28 200 355 10
289 153 244 5 97 254 10
212 134 211 35 122 255 10
483 142 14 18 764 936 10
140 111 178 18 156 298 10
534 18 24 32 588 698 10
813 89 65 16 669 801 10
842 225 121 18 726 770 10
29 41 232 16 209 338 10
30 25 53 23 974 1096 10
634 223 178 20 1090 1212 10
895 102 6 3 1423 1524 10
162 147 30 26 1055 1192 10
111 114 102 21 454 591 10
107 100 85 14 333 399 10
323 134 194 19 1607 1727 10
275 68 53 16 685 823 10
976 149 98 4 1101 1260 10
338 91 27 14 1151 1242 10
402 24 71 11 298 424 10
616 153 235 10 98 190 10
441 64 5 14 1098 1190 10
503 67 24 10 978 1088 10
857 117 110 13 933 1055 10
623 200 78 31 972 1043 10
81 201 66 14 1108 1256 10
354 30 7 23 1161 1247 10
498 72 227 25 534 624 10
999 19 38 15 786 939 10
942 94 40 24 1010 1156 10
200 92 18 8 1072 1206 10
865 151 81 28 1498 1647 10
254 176 200 17 531 635 10
143 57 183 15 1049 1182 10
472 171 24 11 1324 1473 10
63 146 188 6 1189 1311 10
628 120 17 30 266 377 10
781 140 137 32 511 659 10
309 196 56 15 586 663 10
947 206 97 33 395 531 10
427 191 84 13 815 950 10
940 33 152 17 1254 1416 10
902 32 191 5 539 663 10
446 48 150 15 618 723 10
747 172 66 18 1260 1376 10
979 43 135 31 236 344 10
98 218 12 3 492 625 10
701 15 11 15 899 1035 10
643 224 56 13 1122 1280 10
449 171 188 30 563 708 10
393 49 118 3 1027 1145 10
69 64 198 10 1044 1162 10
980 188 151 7 1255 1369 10
387 98 29 14 1003 1121 10
409 38 190 23 245 354 10
796 209 212 18 1489 1597 10
997 215 129 17 1076 1192 10
521 110 122 14 1464 1584 10
147 174 41 15 1263 1374 10
515 132 151 22 154 332 10
606 175 239 23 75 157 10
577 132 32 18 744 855 10
448 109 56 27 239 341 10
513 235 108 12 1040 1150 10
516 217 207 26 1328 1466 10
627 125 65 17 728 878 10
435 177 156 25 130 234 10
591 92 76 4 1076 1231 10
137 210 29 13 1013 1118 10
788 148 208 22 485 598 10
702 144 35 26 239 385 10
364 6 53 8 547 657 10
637 34 239 16 216 305 10
382 6 196 20 1160 1277 10
82 245 176 20 1174 1325 10
699 178 135 21 1477 1581 10
963 130 140 17 162 318 10
428 68 160 21 1090 1212 10
885 60 246 25 190 307 10
815 202 28 22 903 995 10
79 117 178 28 1079 1186 10
855 79 80 19 1351 1444 10
330 193 138 30 632 720 10
666 80 117 24 789 890 10
985 111 192 11 1152 1277 10
795 138 28 23 1048 1176 10
144 181 185 19 1580 1678 10
603 56 75 24 1385 1521 10
194 200 27 22 458 621 10
514 174 67 15 1233 1317 10
938 60 29 32 1319 1437 10
528 105 181 19 1473 1620 10
731 86 199 23 221 365 10
403 173 65 12 445 482 10
242 61 170 20 959 1082 10
617 168 109 10 170 268 10
614 100 66 15 1339 1490 10
609 82 183 17 1020 1214 10
846 168 59 6 320 442 10
173 248 176 32 1344 1488 10
798 156 65 22 966 1138 10
786 3 23 11 348 464 10
27 58 39 12 1113 1242 10
240 157 38 3 1016 1109 10
120 105 137 32 445 489 10
758 133 202 33 420 531 10
884 87 213 18 603 679 10
377 144 220 35 110 221 10
189 186 135 24 671 795 10
386 149 214 7 421 573 10
71 9 101 16 605 758 10
491 95 64 4 733 829 10
896 41 120 22 625 796 10
315 18 225 8 633 780 10
296 66 163 6 351 469 10
599 210 81 2 321 508 10
882 7 194 29 882 1050 10
298 83 169 21 722 862 10
724 179 75 13 684 826 10
341 10 237 19 569 693 10
583 34 169 11 467 532 10
519 209 68 27 1533 1633 10
829 103 177 28 592 691 10
38 233 87 18 198 338 10
625 197 202 29 1161 1277 10
927 219 215 32 46 164 10
248 28 180 34 342 459 10
39 60 5 18 999 1118 10
729 199 203 20 1410 1535 10
113 21 146 21 441 562 10
185 178 150 33 589 704 10
867 46 163 8 877 1005 10
552 21 70 15 744 829 10
58 31 175 24 231 314 10
337 48 162 15 220 335 10
473 187 73 18 219 396 10
655 158 179 37 116 210 10
415 195 111 15 973 1053 10
179 44 140 11 829 938 10
33 178 72 23 698 846 10
824 68 240 11 731 887 10
890 143 158 12 141 286 10
383 104 28 8 1450 1526 10
222 7 82 25 368 486 10
807 77 172 23 745 856 10
746 130 247 17 120 218 10
135 5 224 19 1027 1112 10
290 153 192 13 821 940 10
106 241 180 13 1616 1803 10
126 232 101 24 290 432 10
158 65 62 15 936 1047 10
279 120 37 28 700 881 10
719 14 232 18 236 442 10
410 16 68 11 296 430 10
262 180 162 9 112 302 10
667 210 219 7 50 153 10
214 212 186 11 1687 1787 10
948 210 133 15 637 770 10
791 98 2 14 542 672 10
595 128 113 22 333 423 10
265 89 185 16 576 653 10
443 165 59 27 909 1007 10
68 219 210 14 50 156 10
86 43 210 20 210 305 10
707 23 235 43 982 1095 10
231 13 214 21 1292 1446 10
801 32 94 14 862 1028 10
51 203 211 20 1239 1404 10
134 108 37 23 486 642 10
155 44 115 24 246 407 10
48 0 188 26 860 1035 10
990 51 89 19 1156 1291 10
740 125 61 26 584 670 10
385 87 3 13 1392 1504 10
316 57 43 15 966 1111 10
