c1_10_6

VEHICLE
NUMBER  CAPACITY
250   200

CUSTOMER
CUST NO. XCOORD. YCOORD. DEMAND READY TIME DUE DATE SERVICE TIME

0  250  250   0   0  1824   0
499 313 119 30 635 786 90
405 314 124 20 729 882 90
983 315 121 10 553 683 90
540 349 158 20 1035 1109 90
25 287 143 10 628 912 90
644 290 141 30 553 800 90
193 367 178 20 508 683 90
477 285 162 30 560 752 90
670 361 181 20 671 713 90
900 290 136 20 503 661 90
5 286 159 20 451 675 90
230 348 147 10 796 963 90
169 346 150 20 933 1013 90
207 358 183 20 889 1048 90
548 313 126 10 797 1000 90
243 307 102 40 520 730 90
756 346 144 10 658 732 90
646 359 182 20 755 813 90
1000 287 144 20 790 932 90
398 285 163 10 618 876 90
327 305 107 20 505 936 90
241 348 145 20 659 916 90
263 360 184 10 744 1009 90
930 345 144 30 452 756 90
348 307 108 10 760 865 90
