c2_10_8

VEHICLE
NUMBER  CAPACITY
250   700

CUSTOMER
CUST NO. XCOORD. YCOORD. DEMAND READY TIME DUE DATE SERVICE TIME

0  250  250   0   0  3914   0
580 366 341 20 313 953 90
689 383 351 20 167 807 90
34 456 154 10 227 867 90
566 394 356 30 178 818 90
660 331 252 10 894 1534 90
982 436 301 20 1133 1773 90
733 298 255 10 48 688 90
171 470 152 30 986 1626 90
394 361 337 50 141 781 90
823 313 266 20 133 773 90
569 419 310 10 562 1202 90
670 412 300 20 275 915 90
303 375 342 10 699 1339 90
385 384 346 20 1091 1731 90
835 378 326 30 148 788 90
339 393 368 10 232 872 90
573 325 251 20 1185 1825 90
669 412 367 20 720 1360 90
86 394 367 30 185 825 90
271 296 253 10 594 1234 90
654 373 205 40 130 770 90
495 444 157 10 215 855 90
130 368 340 10 221 861 90
318 267 260 20 269 909 90
487 388 220 20 1183 1823 90
4 430 298 10 1322 1962 90
767 266 250 10 169 809 90
485 471 154 20 1079 1719 90
106 389 342 10 905 1545 90
942 293 249 10 43 683 90
520 420 308 30 469 1109 90
269 386 344 20 999 1639 90
792 404 310 20 165 805 90
501 399 352 10 1020 1660 90
543 379 229 10 805 1445 90
717 387 224 30 1277 1917 90
475 401 368 20 424 1064 90
359 370 353 10 506 1146 90
921 272 246 10 22 662 90
533 278 230 10 1226 1866 90
134 450 153 20 293 933 90
946 368 219 20 700 1340 90
298 408 305 10 179 819 90
411 428 298 30 1414 2054 90
560 296 232 10 1028 1668 90
662 384 206 20 499 1139 90
389 346 211 10 103 743 90
579 283 229 30 1131 1771 90
119 259 243 20 11 651 90
889 395 365 30 185 825 90
325 323 258 10 1088 1728 90
362 386 361 30 1287 1927 90
396 481 156 20 1360 2000 90
423 366 196 10 127 767 90
132 400 364 30 330 970 90
800 413 353 10 1410 2050 90
286 440 302 20 1039 1679 90
280 272 243 30 23 663 90
322 418 300 10 371 1011 90
591 325 246 10 1280 1920 90
824 475 145 30 888 1528 90
825 400 376 40 522 1162 90
213 394 205 10 205 845 90
136 380 223 10 1374 2014 90
995 428 314 20 752 1392 90
639 316 254 20 510 1150 90
541 413 350 10 1317 1957 90
739 319 257 20 416 1056 90
320 420 311 30 653 1293 90
445 283 248 30 33 673 90
674 266 264 30 363 1003 90
901 326 253 10 799 1439 90
583 477 154 10 1266 1906 90
570 389 221 10 1092 1732 90
417 320 258 20 324 964 90
64 382 197 20 400 1040 90
589 368 325 30 139 779 90
870 431 301 10 1228 1868 90
110 406 339 20 179 819 90
993 405 311 30 166 806 90
722 369 351 20 598 1238 90
756 380 228 30 897 1537 90
709 273 234 10 1416 2056 90
748 275 236 20 1323 1963 90
387 274 248 20 70 710 90
356 314 279 10 70 710 90
469 430 310 30 936 1576 90
249 305 212 20 916 1556 90
967 313 263 20 226 866 90
375 428 312 10 844 1484 90
413 404 378 10 617 1257 90
267 379 208 10 595 1235 90
798 312 252 20 605 1245 90
446 391 334 20 807 1447 90
602 281 279 20 474 1114 90
723 388 228 10 995 1635 90
155 441 157 10 212 852 90
262 402 362 20 1121 1761 90
430 330 259 30 991 1631 90
729 389 198 20 303 943 90
195 395 378 10 1396 2036 90
230 366 346 20 408 1048 90
697 404 346 10 923 1563 90
603 326 241 20 1375 2015 90
512 409 361 30 817 1457 90
745 371 207 10 128 768 90
509 360 338 10 140 780 90
19 302 235 20 803 1443 90
98 255 245 10 7 647 90
690 289 240 20 699 1339 90
49 452 154 30 223 863 90
148 403 361 10 1212 1852 90
159 386 357 20 1193 1833 90
791 475 156 40 1173 1813 90
743 317 251 30 700 1340 90
