c2_10_7

VEHICLE
NUMBER  CAPACITY
250   700

CUSTOMER
CUST NO. XCOORD. YCOORD. DEMAND READY TIME DUE DATE SERVICE TIME

0  250  250   0   0  3914   0
547 238 84 10 1406 2023 90
453 210 94 20 676 1478 90
488 235 81 20 1081 1978 90
663 232 87 30 1362 1807 90
524 204 171 20 799 1278 90
91 236 96 20 1612 1756 90
748 275 236 20 1514 1772 90
560 296 232 10 1030 1666 90
838 250 72 20 1064 1346 90
924 238 83 20 1381 1865 90
481 186 177 20 1264 1618 90
917 221 87 20 1215 1751 90
579 283 229 30 1069 1833 90
641 212 96 10 784 1184 90
343 241 77 30 915 1696 90
204 238 57 30 1104 1728 90
623 200 182 10 837 1630 90
886 184 178 10 1171 1897 90
249 305 212 20 938 1533 90
525 173 169 10 1276 2000 90
814 213 76 20 1171 1589 90
188 204 90 20 827 1521 90
971 197 178 20 824 1453 90
265 212 71 20 1044 1524 90
709 273 234 10 1600 1872 90
103 184 188 10 1001 1679 90
690 289 240 20 751 1287 90
533 278 230 10 1456 1637 90
58 259 76 10 654 1362 90
843 253 81 10 853 1358 90
