c1_10_2

VEHICLE
NUMBER  CAPACITY
250   200

CUSTOMER
CUST NO. XCOORD. YCOORD. DEMAND READY TIME DUE DATE SERVICE TIME

0  250  250   0   0  1824   0
456 357 181 20 367 441 90
801 374 190 20 292 344 90
276 378 199 10 761 804 90
21 337 257 20 805 863 90
565 359 179 20 465 529 90
702 319 260 20 489 566 90
155 312 264 20 131 179 90
72 321 280 30 143 194 90
402 355 180 30 279 345 90
726 371 192 30 190 259 90
987 376 190 30 382 439 90
585 339 244 30 251 299 90
873 315 265 10 774 841 90
439 315 287 30 693 754 90
638 321 277 10 75 140 90
312 317 261 20 398 473 90
924 311 266 10 63 126 90
120 335 243 20 428 495 90
279 376 195 10 576 616 90
947 316 284 20 510 570 90
199 320 262 10 585 656 90
588 316 286 30 601 662 90
583 335 256 10 890 962 90
576 312 267 10 862 941 90
263 360 184 10 846 906 90
224 315 260 10 223 278 90
466 375 191 30 473 531 90
69 337 256 20 154 201 90
997 332 249 30 82 144 90
207 358 183 20 932 1005 90
670 361 181 20 662 723 90
660 352 176 20 126 175 90
737 321 263 20 680 743 90
796 343 254 20 334 394 90
996 330 242 30 627 671 90
613 320 283 30 421 471 90
31 379 196 20 665 714 90
573 320 280 10 221 298 90
751 313 282 20 790 847 90
337 318 280 20 319 384 90
963 371 193 20 133 185 90
836 335 255 20 85 124 90
