rc2_10_6

VEHICLE
NUMBER  CAPACITY
250   1000

CUSTOMER
CUST NO. XCOORD. YCOORD. DEMAND READY TIME DUE DATE SERVICE TIME

0  250  250   0   0  7284   0
40 80 290 10 730 970 10
615 35 306 20 858 1098 10
243 0 293 30 1055 1295 10
100 2 295 30 1163 1403 10
805 88 287 30 994 1234 10
923 80 286 10 836 1076 10
381 63 336 20 1005 1245 10
496 13 314 14 915 1155 10
45 88 286 10 950 1190 10
152 62 326 20 1085 1325 10
203 91 266 10 870 1110 10
937 35 304 30 810 1050 10
822 67 335 20 907 1147 10
77 96 270 20 589 829 10
857 24 259 19 1420 1660 10
139 29 336 22 1266 1506 10
511 37 281 17 1913 2153 10
601 66 336 10 953 1193 10
14 102 264 10 475 715 10
845 90 296 20 546 786 10
251 118 314 26 1290 1530 10
421 6 292 10 910 1150 10
993 3 292 20 962 1202 10
134 89 270 10 754 994 10
823 92 270 20 967 1207 10
803 90 285 40 1045 1285 10
830 67 334 20 863 1103 10
791 96 346 26 681 921 10
728 0 297 10 1111 1351 10
902 16 287 12 1023 1263 10
737 95 277 20 1038 1278 10
575 1 293 10 1011 1251 10
811 7 292 10 866 1106 10
307 25 307 10 938 1178 10
449 85 288 20 668 908 10
645 30 301 10 1050 1290 10
635 89 272 10 706 946 10
160 38 301 20 1122 1362 10
535 8 300 10 1363 1603 10
382 6 296 10 1219 1459 10
334 73 328 20 654 894 10
60 71 333 10 715 955 10
367 89 290 20 610 850 10
97 5 297 10 1265 1505 10
19 7 300 30 1319 1559 10
30 83 300 26 1939 2179 10
587 69 336 20 812 1052 10
414 87 285 30 904 1144 10
505 71 282 29 2507 2747 10
304 100 266 20 526 766 10
469 35 303 20 766 1006 10
869 69 334 30 764 1004 10
618 79 291 10 775 1015 10
424 91 268 10 918 1158 10
75 30 302 10 1006 1246 10
613 90 274 20 657 897 10
513 44 311 27 1570 1810 10
64 92 259 4 1538 1778 10
569 32 319 21 1542 1782 10
696 52 303 25 1705 1945 10
930 86 268 10 809 1049 10
