rc1_10_6

VEHICLE
NUMBER   CAPACITY
250     200

CUSTOMER
CUST NO. XCOORD.  YCOORD.  DEMAND  READY TIME DUE DATE  SERVICE TIME

0   250    250     0     0    1821     0
429 306 42 11 462 522 10
578 236 126 23 124 184 10
94 269 112 19 1248 1308 10
849 275 42 30 223 283 10
836 240 34 28 1535 1595 10
652 251 63 14 972 1032 10
209 265 0 10 881 941 10
870 299 98 30 159 219 10
797 275 45 20 210 270 10
765 273 149 14 1488 1548 10
270 178 135 21 1499 1559 10
34 188 119 44 960 1020 10
663 178 72 23 742 802 10
558 282 1 18 1027 1087 10
568 277 50 10 201 261 10
715 233 87 18 238 298 10
118 268 52 10 291 351 10
636 304 102 30 182 242 10
730 195 111 15 983 1043 10
540 253 118 19 532 592 10
533 300 108 10 150 210 10
166 186 135 24 703 763 10
810 269 46 20 254 314 10
723 200 78 31 978 1038 10
557 297 131 25 1150 1210 10
441 253 50 27 211 271 10
21 307 108 10 222 282 10
994 209 68 27 1553 1613 10
940 224 56 13 1171 1231 10
325 304 97 20 167 227 10
796 271 128 12 331 391 10
391 263 153 12 397 457 10
720 303 78 12 179 239 10
852 267 44 20 241 301 10
435 257 57 18 1211 1271 10
699 269 48 20 266 326 10
528 273 55 20 196 256 10
450 179 75 13 725 785 10
54 242 106 28 1253 1313 10
190 187 73 18 277 337 10
884 307 102 40 195 255 10
654 281 96 1 1111 1171 10
564 292 32 14 222 282 10
259 253 74 20 1335 1395 10
750 239 15 2 589 649 10
186 231 29 14 1211 1271 10
633 238 123 24 766 826 10
169 274 48 10 203 263 10
762 305 107 20 210 270 10
413 210 29 13 1036 1096 10
42 307 52 23 905 965 10
981 270 49 30 277 337 10
667 295 89 23 727 787 10
326 297 102 10 155 215 10
565 262 92 25 615 675 10
385 235 33 30 1322 1382 10
