c1_10_1

VEHICLE
NUMBER   CAPACITY
250     200

CUSTOMER
CUST NO. XCOORD.  YCOORD.  DEMAND  READY TIME DUE DATE  SERVICE TIME

0   250    250     0     0    1824     0
227 90 232 10 682 732 90
161 91 235 10 1140 1188 90
493 119 223 10 853 906 90
604 112 217 20 383 443 90
742 112 219 20 469 541 90
828 92 234 10 853 926 90
920 91 231 30 579 652 90
424 148 206 20 458 506 90
8 89 216 10 495 562 90
906 89 270 10 590 647 90
394 131 226 20 121 183 90
703 116 225 20 752 820 90
728 152 207 20 824 877 90
65 152 206 10 910 973 90
174 91 268 10 869 931 90
433 93 235 10 951 1012 90
819 95 235 10 155 227 90
695 92 223 10 967 1023 90
246 95 234 10 315 362 90
543 121 218 20 191 257 90
40 129 223 20 274 340 90
813 100 266 20 207 275 90
119 124 219 20 571 615 90
723 92 230 20 498 549 90
567 92 236 20 1041 1104 90
586 89 272 10 498 555 90
880 114 225 30 664 723 90
441 128 225 10 176 253 90
66 99 218 30 154 205 90
999 94 235 20 227 266 90
781 116 221 30 571 627 90
902 121 219 20 132 203 90
109 148 211 20 167 233 90
541 86 268 10 689 735 90
282 123 222 30 376 430 90
129 93 213 30 409 457 90
778 96 213 30 311 369 90
862 96 244 10 1332 1380 90
811 95 277 20 1057 1121 90
23 131 220 30 749 810 90
886 91 266 10 776 840 90
850 92 233 10 768 830 90
77 143 207 30 267 326 90
821 91 217 10 692 738 90
90 149 203 10 553 597 90
463 90 274 20 411 458 90
679 115 218 10 298 341 90
71 90 237 20 1229 1284 90
524 132 223 30 837 909 90
840 96 270 20 308 367 90
491 87 217 10 597 644 90
610 126 220 20 659 711 90
298 122 216 10 461 537 90
519 151 207 10 731 788 90
186 154 207 20 1002 1066 90
545 98 215 20 218 278 90
297 95 224 20 1057 1120 90
150 92 216 10 777 834 90
473 152 210 20 105 163 90
943 92 232 10 401 462 90
116 102 264 10 148 215 90
395 150 204 20 639 694 90
383 95 218 20 873 927 90
417 146 205 10 363 417 90
522 92 270 20 954 1029 90
