r1_10_8

VEHICLE
NUMBER   CAPACITY
250     200

CUSTOMER
CUST NO. XCOORD.  YCOORD.  DEMAND  READY TIME DUE DATE  SERVICE TIME

0   250    250     0     0    1925     0
800 206 172 29 788 818 10
632 226 175 23 0 1837 10
673 191 215 17 68 98 10
313 173 182 25 0 1813 10
53 231 167 15 0 1830 10
703 176 199 28 0 1826 10
819 213 185 21 0 1841 10
281 206 174 14 0 1828 10
172 267 162 6 0 1826 10
101 267 174 34 1618 1648 10
634 223 178 20 1136 1166 10
254 176 200 17 568 598 10
63 146 188 6 1235 1265 10
61 261 201 15 1514 1544 10
854 233 230 20 0 1889 10
449 171 188 30 621 651 10
980 188 151 7 0 1799 10
796 209 212 18 0 1860 10
997 215 129 17 0 1790 10
516 217 207 26 0 1861 10
435 177 156 25 0 1796 10
82 245 176 20 0 1841 10
699 178 135 21 0 1780 10
247 247 219 17 0 1884 10
330 193 138 30 0 1790 10
144 181 185 19 0 1821 10
173 248 176 32 0 1841 10
189 186 135 24 0 1784 10
845 264 180 33 0 1844 10
610 248 214 19 0 1879 10
625 197 202 29 1204 1234 10
927 219 215 32 0 1869 10
729 199 203 20 0 1846 10
185 178 150 33 0 1792 10
655 158 179 37 0 1799 10
971 263 153 12 0 1818 10
290 153 192 13 0 1802 10
106 241 180 13 1695 1725 10
262 180 162 9 0 1803 10
667 210 219 7 0 1865 10
214 212 186 11 0 1841 10
948 210 133 15 0 1792 10
68 219 210 14 50 80 10
51 203 211 20 0 1854 10
