r1_10_8

VEHICLE
NUMBER   CAPACITY
250     200

CUSTOMER
CUST NO. XCOORD.  YCOORD.  DEMAND  READY TIME DUE DATE  SERVICE TIME

0   250    250     0     0    1925     0
205 44 344 12 0 1689 10
22 104 349 20 0 1739 10
816 46 389 22 0 1669 10
759 34 329 2 1043 1073 10
742 29 358 23 0 1670 10
593 12 367 27 0 1650 10
380 84 377 10 0 1706 10
220 67 378 26 0 1692 10
363 94 344 26 0 1733 10
518 48 366 29 0 1683 10
312 67 352 20 0 1706 10
859 58 391 16 0 1677 10
166 89 358 23 0 1722 10
659 48 412 7 1032 1062 10
739 12 358 7 1224 1254 10
88 49 353 15 0 1690 10
3 80 400 10 0 1689 10
608 62 375 16 0 1690 10
717 13 394 15 0 1638 10
754 50 383 20 260 290 10
777 35 344 21 863 893 10
367 29 336 22 0 1678 10
430 80 337 28 0 1725 10
843 10 407 36 434 464 10
73 77 372 19 0 1704 10
737 26 342 12 0 1673 10
145 7 382 27 0 1639 10
596 43 360 2 0 1681 10
390 107 374 8 914 944 10
944 96 346 26 0 1734 10
841 95 382 19 0 1712 10
190 11 403 18 343 373 10
654 65 343 38 0 1708 10
551 51 360 13 0 1688 10
698 0 356 13 0 1644 10
16 52 412 22 0 1660 10
224 78 406 15 960 990 10
956 80 357 1 0 1715 10
681 59 388 20 663 693 10
