rc1_10_10

VEHICLE
NUMBER  CAPACITY
250   200

CUSTOMER
CUST NO. XCOORD. YCOORD. DEMAND READY TIME DUE DATE SERVICE TIME

0  250  250   0   0  1821   0
76 176 470 14 487 637 10
475 277 428 7 430 580 10
656 255 487 19 338 488 10
442 250 441 5 696 846 10
503 185 434 9 514 664 10
617 307 412 8 344 494 10
217 287 397 12 504 654 10
265 330 371 1 499 649 10
626 170 347 15 376 526 10
507 189 402 10 476 626 10
347 216 341 19 594 744 10
324 274 441 12 635 785 10
237 331 356 13 652 802 10
734 210 379 12 649 799 10
761 245 461 8 589 739 10
862 244 368 25 354 504 10
