c2_10_8

VEHICLE
NUMBER  CAPACITY
250   700

CUSTOMER
CUST NO. XCOORD. YCOORD. DEMAND READY TIME DUE DATE SERVICE TIME

0  250  250   0   0  3914   0
747 50 347 10 2322 2962 90
508 79 346 10 2910 3550 90
719 86 361 20 2986 3626 90
464 65 357 10 2214 2854 90
644 78 361 10 2980 3620 90
609 86 359 10 2988 3628 90
377 50 343 10 2514 3154 90
698 77 360 10 2979 3619 90
87 58 364 10 2022 2662 90
248 73 360 20 2707 3347 90
841 67 357 10 2804 3444 90
784 44 325 20 2941 3581 90
977 71 348 10 2815 3455 90
873 95 356 10 2997 3637 90
418 59 358 20 2118 2758 90
734 74 363 40 2523 3163 90
458 69 346 10 2722 3362 90
657 46 341 10 2419 3059 90
947 66 359 20 2917 3557 90
82 89 358 20 2991 3631 90
112 72 341 10 2626 3266 90
152 71 368 20 2970 3610 90
317 74 360 40 2616 3256 90
