r1_10_7

VEHICLE
NUMBER  CAPACITY
250   200

CUSTOMER
CUST NO. XCOORD. YCOORD. DEMAND READY TIME DUE DATE SERVICE TIME

0  250  250   0   0  1925   0
752 349 43 26 229 259 10
931 372 97 13 214 244 10
624 351 5 12 496 526 10
268 481 84 17 506 536 10
652 394 47 5 313 343 10
684 441 7 20 392 422 10
642 339 41 6 456 486 10
300 374 116 9 587 617 10
91 363 34 19 272 302 10
891 351 148 30 461 491 10
326 493 111 26 541 571 10
936 365 28 9 268 298 10
605 460 117 14 520 550 10
508 365 119 30 382 412 10
892 426 38 23 609 639 10
587 392 1 11 605 635 10
417 442 5 16 320 350 10
