r2_10_1

VEHICLE
NUMBER  CAPACITY
250   1000

CUSTOMER
CUST NO. XCOORD. YCOORD. DEMAND READY TIME DUE DATE SERVICE TIME

0  250  250   0   0  7697   0
619 224 3 10 2774 2869 10
786 215 79 5 860 1048 10
253 239 15 2 2416 2534 10
985 241 38 16 2127 2246 10
258 144 35 26 891 1027 10
701 158 24 18 2419 2590 10
831 235 13 27 1412 1578 10
971 212 47 20 3234 3295 10
491 253 50 27 921 1005 10
784 150 68 23 1710 1793 10
648 210 81 2 1566 1746 10
480 132 32 18 3138 3257 10
901 142 14 18 3349 3452 10
146 218 12 3 2204 2268 10
114 179 75 13 2982 3057 10
672 187 73 18 1154 1303 10
310 245 42 24 2203 2295 10
851 142 80 12 1980 2076 10
309 173 65 12 1768 1940 10
473 168 59 6 1482 1566 10
824 178 72 23 3035 3139 10
41 168 109 10 810 944 10
455 250 57 26 2995 3110 10
905 196 56 15 2398 2597 10
960 135 30 12 1883 2032 10
328 200 27 22 2109 2209 10
609 187 61 19 2155 2325 10
325 198 85 28 1032 1189 10
339 206 97 33 1785 1920 10
