rc1_10_8

VEHICLE
NUMBER  CAPACITY
250   200

CUSTOMER
CUST NO. XCOORD. YCOORD. DEMAND READY TIME DUE DATE SERVICE TIME

0  250  250   0   0  1821   0
560 440 244 10 205 358 10
515 444 242 10 208 254 10
548 435 267 20 255 421 10
233 423 214 20 176 318 10
471 423 221 9 223 323 10
522 425 215 10 202 286 10
544 406 285 20 159 258 10
341 410 285 20 163 358 10
155 439 266 10 189 268 10
26 441 265 40 191 337 10
298 417 217 30 170 274 10
928 490 286 29 495 580 10
573 441 244 10 203 382 10
693 441 273 20 228 366 10
133 460 328 13 224 355 10
691 402 281 20 192 338 10
567 405 276 20 201 297 10
629 413 217 20 166 298 10
215 436 237 20 186 355 10
713 442 247 10 197 316 10
216 402 284 30 155 249 10
707 444 269 20 194 335 10
300 412 214 10 165 325 10
375 436 264 20 186 283 10
483 445 273 20 221 325 10
690 442 243 10 240 368 10
889 420 224 10 399 489 10
516 444 271 10 205 317 10
301 442 289 25 195 363 10
123 439 243 20 245 413 10
891 418 218 20 240 325 10
428 443 246 20 193 329 10
971 440 247 20 207 330 10
794 436 295 11 511 575 10
958 421 218 10 219 320 10
678 386 245 16 452 536 10
731 417 218 10 257 329 10
491 453 318 30 324 453 10
323 418 221 10 234 379 10
89 415 223 20 287 352 10
603 401 281 20 210 343 10
764 450 265 10 200 349 10
854 390 249 21 550 643 10
81 407 280 10 169 279 10
303 440 241 10 253 380 10
329 408 279 20 184 286 10
777 435 268 10 270 384 10
520 499 316 18 588 685 10
492 443 272 10 223 347 10
874 423 217 20 176 377 10
725 415 216 10 168 322 10
683 434 245 10 275 439 10
401 443 237 20 193 288 10
188 439 268 10 252 373 10
918 489 274 31 480 618 10
692 445 237 10 195 383 10
768 420 213 10 173 341 10
260 436 241 20 246 438 10
227 451 305 13 208 309 10
