rc2_10_8

VEHICLE
NUMBER  CAPACITY
250   1000

CUSTOMER
CUST NO. XCOORD. YCOORD. DEMAND READY TIME DUE DATE SERVICE TIME

0  250  250   0   0  7284   0
85 355 174 33 2757 3085 10
820 404 140 8 4715 5475 10
132 472 57 17 5006 5473 10
529 384 149 18 4662 5035 10
403 335 46 18 5137 5717 10
726 397 57 17 5729 6198 10
604 441 177 23 3830 4299 10
926 351 128 15 4948 5197 10
595 347 192 18 5665 6361 10
69 325 147 14 4539 5075 10
400 330 147 28 3131 3777 10
33 390 120 24 3969 4185 10
673 432 66 30 3993 4696 10
877 405 187 34 4765 5359 10
546 437 19 15 4025 4207 10
953 492 34 5 3106 3499 10
42 307 52 23 3587 3897 10
129 325 56 13 3011 3481 10
322 364 71 5 5312 5595 10
112 429 67 16 2857 3120 10
232 390 34 7 4036 4567 10
172 385 17 40 3107 3484 10
769 331 134 11 4394 4715 10
781 341 72 9 3187 3372 10
620 376 92 10 3909 4135 10
865 482 141 14 3981 4225 10
196 436 25 19 4958 5421 10
191 429 169 8 3344 3998 10
379 399 175 13 2794 3301 10
412 397 153 29 3461 3718 10
478 365 190 22 5860 6079 10
121 459 53 20 4245 4852 10
643 352 63 6 4588 4957 10
207 426 231 24 4034 4313 10
780 488 96 22 4023 4627 10
299 500 228 8 3010 3364 10
938 471 94 30 3829 4282 10
977 480 131 5 2470 3150 10
226 482 184 14 4300 4674 10
192 350 199 21 4503 5228 10
951 389 156 27 2854 2990 10
205 391 112 24 3814 4308 10
982 337 41 8 3878 4260 10
997 335 99 25 4831 5037 10
371 323 29 7 4518 4701 10
502 330 138 18 4172 4824 10
444 480 152 26 3952 4340 10
236 365 74 24 3306 3601 10
611 466 149 16 4580 5028 10
48 323 77 36 5324 6036 10
103 382 110 24 4229 4790 10
447 458 213 22 4468 4678 10
804 415 95 15 4509 5025 10
470 341 59 27 2987 3452 10
561 482 104 19 3047 3533 10
978 437 98 16 4277 4753 10
399 485 104 21 2915 3561 10
570 344 70 24 4451 4834 10
956 428 202 24 3481 3869 10
159 386 154 31 4287 4641 10
749 438 127 2 3554 4093 10
661 441 60 21 5647 6143 10
648 498 171 12 4954 5218 10
247 455 168 21 3258 3796 10
