rc1_10_4

VEHICLE
NUMBER  CAPACITY
250   200

CUSTOMER
CUST NO. XCOORD. YCOORD. DEMAND READY TIME DUE DATE SERVICE TIME

0  250  250   0   0  1821   0
835 102 422 23 226 256 10
255 115 395 11 815 845 10
77 96 270 20 162 192 10
64 92 259 4 399 429 10
507 189 402 10 536 566 10
168 175 422 24 1446 1476 10
668 112 433 29 235 265 10
575 1 293 10 268 298 10
996 147 435 20 245 275 10
382 6 296 10 320 350 10
626 170 347 15 436 466 10
752 109 463 30 334 364 10
554 14 459 20 336 366 10
369 40 304 16 1145 1175 10
783 16 460 20 411 441 10
696 52 303 25 441 471 10
268 49 451 20 284 314 10
309 58 458 10 323 353 10
106 230 487 20 1130 1160 10
845 90 296 20 166 196 10
489 21 487 10 350 380 10
13 239 486 3 1482 1512 10
138 163 472 9 653 683 10
466 138 438 20 287 317 10
113 195 464 20 1541 1571 10
609 65 453 30 282 312 10
334 73 328 20 193 223 10
679 208 396 20 176 206 10
295 0 356 13 1086 1116 10
359 59 388 20 663 693 10
917 112 467 10 276 306 10
276 90 477 18 277 307 10
920 166 440 12 207 237 10
569 32 319 21 401 431 10
440 220 392 20 258 288 10
703 59 459 20 311 341 10
102 54 445 10 308 338 10
12 60 454 10 347 377 10
387 142 360 20 1532 1562 10
606 21 488 10 361 391 10
837 141 428 20 208 238 10
2 214 394 10 231 261 10
376 15 457 20 323 353 10
624 20 488 10 372 402 10
858 12 463 20 361 391 10
163 64 294 12 1101 1131 10
30 83 300 26 500 530 10
823 92 270 20 257 287 10
461 17 458 10 433 463 10
160 38 301 20 296 326 10
25 116 466 20 254 284 10
587 69 336 20 218 248 10
608 122 422 3 1457 1487 10
551 107 374 8 914 944 10
