r1_10_9

VEHICLE
NUMBER  CAPACITY
250   200

CUSTOMER
CUST NO. XCOORD. YCOORD. DEMAND READY TIME DUE DATE SERVICE TIME

0  250  250   0   0  1925   0
366 244 13 24 991 1066 10
332 307 52 23 908 962 10
10 251 63 14 980 1024 10
295 282 10 30 1250 1304 10
362 257 57 18 1222 1259 10
245 282 1 18 1034 1080 10
784 265 0 10 876 947 10
780 235 33 30 1327 1377 10
653 323 29 7 1139 1165 10
674 231 29 14 1215 1268 10
456 240 34 28 1554 1595 10
643 224 56 13 1167 1235 10
580 323 34 13 1296 1363 10
805 253 74 20 1342 1389 10
968 309 29 11 1275 1342 10
