r1_10_9

VEHICLE
NUMBER  CAPACITY
250   200

CUSTOMER
CUST NO. XCOORD. YCOORD. DEMAND READY TIME DUE DATE SERVICE TIME

0  250  250   0   0  1925   0
533 334 481 32 311 379 10
749 379 486 22 660 713 10
763 329 456 19 224 305 10
920 360 488 19 325 336 10
644 345 431 12 310 410 10
334 381 457 28 445 526 10
164 340 416 36 315 357 10
631 332 459 35 349 419 10
236 354 416 10 655 733 10
727 395 474 26 367 436 10
776 312 453 6 543 586 10
11 328 491 21 673 714 10
972 328 458 17 762 804 10
78 347 459 25 470 519 10
879 351 481 10 317 357 10
511 404 439 3 247 261 10
760 368 452 16 653 716 10
835 373 421 21 226 278 10
34 406 460 2 700 768 10
983 334 403 26 174 217 10
550 398 476 25 399 468 10
280 371 488 10 570 625 10
124 370 493 22 563 610 10
276 371 423 10 211 265 10
