r1_10_1

VEHICLE
NUMBER  CAPACITY
250   200

CUSTOMER
CUST NO. XCOORD. YCOORD. DEMAND READY TIME DUE DATE SERVICE TIME

0  250  250   0   0  1925   0
447 215 79 5 234 244 10
947 206 97 33 458 468 10
403 173 65 12 458 468 10
38 233 87 18 263 273 10
260 236 126 23 124 134 10
273 292 32 14 239 249 10
599 210 81 2 409 419 10
165 271 128 12 356 366 10
126 232 101 24 356 366 10
680 198 85 28 273 283 10
692 303 78 12 179 189 10
846 168 59 6 376 386 10
473 187 73 18 302 312 10
971 263 153 12 422 432 10
53 231 167 15 85 95 10
435 177 156 25 177 187 10
645 292 104 26 314 324 10
691 235 13 27 369 379 10
675 253 50 27 236 246 10
262 180 162 9 183 193 10
339 288 70 24 189 199 10
890 143 158 12 148 158 10
617 168 109 10 214 224 10
