c1_10_4

VEHICLE
NUMBER   CAPACITY
250     200

CUSTOMER
CUST NO. XCOORD.  YCOORD.  DEMAND  READY TIME DUE DATE  SERVICE TIME

0   250    250     0     0    1824     0
205 406 87 10 0 1509 90
292 408 84 10 0 1505 90
529 398 97 10 264 344 90
665 379 82 10 0 1523 90
989 399 104 10 0 1526 90
437 406 94 10 375 430 90
696 404 83 30 0 1507 90
151 370 83 20 357 419 90
163 377 76 20 0 1519 90
931 368 85 30 0 1532 90
300 406 99 20 0 1517 90
677 399 102 20 0 1524 90
921 398 103 30 0 1526 90
780 391 99 20 0 1528 90
340 366 93 20 0 1539 90
26 379 80 20 0 1521 90
37 409 88 20 0 1508 90
479 406 96 20 280 342 90
137 370 82 40 0 1528 90
582 407 98 10 0 1516 90
514 403 93 10 0 1515 90
173 367 83 30 0 1531 90
917 399 106 20 0 1527 90
965 404 103 20 0 1522 90
204 409 90 20 0 1509 90
998 375 80 10 550 598 90
746 407 88 10 0 1509 90
719 411 95 30 475 521 90
740 400 103 10 0 1524 90
