c1_10_4

VEHICLE
NUMBER   CAPACITY
250     200

CUSTOMER
CUST NO. XCOORD.  YCOORD.  DEMAND  READY TIME DUE DATE  SERVICE TIME

0   250    250     0     0    1824     0
668 344 62 10 1208 1274 90
467 356 21 20 414 452 90
319 343 49 10 0 1513 90
229 361 14 10 0 1474 90
716 389 11 20 0 1458 90
128 346 60 10 1027 1086 90
792 339 60 20 0 1525 90
875 384 16 20 0 1465 90
693 389 17 10 0 1463 90
730 361 17 20 777 832 90
333 358 18 10 0 1479 90
659 363 22 20 0 1480 90
631 356 23 20 0 1484 90
691 347 62 10 0 1523 90
88 366 20 10 0 1477 90
639 358 16 30 596 641 90
76 356 24 20 249 323 90
145 343 47 20 0 1511 90
165 346 57 20 0 1519 90
706 386 13 10 0 1461 90
386 335 57 30 0 1524 90
259 342 54 20 0 1518 90
901 341 58 10 0 1522 90
762 391 18 10 0 1463 90
110 362 22 20 0 1480 90
42 357 26 20 0 1486 90
909 340 54 10 0 1519 90
803 347 54 10 0 1516 90
874 343 62 10 0 1525 90
