c2_10_6

VEHICLE
NUMBER  CAPACITY
250   700

CUSTOMER
CUST NO. XCOORD. YCOORD. DEMAND READY TIME DUE DATE SERVICE TIME

0  250  250   0   0  3914   0
151 63 166 30 2338 2826 90
544 91 298 10 1854 2332 90
595 77 287 10 1668 2301 90
158 61 170 30 2225 2750 90
828 91 303 20 2017 2540 90
564 67 302 30 2329 2817 90
866 132 272 30 2181 2567 90
636 114 169 20 2519 2866 90
407 65 164 20 2361 2990 90
476 116 259 20 2421 2965 90
938 37 295 20 1705 2238 90
289 111 244 10 2089 2530 90
135 126 188 20 1918 2437 90
272 73 303 10 2258 2697 90
122 112 243 20 2101 2701 90
893 104 198 20 2166 2601 90
950 5 296 10 2319 2613 90
39 17 283 20 2391 2936 90
737 23 306 20 2019 2506 90
74 101 179 20 2261 2723 90
568 16 285 30 2277 2866 90
440 83 301 20 2086 2668 90
228 119 232 10 1720 2318 90
306 110 241 20 1953 2479 90
955 138 196 30 1926 2220 90
161 90 298 10 1929 2438 90
548 138 276 10 1734 2256 90
787 59 163 20 2191 2591 90
696 121 249 20 2270 2733 90
683 107 168 20 2334 2855 90
795 133 278 10 1856 2324 90
290 132 273 10 2036 2530 90
897 110 199 10 2113 2462 90
60 118 256 10 2296 2901 90
768 51 162 20 2003 2582 90
612 131 267 10 2470 2834 90
22 19 297 20 2087 2637 90
658 50 138 20 1660 2277 90
493 44 153 30 1884 2266 90
631 123 206 10 1720 2211 90
557 121 236 10 1912 2316 90
928 29 302 20 1991 2339 90
273 30 162 10 1909 2454 90
425 129 267 10 2299 2822 90
186 39 296 20 1899 2228 90
880 127 278 10 1969 2404 90
90 131 269 10 2222 2714 90
505 173 208 30 1669 2254 90
100 85 317 30 2513 2860 90
