r2_10_7

VEHICLE
NUMBER  CAPACITY
250   1000

CUSTOMER
CUST NO. XCOORD. YCOORD. DEMAND READY TIME DUE DATE SERVICE TIME

0  250  250   0   0  7697   0
472 433 319 11 5445 5685 10
733 418 251 21 4727 4967 10
727 371 315 18 4603 4843 10
937 370 262 15 4338 4578 10
745 457 280 17 3939 4179 10
873 413 345 20 4812 5052 10
725 374 306 4 3916 4156 10
529 394 310 10 4334 4574 10
229 359 246 18 5631 5871 10
207 325 311 22 5229 5469 10
614 495 355 3 4913 5153 10
259 463 253 23 4128 4368 10
577 492 326 19 4756 4996 10
252 402 277 5 5694 5934 10
270 489 338 17 5529 5769 10
682 434 359 13 5509 5749 10
374 394 322 12 4039 4279 10
109 465 367 14 4047 4287 10
