r2_10_7

VEHICLE
NUMBER  CAPACITY
250   1000

CUSTOMER
CUST NO. XCOORD. YCOORD. DEMAND READY TIME DUE DATE SERVICE TIME

0  250  250   0   0  7697   0
404 385 239 21 3082 3322 10
261 408 318 15 2512 2752 10
956 492 335 10 3253 3493 10
989 380 350 15 3406 3646 10
151 497 266 25 2930 3170 10
715 478 300 12 3498 3738 10
688 491 369 28 2858 3098 10
28 490 286 29 2029 2269 10
101 440 294 16 3781 4021 10
242 385 285 13 3412 3652 10
929 333 293 27 2408 2648 10
508 352 241 5 3109 3349 10
34 346 354 8 3210 3450 10
511 440 292 24 3700 3940 10
584 489 274 31 2075 2315 10
189 401 314 25 3846 4086 10
940 468 352 9 3013 3253 10
462 360 284 19 2606 2846 10
