c2_10_7

VEHICLE
NUMBER  CAPACITY
250   700

CUSTOMER
CUST NO. XCOORD. YCOORD. DEMAND READY TIME DUE DATE SERVICE TIME

0  250  250   0   0  3914   0
574 151 436 10 1984 2948 90
371 149 434 30 2041 2526 90
888 150 435 20 2055 2695 90
127 147 435 10 1855 2527 90
388 156 421 30 2797 3629 90
941 116 446 20 1655 2302 90
780 155 447 20 2585 2918 90
386 166 434 40 2956 3134 90
845 233 441 20 2748 3633 90
904 149 444 20 2463 2846 90
177 172 435 30 2648 3624 90
444 125 444 10 1667 2488 90
222 168 433 20 2923 3548 90
209 135 460 10 1738 1992 90
299 156 434 10 2845 3046 90
765 157 436 20 2677 3029 90
711 151 442 20 1971 3153 90
433 160 431 30 3006 3622 90
