rc2_10_7

VEHICLE
NUMBER   CAPACITY
250     1000

CUSTOMER
CUST NO. XCOORD.  YCOORD.  DEMAND  READY TIME DUE DATE  SERVICE TIME

0   250    250     0     0    7284     0
578 236 126 23 209 790 10
94 269 112 19 4864 5357 10
849 275 42 30 907 1114 10
836 240 34 28 6237 6360 10
652 251 63 14 3765 4254 10
209 265 0 10 3450 3838 10
797 275 45 20 718 1198 10
765 273 149 14 5816 6325 10
270 178 135 21 5971 6259 10
34 188 119 44 3723 4195 10
663 178 72 23 2793 3382 10
558 282 1 18 4122 4337 10
568 277 50 10 814 888 10
715 233 87 18 925 1215 10
118 268 52 10 1056 1509 10
543 168 59 6 1392 1657 10
730 195 111 15 3892 4213 10
540 253 118 19 2215 2283 10
166 186 135 24 2759 3103 10
810 269 46 20 911 1357 10
723 200 78 31 3880 4181 10
700 165 59 27 3397 4266 10
441 253 50 27 683 1243 10
994 209 68 27 6108 6556 10
940 224 56 13 4660 4952 10
796 271 128 12 1248 1637 10
391 263 153 12 1484 1936 10
852 267 44 20 694 1473 10
435 257 57 18 4809 5118 10
699 269 48 20 959 1406 10
528 273 55 20 649 921 10
450 179 75 13 2820 3219 10
54 242 106 28 4966 5302 10
190 187 73 18 1025 1432 10
654 281 96 1 4204 4922 10
564 292 32 14 756 1198 10
259 253 74 20 5165 5755 10
750 239 15 2 2299 2651 10
186 231 29 14 4704 5226 10
633 238 123 24 2925 3444 10
169 274 48 10 663 1147 10
413 210 29 13 4231 4295 10
981 270 49 30 1075 1381 10
565 262 92 25 2536 2628 10
385 235 33 30 5338 5478 10
