c1_10_10

VEHICLE
NUMBER  CAPACITY
250   200

CUSTOMER
CUST NO. XCOORD. YCOORD. DEMAND READY TIME DUE DATE SERVICE TIME

0  250  250   0   0  1824   0
577 139 291 10 118 682 90
954 163 337 10 123 808 90
581 204 269 30 49 498 90
20 129 292 10 351 812 90
904 216 319 10 147 561 90
249 135 293 30 160 629 90
404 165 337 20 218 577 90
933 201 270 10 52 702 90
13 219 325 10 337 745 90
533 137 290 10 119 588 90
130 218 316 20 73 681 90
918 197 267 10 378 830 90
782 165 343 10 377 793 90
329 136 290 20 120 602 90
368 198 271 20 217 621 90
78 221 325 10 480 786 90
855 217 323 20 133 764 90
654 197 270 30 312 710 90
981 163 331 40 118 326 90
612 212 319 30 78 468 90
335 199 268 20 89 564 90
945 132 294 20 194 782 90
52 200 270 20 53 538 90
725 215 317 10 75 402 90
39 163 340 30 168 813 90
125 162 336 20 123 506 90
