rc1_10_5

VEHICLE
NUMBER  CAPACITY
250   200

CUSTOMER
CUST NO. XCOORD. YCOORD. DEMAND READY TIME DUE DATE SERVICE TIME

0  250  250   0   0  1821   0
601 66 336 10 203 339 10
381 63 336 20 238 325 10
75 30 302 10 262 302 10
469 35 303 20 221 284 10
811 7 292 10 246 275 10
160 38 301 20 295 326 10
575 1 293 10 257 308 10
513 44 311 27 395 450 10
615 35 306 20 225 263 10
100 2 295 30 314 327 10
334 73 328 20 193 232 10
569 32 319 21 402 430 10
993 3 292 20 256 286 10
139 29 336 22 299 394 10
60 71 333 10 197 230 10
830 67 334 20 226 265 10
152 62 326 20 259 343 10
496 13 314 14 245 293 10
822 67 335 20 223 291 10
645 30 301 10 270 316 10
535 8 300 10 341 401 10
857 24 259 19 368 403 10
791 96 346 26 181 271 10
382 6 296 10 303 367 10
243 0 293 30 263 325 10
587 69 336 20 215 252 10
97 5 297 10 325 367 10
511 37 281 17 476 541 10
19 7 300 30 328 392 10
307 25 307 10 232 300 10
937 35 304 30 226 239 10
728 0 297 10 267 349 10
869 69 334 30 199 257 10
421 6 292 10 247 358 10
902 16 287 12 236 341 10
696 52 303 25 429 483 10
