rc1_10_9

VEHICLE
NUMBER  CAPACITY
250   200

CUSTOMER
CUST NO. XCOORD. YCOORD. DEMAND READY TIME DUE DATE SERVICE TIME

0  250  250   0   0  1821   0
468 494 468 31 327 447 10
630 405 450 20 253 373 10
567 405 276 20 189 309 10
897 418 399 20 393 513 10
439 332 459 35 324 444 10
362 266 405 20 172 292 10
315 394 333 20 166 286 10
755 399 301 30 157 277 10
598 479 387 13 352 472 10
821 416 420 20 245 365 10
655 333 293 27 572 692 10
878 269 402 20 158 278 10
290 457 492 7 463 583 10
262 405 455 40 296 416 10
773 472 481 20 320 440 10
681 380 498 10 280 400 10
928 490 286 29 477 597 10
84 384 491 20 303 423 10
549 245 408 10 159 279 10
974 270 401 20 152 272 10
948 481 454 14 308 428 10
56 419 459 20 271 391 10
918 489 274 31 489 609 10
939 470 473 10 386 506 10
512 416 417 20 298 418 10
327 250 405 20 155 275 10
409 347 459 25 434 554 10
949 477 483 20 325 445 10
354 270 400 10 151 271 10
473 413 417 10 311 431 10
741 313 391 5 154 274 10
850 286 356 30 111 231 10
301 442 289 25 195 315 10
691 402 281 20 205 325 10
217 287 397 12 519 639 10
556 359 287 24 115 235 10
853 243 399 10 190 310 10
225 246 398 40 148 268 10
105 395 331 20 172 292 10
88 334 403 26 174 294 10
848 473 475 10 372 492 10
271 299 353 34 114 234 10
416 390 294 20 192 312 10
639 376 494 30 274 394 10
104 438 488 18 303 423 10
826 366 334 5 365 485 10
774 422 420 20 241 361 10
155 439 266 10 189 309 10
211 411 421 20 270 390 10
999 470 475 30 314 434 10
404 381 495 20 277 397 10
931 398 329 17 167 287 10
66 400 288 30 154 274 10
894 389 300 10 147 267 10
114 356 256 19 106 226 10
200 475 477 20 360 480 10
516 444 271 10 201 321 10
577 471 368 19 383 503 10
179 410 399 25 218 338 10
483 445 273 20 213 333 10
253 406 450 20 253 373 10
81 407 280 10 164 284 10
58 450 416 25 532 652 10
707 444 269 20 194 314 10
892 419 418 10 238 358 10
906 250 411 30 161 281 10
794 436 295 11 483 603 10
702 421 415 30 237 357 10
133 460 328 13 224 344 10
443 471 484 10 321 441 10
603 401 281 20 216 336 10
194 448 404 15 554 674 10
992 340 291 22 425 545 10
95 429 389 18 379 499 10
341 410 285 20 163 283 10
164 381 494 10 288 408 10
201 390 325 30 206 326 10
216 402 284 30 155 275 10
644 365 274 14 117 237 10
764 450 265 10 200 320 10
431 413 421 10 258 378 10
685 389 334 20 162 282 10
353 351 481 10 277 397 10
49 340 416 36 276 396 10
82 277 403 10 155 275 10
107 249 407 10 157 277 10
915 374 489 20 269 389 10
499 477 478 20 347 467 10
98 414 378 23 450 570 10
370 262 369 15 119 239 10
617 307 412 8 359 479 10
909 387 297 10 144 264 10
480 387 488 20 317 437 10
472 395 295 20 166 286 10
63 388 331 20 160 280 10
989 343 276 15 96 216 10
487 241 403 10 175 295 10
719 378 493 30 274 394 10
37 268 400 20 198 318 10
55 417 417 10 287 407 10
256 329 456 19 220 340 10
491 453 318 30 329 449 10
680 380 489 20 334 454 10
962 468 475 10 313 433 10
658 469 489 4 510 630 10
71 404 447 20 250 370 10
518 388 334 20 161 281 10
475 277 428 7 445 565 10
24 371 332 14 485 605 10
960 393 301 30 151 271 10
932 272 402 10 153 273 10
436 272 403 30 154 274 10
520 499 316 18 577 697 10
352 400 286 10 154 274 10
146 395 332 10 166 286 10
534 267 400 10 187 307 10
710 283 438 3 190 310 10
973 388 325 10 218 338 10
548 435 267 20 278 398 10
26 441 265 40 191 311 10
537 398 325 30 188 308 10
227 451 305 13 208 328 10
15 408 452 10 256 376 10
545 391 334 20 164 284 10
213 475 480 30 334 454 10
828 419 422 20 241 361 10
289 382 498 10 280 400 10
798 422 409 10 234 354 10
240 248 404 30 154 274 10
544 406 285 20 159 279 10
934 408 318 15 598 718 10
297 371 423 10 211 331 10
671 408 453 10 257 377 10
481 385 295 20 142 262 10
375 436 264 20 186 306 10
330 263 418 25 233 353 10
265 330 371 1 514 634 10
210 391 293 20 181 301 10
188 439 268 10 253 373 10
724 413 391 8 215 335 10
656 255 487 19 353 473 10
777 435 268 10 267 387 10
986 399 450 20 314 434 10
693 441 273 20 237 357 10
3 476 483 10 324 444 10
712 398 476 25 373 493 10
329 408 279 20 175 295 10
492 443 272 10 225 345 10
148 267 394 10 214 334 10
854 390 249 21 537 657 10
532 390 301 10 149 269 10
761 245 461 8 604 724 10
582 412 453 10 259 379 10
