r2_10_5

VEHICLE
NUMBER  CAPACITY
250   1000

CUSTOMER
CUST NO. XCOORD. YCOORD. DEMAND READY TIME DUE DATE SERVICE TIME

0  250  250   0   0  7697   0
75 452 110 14 1301 1541 10
571 349 43 26 798 1038 10
820 365 28 9 1013 1253 10
776 442 5 16 1221 1461 10
792 372 97 13 795 1035 10
412 363 34 19 1029 1269 10
185 365 119 30 1467 1707 10
538 441 7 20 1506 1746 10
708 495 83 32 1703 1943 10
717 481 84 17 1962 2202 10
457 385 58 24 1559 1799 10
630 450 45 24 1954 2194 10
215 389 43 21 1522 1762 10
770 439 156 2 2043 2283 10
378 339 41 6 1763 2003 10
847 382 9 30 1027 1267 10
25 415 118 19 806 1046 10
357 432 2 20 1806 2046 10
488 476 61 36 1735 1975 10
319 429 59 9 1775 2015 10
429 372 115 13 1395 1635 10
500 451 62 5 1069 1309 10
274 488 3 3 1542 1782 10
92 460 117 14 2019 2259 10
256 351 60 15 781 1021 10
409 376 113 8 1997 2237 10
908 480 136 22 907 1147 10
877 493 111 26 2104 2344 10
783 438 5 18 2136 2376 10
450 418 75 11 1732 1972 10
825 409 155 19 621 861 10
11 436 123 40 781 1021 10
673 394 47 5 1192 1432 10
373 412 100 1 1993 2233 10
631 351 5 12 1924 2164 10
769 371 71 21 1087 1327 10
