r2_10_5

VEHICLE
NUMBER  CAPACITY
250   1000

CUSTOMER
CUST NO. XCOORD. YCOORD. DEMAND READY TIME DUE DATE SERVICE TIME

0  250  250   0   0  7697   0
878 392 87 23 4671 4911 10
311 384 149 18 4729 4969 10
537 456 157 20 5760 6000 10
620 472 57 17 5119 5359 10
344 441 60 21 5775 6015 10
396 456 113 17 4849 5089 10
178 466 149 16 4684 4924 10
430 396 83 15 6286 6526 10
65 466 96 22 5473 5713 10
444 442 153 29 4695 4935 10
862 404 140 8 4975 5215 10
844 352 63 6 4653 4893 10
447 323 34 13 5199 5439 10
98 407 35 11 5093 5333 10
838 400 71 17 5428 5668 10
63 436 25 19 5069 5309 10
324 335 46 18 5307 5547 10
590 364 71 5 5334 5574 10
370 335 99 25 4814 5054 10
651 397 57 17 5844 6084 10
245 415 95 15 4647 4887 10
695 323 77 36 5560 5800 10
886 470 138 16 5498 5738 10
