rc2_10_8

VEHICLE
NUMBER  CAPACITY
250   1000

CUSTOMER
CUST NO. XCOORD. YCOORD. DEMAND READY TIME DUE DATE SERVICE TIME

0  250  250   0   0  7284   0
605 231 203 20 50 697 10
261 238 203 10 48 827 10
929 247 219 17 31 636 10
859 237 213 10 355 940 10
500 204 185 20 367 1059 10
206 224 203 20 53 389 10
754 201 188 10 402 828 10
959 206 186 10 655 966 10
961 204 187 30 496 1026 10
607 231 204 20 422 899 10
944 195 185 20 292 725 10
124 210 185 20 221 390 10
695 234 202 10 135 623 10
386 233 204 20 83 472 10
753 199 187 20 505 629 10
453 238 204 20 299 660 10
706 224 192 10 63 661 10
501 226 191 20 250 613 10
763 231 195 20 261 734 10
808 202 186 20 451 877 10
660 233 207 10 46 607 10
234 219 215 32 46 526 10
293 225 196 10 119 448 10
248 224 191 20 169 599 10
686 241 205 30 359 704 10
314 208 184 20 78 738 10
760 228 199 10 394 800 10
344 238 210 30 431 759 10
272 236 213 20 39 497 10
584 173 182 25 127 694 10
476 176 199 28 89 691 10
346 200 178 20 244 624 10
5 230 197 40 322 770 10
864 213 185 21 74 610 10
