c2_10_8

VEHICLE
NUMBER   CAPACITY
250     700

CUSTOMER
CUST NO. XCOORD.  YCOORD.  DEMAND  READY TIME DUE DATE  SERVICE TIME

0   250    250     0     0    3914     0
587 144 266 30 107 747 90
196 139 262 30 1210 1850 90
930 124 247 20 2855 3495 90
604 152 241 20 553 1193 90
742 138 272 20 1581 2221 90
424 108 245 20 1490 2130 90
696 121 249 20 2181 2821 90
344 134 265 20 2426 3066 90
122 112 243 20 2081 2721 90
306 110 241 20 1896 2536 90
923 140 265 40 1303 1943 90
289 111 244 10 1989 2629 90
101 125 264 20 2615 3255 90
60 118 256 10 2279 2919 90
859 148 270 10 103 743 90
842 128 240 10 3045 3685 90
557 121 236 10 1794 2434 90
880 127 278 10 1866 2506 90
866 132 272 30 2054 2694 90
425 129 267 10 2240 2880 90
14 143 266 10 162 802 90
476 116 259 20 2373 3013 90
994 109 250 10 1300 1940 90
777 94 247 30 613 1253 90
308 152 260 10 98 738 90
25 115 269 10 2716 3356 90
862 143 257 10 261 901 90
627 112 251 10 1393 2033 90
548 138 276 10 1675 2315 90
855 101 263 20 916 1556 90
850 103 251 10 1018 1658 90
666 106 248 20 1206 1846 90
795 133 278 10 1770 2410 90
949 163 277 10 3093 3733 90
373 141 267 10 1395 2035 90
90 131 269 10 2148 2788 90
191 139 269 20 1488 2128 90
285 155 242 10 646 1286 90
532 129 244 30 2668 3308 90
189 149 273 20 103 743 90
563 104 246 10 1113 1753 90
551 103 266 30 822 1462 90
474 146 245 20 456 1096 90
337 95 243 20 519 1159 90
150 131 241 10 3065 3705 90
694 116 255 20 999 1639 90
228 119 232 10 1699 2339 90
102 131 253 10 2569 3209 90
290 132 273 10 1963 2603 90
612 131 267 10 2332 2972 90
817 123 242 20 2950 3590 90
571 129 264 20 2521 3161 90
466 125 245 20 2762 3402 90
740 129 255 10 2476 3116 90
538 128 249 20 1103 1743 90
881 140 252 20 357 997 90
316 101 237 20 1591 2231 90
