c2_10_2

VEHICLE
NUMBER   CAPACITY
250     700

CUSTOMER
CUST NO. XCOORD.  YCOORD.  DEMAND  READY TIME DUE DATE  SERVICE TIME

0   250    250     0     0    3914     0
455 341 37 20 434 594 90
465 345 15 20 0 3571 90
319 378 46 30 3090 3250 90
451 336 7 10 0 3567 90
490 367 59 10 0 3601 90
759 366 57 20 3076 3236 90
416 362 17 10 1884 2044 90
499 347 40 30 530 690 90
124 343 27 20 0 3583 90
52 368 17 20 2021 2181 90
164 352 38 10 626 786 90
678 356 28 20 1000 1160 90
477 374 55 30 2792 2952 90
700 366 16 20 0 3563 90
201 351 33 20 0 3585 90
546 344 46 30 1660 1820 90
701 348 16 30 1780 1940 90
894 346 13 20 1686 1846 90
370 370 55 10 2886 3046 90
409 363 55 10 2983 3143 90
515 375 31 20 2185 2345 90
244 373 22 10 0 3565 90
70 353 32 10 905 1065 90
876 341 26 10 1288 1448 90
1000 342 52 10 0 3606 90
11 365 18 20 2213 2373 90
302 363 62 20 0 3605 90
910 361 15 20 2118 2278 90
918 347 23 30 0 3578 90
685 347 21 20 1386 1546 90
909 351 31 20 813 973 90
952 366 34 10 2086 2246 90
