c2_10_2

VEHICLE
NUMBER   CAPACITY
250     700

CUSTOMER
CUST NO. XCOORD.  YCOORD.  DEMAND  READY TIME DUE DATE  SERVICE TIME

0   250    250     0     0    3914     0
932 294 64 10 383 543 90
454 310 81 30 2846 3006 90
531 312 64 20 582 742 90
534 351 75 10 2154 2314 90
898 323 60 10 0 3621 90
323 356 77 20 2249 2409 90
254 329 48 10 1555 1715 90
143 301 67 40 480 640 90
63 301 53 20 969 1129 90
88 290 75 20 191 351 90
427 329 56 20 1457 1617 90
749 334 47 20 331 491 90
211 337 63 30 2045 2205 90
779 316 80 30 0 3642 90
704 319 77 30 0 3638 90
351 325 75 30 2370 2530 90
435 335 64 10 0 3620 90
77 332 55 30 211 371 90
738 317 62 20 677 837 90
617 312 74 20 0 3638 90
846 311 47 10 0 3613 90
295 335 52 20 1761 1921 90
365 335 54 30 1853 2013 90
44 326 57 20 1364 1524 90
922 293 67 20 0 3637 90
896 315 57 20 0 3621 90
861 308 55 30 871 1031 90
899 308 82 30 0 3647 90
395 322 78 20 2464 2624 90
224 308 60 20 776 936 90
408 293 81 10 174 334 90
