c2_10_6

VEHICLE
NUMBER  CAPACITY
250   700

CUSTOMER
CUST NO. XCOORD. YCOORD. DEMAND READY TIME DUE DATE SERVICE TIME

0  250  250   0   0  3914   0
353 340 449 10 2926 3394 90
366 348 466 20 2389 2937 90
120 349 476 10 2267 2860 90
208 337 453 30 2844 3286 90
456 344 478 20 2092 2661 90
887 345 468 10 2530 2984 90
549 346 487 10 1623 2153 90
175 331 486 10 1745 2421 90
558 336 479 20 1979 2578 90
672 329 459 10 2653 3276 90
43 329 471 30 2583 3142 90
301 327 483 20 1936 2421 90
264 357 445 20 3079 3455 90
489 347 479 10 2153 2785 90
361 332 486 20 1681 2304 90
