rc2_10_10

VEHICLE
NUMBER  CAPACITY
250   1000

CUSTOMER
CUST NO. XCOORD. YCOORD. DEMAND READY TIME DUE DATE SERVICE TIME

0  250  250   0   0  7284   0
446 476 94 20 839 1439 10
552 477 97 10 891 1491 10
594 452 110 14 1121 1721 10
665 478 118 20 1177 1777 10
170 488 173 20 875 1475 10
390 452 172 9 2193 2793 10
576 481 96 20 948 1548 10
675 478 102 10 1057 1657 10
637 478 121 40 1035 1635 10
150 472 129 10 770 1370 10
249 439 156 2 1863 2463 10
950 481 124 10 894 1494 10
756 484 171 10 933 1533 10
219 477 120 10 1128 1728 10
245 484 174 10 818 1418 10
571 481 84 17 1782 2382 10
813 478 99 10 1005 1605 10
776 470 125 20 712 1312 10
351 476 174 30 1057 1657 10
963 477 122 10 1080 1680 10
599 479 169 20 994 1594 10
985 493 111 26 1924 2524 10
784 480 136 22 727 1327 10
591 484 177 20 766 1366 10
888 479 176 20 706 1306 10
875 477 179 20 651 1251 10
345 479 121 10 991 1591 10
361 481 122 30 942 1542 10
117 474 96 30 787 1387 10
896 476 102 20 1105 1705 10
35 467 114 10 1264 1864 10
716 479 127 20 839 1439 10
