rc2_10_1

VEHICLE
NUMBER   CAPACITY
250     1000

CUSTOMER
CUST NO. XCOORD.  YCOORD.  DEMAND  READY TIME DUE DATE  SERVICE TIME

0   250    250     0     0    7284     0
452 397 18 10 1168 1288 10
455 407 88 10 1298 1418 10
205 391 112 24 4001 4121 10
196 436 25 19 5129 5249 10
444 480 152 26 4086 4206 10
716 479 127 20 1079 1199 10
132 472 57 17 5179 5299 10
638 408 84 10 1137 1257 10
529 384 149 18 4789 4909 10
454 488 3 3 1602 1722 10
856 433 15 20 1131 1251 10
267 406 96 20 863 983 10
345 479 121 10 1231 1351 10
665 478 118 20 1417 1537 10
736 399 104 10 1159 1279 10
969 489 17 10 1520 1640 10
380 432 2 20 1866 1986 10
35 467 114 10 1504 1624 10
673 432 66 30 4285 4405 10
121 459 53 20 4489 4609 10
167 459 10 10 1340 1460 10
198 389 17 10 1463 1583 10
361 481 122 30 1182 1302 10
122 491 25 10 1634 1754 10
844 398 23 10 1024 1144 10
117 474 96 30 1027 1147 10
103 382 110 24 4450 4570 10
172 385 17 40 3235 3355 10
953 492 34 5 3242 3362 10
978 437 98 16 4455 4575 10
331 480 119 7 2514 2634 10
195 481 20 20 1388 1508 10
813 478 99 10 1245 1365 10
219 477 120 10 1368 1488 10
57 389 11 20 1293 1413 10
780 488 96 22 4265 4385 10
183 464 13 20 1539 1659 10
576 481 96 20 1188 1308 10
616 437 15 30 1421 1541 10
320 476 61 36 1795 1915 10
239 403 93 10 1363 1483 10
865 482 141 14 4043 4163 10
546 437 19 15 4056 4176 10
445 404 83 30 1194 1314 10
288 483 27 20 1832 1952 10
399 485 104 21 3178 3298 10
456 459 14 20 1241 1361 10
263 485 27 10 1784 1904 10
749 438 127 2 3764 3884 10
446 476 94 20 1079 1199 10
282 391 18 10 1511 1631 10
804 415 95 15 4707 4827 10
561 482 104 19 3230 3350 10
701 461 8 20 1476 1596 10
321 406 94 10 911 1031 10
521 399 106 20 1207 1327 10
23 406 87 10 1252 1372 10
776 470 125 20 952 1072 10
809 435 11 40 1189 1309 10
41 439 15 20 1373 1493 10
364 398 20 20 1076 1196 10
637 478 121 40 1275 1395 10
963 477 122 10 1320 1440 10
903 399 102 20 1068 1188 10
165 437 12 20 1318 1438 10
985 493 111 26 2164 2284 10
820 404 140 8 5035 5155 10
938 471 94 30 3995 4115 10
708 491 20 20 1574 1694 10
112 429 67 16 2929 3049 10
242 460 13 20 1287 1407 10
278 435 16 10 1470 1590 10
846 386 13 10 1348 1468 10
675 478 102 10 1297 1417 10
873 459 17 20 1645 1765 10
841 404 103 20 966 1086 10
377 397 20 20 1120 1240 10
274 394 23 20 1615 1735 10
365 481 26 30 1227 1347 10
661 441 60 21 5835 5955 10
896 476 102 20 1345 1465 10
901 394 47 5 1252 1372 10
336 441 7 20 1566 1686 10
20 409 90 20 1033 1153 10
131 418 75 11 1792 1912 10
861 409 88 20 1081 1201 10
171 398 97 10 836 956 10
829 460 2 20 1412 1532 10
965 489 27 10 1685 1805 10
729 435 20 20 1526 1646 10
682 440 7 20 1255 1375 10
784 480 136 22 967 1087 10
232 390 34 7 4241 4361 10
223 393 20 20 1563 1683 10
552 477 97 10 1131 1251 10
337 462 14 20 1588 1708 10
150 472 129 10 1010 1130 10
998 485 24 20 1285 1405 10
249 439 156 2 2103 2223 10
110 483 14 10 1453 1573 10
16 451 62 5 1129 1249 10
33 390 120 24 4017 4137 10
824 411 95 30 971 1091 10
814 391 99 20 766 886 10
670 400 103 10 1022 1142 10
594 452 110 14 1361 1481 10
726 397 57 17 5904 6024 10
977 480 131 5 2750 2870 10
579 406 99 20 908 1028 10
504 483 22 10 1336 1456 10
620 376 92 10 3962 4082 10
231 458 16 20 1192 1312 10
571 481 84 17 2022 2142 10
108 488 26 30 1731 1851 10
611 466 149 16 4744 4864 10
180 398 103 30 1114 1234 10
950 481 124 10 1134 1254 10
952 384 16 20 1402 1522 10
990 393 12 10 1237 1357 10
523 407 98 10 814 934 10
