rc2_10_1

VEHICLE
NUMBER   CAPACITY
250     1000

CUSTOMER
CUST NO. XCOORD.  YCOORD.  DEMAND  READY TIME DUE DATE  SERVICE TIME

0   250    250     0     0    7284     0
148 267 394 10 1037 1157 10
773 472 481 20 1306 1426 10
15 408 452 10 1088 1208 10
141 294 421 26 6302 6422 10
932 272 402 10 638 758 10
957 257 391 22 6532 6652 10
95 429 389 18 1696 1816 10
404 381 495 20 1290 1410 10
968 311 422 29 3952 4072 10
802 449 428 25 4987 5107 10
549 245 408 10 815 935 10
253 406 450 20 1037 1157 10
828 419 422 20 1105 1225 10
84 384 491 20 1391 1511 10
468 494 468 31 1410 1530 10
398 348 348 23 3739 3859 10
327 250 405 20 646 766 10
741 313 391 5 598 718 10
8 328 458 17 3071 3191 10
962 468 475 10 1193 1313 10
237 331 356 13 2847 2967 10
104 438 488 18 1309 1429 10
225 246 398 40 532 652 10
906 250 411 30 752 872 10
4 352 487 27 3607 3727 10
499 477 478 20 1569 1689 10
936 425 448 9 3178 3298 10
974 270 401 20 589 709 10
630 405 450 20 993 1113 10
1 440 436 18 3568 3688 10
250 434 359 13 5569 5689 10
164 381 494 10 1334 1454 10
72 412 478 7 3839 3959 10
213 475 480 30 1518 1638 10
680 380 489 20 1516 1636 10
289 382 498 10 1237 1357 10
218 272 420 7 5543 5663 10
534 267 400 10 929 1049 10
986 399 450 20 1435 1555 10
662 411 379 25 4773 4893 10
29 421 387 15 3205 3325 10
107 249 407 10 695 815 10
897 418 399 20 1751 1871 10
436 272 403 30 759 879 10
761 245 461 8 2597 2717 10
442 250 441 5 3023 3143 10
892 419 418 10 996 1116 10
480 387 488 20 1448 1568 10
671 408 453 10 1132 1252 10
354 270 400 10 545 665 10
353 351 481 10 1287 1407 10
271 299 353 34 396 516 10
498 377 385 6 3465 3585 10
999 470 475 30 1241 1361 10
200 475 477 20 1618 1738 10
710 283 438 3 926 1046 10
826 366 334 5 1641 1761 10
432 470 405 17 3703 3823 10
392 493 493 20 3426 3546 10
88 334 403 26 638 758 10
3 476 483 10 1419 1539 10
639 376 494 30 1079 1199 10
37 268 400 20 973 1093 10
939 470 473 10 1724 1844 10
487 241 403 10 881 1001 10
98 414 378 23 1979 2099 10
49 340 416 36 1284 1404 10
211 411 421 20 1260 1380 10
370 262 369 15 517 637 10
409 347 459 25 1918 2038 10
202 346 354 8 3270 3390 10
13 239 486 3 5928 6048 10
577 471 368 19 1712 1832 10
332 420 383 27 3928 4048 10
78 243 408 15 5735 5855 10
256 329 456 19 996 1116 10
702 421 415 30 941 1061 10
82 277 403 10 699 819 10
217 287 397 12 2257 2377 10
712 398 476 25 1672 1792 10
582 412 453 10 1188 1308 10
850 286 356 30 388 508 10
330 263 418 25 1114 1234 10
431 413 421 10 1212 1332 10
848 473 475 10 1669 1789 10
439 332 459 35 1475 1595 10
949 477 483 20 1463 1583 10
821 416 420 20 1159 1279 10
475 277 428 7 1961 2081 10
194 448 404 15 2396 2516 10
893 336 493 20 5972 6092 10
651 489 437 29 2827 2947 10
598 479 387 13 1590 1710 10
463 318 497 21 3415 3535 10
482 491 369 28 2918 3038 10
774 422 420 20 1050 1170 10
617 307 412 8 1615 1735 10
70 421 386 29 3297 3417 10
798 422 409 10 877 997 10
915 374 489 20 1017 1137 10
240 248 404 30 598 718 10
831 448 414 23 4891 5011 10
512 416 417 20 1372 1492 10
758 380 350 15 3466 3586 10
55 417 417 10 1328 1448 10
71 404 447 20 940 1060 10
524 406 460 2 2877 2997 10
840 470 417 11 2947 3067 10
362 266 405 20 868 988 10
485 313 493 20 4772 4892 10
724 413 391 8 868 988 10
910 433 447 20 3177 3297 10
39 377 432 20 3326 3446 10
297 371 423 10 784 904 10
83 498 456 27 5624 5744 10
58 450 416 25 2307 2427 10
656 255 487 19 1592 1712 10
473 413 417 10 1424 1544 10
853 243 399 10 939 1059 10
179 410 399 25 935 1055 10
807 368 452 16 2680 2800 10
154 241 402 11 4099 4219 10
290 457 492 7 2032 2152 10
459 370 382 11 3535 3655 10
460 405 454 11 5212 5332 10
719 378 493 30 1127 1247 10
658 469 489 4 2222 2342 10
262 405 455 40 1363 1483 10
948 481 454 14 1282 1402 10
878 269 402 20 811 931 10
265 330 371 1 2234 2354 10
443 471 484 10 1359 1479 10
324 274 441 12 2778 2898 10
56 419 459 20 1265 1385 10
681 380 498 10 1189 1309 10
277 379 486 22 2687 2807 10
208 260 472 33 4144 4264 10
378 328 491 21 2713 2833 10
