c2_10_8

VEHICLE
NUMBER  CAPACITY
250   700

CUSTOMER
CUST NO. XCOORD. YCOORD. DEMAND READY TIME DUE DATE SERVICE TIME

0  250  250   0   0  3914   0
663 232 87 30 1264 1904 90
641 212 96 10 664 1304 90
843 253 81 10 786 1426 90
936 211 97 20 572 1212 90
453 210 94 20 757 1397 90
188 204 90 20 854 1494 90
814 213 76 20 1060 1700 90
917 221 87 20 1163 1803 90
488 235 81 20 1210 1850 90
601 212 168 20 620 1260 90
438 265 77 20 592 1232 90
838 250 72 20 885 1525 90
204 238 57 30 1096 1736 90
58 259 76 10 688 1328 90
343 241 77 30 985 1625 90
265 212 71 20 964 1604 90
