c1_10_2

VEHICLE
NUMBER   CAPACITY
250     200

CUSTOMER
CUST NO. XCOORD.  YCOORD.  DEMAND  READY TIME DUE DATE  SERVICE TIME

0   250    250     0     0    1824     0
756 346 144 10 0 1591 90
348 307 108 10 777 847 90
294 338 142 40 204 256 90
856 281 164 20 91 140 90
930 345 144 30 568 640 90
388 324 127 30 143 200 90
398 285 163 10 714 780 90
327 305 107 20 0 1581 90
760 326 118 10 213 272 90
5 286 159 20 530 597 90
686 304 102 30 505 559 90
305 279 138 40 281 320 90
499 313 119 30 679 742 90
272 323 118 20 0 1584 90
306 338 147 10 135 193 90
540 349 158 20 1050 1093 90
32 297 102 10 214 281 90
477 285 162 30 625 688 90
30 281 137 10 370 416 90
520 299 98 30 320 364 90
353 317 123 20 497 554 90
343 344 146 10 496 529 90
243 307 102 40 0 1576 90
941 300 108 10 150 211 90
321 319 124 20 400 465 90
25 287 143 10 748 793 90
548 313 126 10 873 923 90
405 314 124 20 0 1593 90
985 284 140 40 115 172 90
774 279 159 20 252 301 90
644 290 141 30 645 709 90
136 286 137 10 0 1616 90
478 285 158 30 340 405 90
758 280 162 30 158 210 90
884 282 139 20 188 227 90
1000 287 144 20 0 1622 90
900 290 136 20 0 1614 90
241 348 145 20 763 813 90
357 304 97 20 407 466 90
169 346 150 20 948 998 90
230 348 147 10 845 914 90
410 288 154 10 442 494 90
504 343 144 10 0 1593 90
983 315 121 10 590 647 90
766 343 148 20 399 441 90
