r1_10_1

VEHICLE
NUMBER  CAPACITY
250   200

CUSTOMER
CUST NO. XCOORD. YCOORD. DEMAND READY TIME DUE DATE SERVICE TIME

0  250  250   0   0  1925   0
526 322 406 17 839 849 10
451 274 442 17 1076 1086 10
900 241 402 11 1035 1045 10
466 313 493 20 1203 1213 10
907 318 497 21 864 874 10
333 161 416 25 1021 1031 10
352 222 499 7 855 865 10
183 211 411 15 1157 1167 10
567 230 487 20 1140 1150 10
479 162 388 11 1136 1146 10
522 274 403 17 897 907 10
353 211 446 15 1133 1143 10
470 196 489 23 1040 1050 10
261 259 498 33 1085 1095 10
321 178 420 18 1081 1091 10
615 311 422 29 998 1008 10
12 260 472 33 1046 1056 10
