rc2_10_10

VEHICLE
NUMBER  CAPACITY
250   1000

CUSTOMER
CUST NO. XCOORD. YCOORD. DEMAND READY TIME DUE DATE SERVICE TIME

0  250  250   0   0  7284   0
663 178 72 23 2787 3387 10
687 18 24 32 2273 2873 10
789 140 137 32 2039 2639 10
28 80 117 24 3057 3657 10
717 6 53 8 2108 2708 10
942 52 18 28 3188 3788 10
559 21 70 15 2845 3445 10
450 179 75 13 2720 3320 10
415 132 32 18 2898 3498 10
145 66 88 2 3079 3679 10
372 89 65 16 2641 3241 10
614 39 162 18 2021 2621 10
632 125 61 26 2207 2807 10
411 120 37 28 2861 3461 10
526 95 64 4 2824 3424 10
333 142 14 18 3101 3701 10
