c2_10_6

VEHICLE
NUMBER  CAPACITY
250   700

CUSTOMER
CUST NO. XCOORD. YCOORD. DEMAND READY TIME DUE DATE SERVICE TIME

0  250  250   0   0  3914   0
567 192 306 20 1364 1843 90
911 195 300 10 256 820 90
665 174 304 20 93 482 90
804 196 302 20 113 594 90
220 176 296 20 1057 1563 90
540 194 296 20 490 970 90
997 175 282 10 952 1459 90
97 201 273 30 54 690 90
582 167 304 20 99 701 90
142 191 309 10 1233 1788 90
913 179 311 10 118 665 90
314 188 330 30 386 801 90
535 185 293 10 697 1323 90
891 190 292 10 559 1092 90
526 190 332 20 387 985 90
333 198 284 10 62 632 90
441 201 331 20 493 1080 90
397 188 293 30 756 1078 90
713 191 308 20 82 549 90
872 199 305 30 1356 2044 90
829 194 301 30 249 643 90
945 179 284 30 890 1332 90
401 185 301 20 1128 1693 90
613 200 297 30 395 872 90
473 197 301 10 73 550 90
141 189 327 10 253 746 90
