c2_10_3

VEHICLE
NUMBER   CAPACITY
250     700

CUSTOMER
CUST NO. XCOORD.  YCOORD.  DEMAND  READY TIME DUE DATE  SERVICE TIME

0   250    250     0     0    3914     0
756 380 228 30 0 3693 90
276 379 245 10 2773 2933 90
75 396 234 20 0 3678 90
163 383 246 20 0 3691 90
570 389 221 10 0 3683 90
819 377 246 20 3054 3214 90
543 379 229 10 1045 1205 90
349 384 235 20 0 3690 90
934 382 245 20 2959 3119 90
723 388 228 10 1235 1395 90
402 385 235 10 2581 2741 90
616 398 231 20 2296 2456 90
717 387 224 30 1517 1677 90
487 388 220 20 0 3683 90
646 389 233 20 0 3684 90
173 402 230 10 0 3671 90
136 380 223 10 1614 1774 90
793 367 239 20 0 3707 90
