r1_10_6

VEHICLE
NUMBER  CAPACITY
250   200

CUSTOMER
CUST NO. XCOORD. YCOORD. DEMAND READY TIME DUE DATE SERVICE TIME

0  250  250   0   0  1925   0
499 238 123 24 781 811 10
103 210 113 28 690 720 10
443 165 59 27 943 973 10
330 193 138 30 661 691 10
500 188 119 44 975 1005 10
427 191 84 13 867 897 10
303 250 57 26 748 778 10
33 178 72 23 757 787 10
185 178 150 33 632 662 10
400 174 122 14 593 623 10
483 142 14 18 835 865 10
948 210 133 15 689 719 10
366 244 13 24 1013 1043 10
415 195 111 15 998 1028 10
429 212 47 20 801 831 10
781 140 137 32 570 600 10
507 158 24 18 611 641 10
724 179 75 13 740 770 10
623 200 78 31 993 1023 10
10 251 63 14 987 1017 10
227 224 3 10 690 720 10
