rc1_10_5

VEHICLE
NUMBER  CAPACITY
250   200

CUSTOMER
CUST NO. XCOORD. YCOORD. DEMAND READY TIME DUE DATE SERVICE TIME

0  250  250   0   0  1821   0
995 18 225 8 680 733 10
43 111 192 11 1196 1232 10
536 105 181 19 1513 1579 10
562 120 261 5 777 839 10
177 7 194 29 939 993 10
193 60 231 32 1014 1068 10
313 30 155 9 1280 1310 10
832 46 163 8 909 973 10
566 68 160 21 1125 1177 10
970 13 214 21 1317 1421 10
688 57 183 15 1095 1135 10
979 131 246 17 821 874 10
127 0 188 26 904 990 10
879 53 204 8 1023 1117 10
