r2_10_1

VEHICLE
NUMBER   CAPACITY
250     1000

CUSTOMER
CUST NO. XCOORD.  YCOORD.  DEMAND  READY TIME DUE DATE  SERVICE TIME

0   250    250     0     0    7697     0
156 448 414 23 4924 4978 10
205 398 341 33 3775 3858 10
968 410 399 25 983 1007 10
945 466 362 15 4595 4744 10
600 487 320 21 3448 3534 10
388 450 416 25 2281 2453 10
836 414 378 23 1961 2117 10
128 457 492 7 2041 2143 10
755 489 437 29 2809 2965 10
837 475 352 33 1231 1367 10
864 421 386 29 3310 3404 10
96 440 436 18 3549 3706 10
380 411 379 25 4781 4886 10
760 441 374 10 873 1034 10
988 413 391 8 876 981 10
270 489 338 17 5551 5746 10
121 470 405 17 3694 3832 10
573 489 457 13 1264 1386 10
159 425 448 9 3152 3324 10
122 448 397 33 3482 3563 10
509 486 324 15 3109 3168 10
819 452 484 26 5136 5212 10
863 436 467 12 2950 3059 10
543 438 488 18 1304 1433 10
164 469 489 4 2211 2353 10
958 463 406 23 3439 3540 10
680 421 387 15 3211 3318 10
483 411 396 23 3667 3814 10
722 493 493 20 3457 3515 10
677 387 349 9 627 726 10
195 405 454 11 5178 5365 10
162 468 360 16 1104 1208 10
592 429 476 23 2314 2392 10
897 406 408 15 5799 5971 10
700 396 417 13 3261 3340 10
353 499 316 18 2472 2623 10
200 412 478 7 3851 3946 10
691 485 428 22 5977 6062 10
621 448 404 15 2407 2505 10
61 453 360 13 858 990 10
555 449 428 25 4966 5129 10
263 471 368 19 1718 1827 10
940 468 352 9 3031 3235 10
109 465 367 14 4087 4248 10
211 498 457 15 3692 3733 10
935 421 499 23 5363 5519 10
577 492 326 19 4863 4890 10
23 413 476 34 4729 4823 10
99 420 383 27 3932 4044 10
247 413 493 26 4894 4971 10
85 422 498 5 2801 2856 10
123 471 427 8 3256 3395 10
554 497 483 12 1407 1541 10
352 406 460 2 2868 3006 10
439 448 495 40 1519 1669 10
821 498 456 27 5611 5757 10
334 481 454 14 1278 1406 10
614 495 355 3 4981 5084 10
285 487 446 9 5360 5482 10
873 413 345 20 4872 4993 10
840 429 389 18 1700 1812 10
358 404 439 3 964 1067 10
434 470 417 11 2961 3053 10
341 494 468 31 1417 1523 10
927 405 349 15 2084 2215 10
682 434 359 13 5585 5673 10
904 418 399 20 1739 1882 10
33 447 383 17 889 1013 10
956 492 335 10 3316 3430 10
459 460 328 13 872 1001 10
817 473 491 23 1654 1772 10
972 479 387 13 1620 1680 10
791 433 447 20 3179 3294 10
86 460 424 11 5786 5970 10
688 491 369 28 2891 3065 10
