rc2_10_7

VEHICLE
NUMBER  CAPACITY
250   1000

CUSTOMER
CUST NO. XCOORD. YCOORD. DEMAND READY TIME DUE DATE SERVICE TIME

0  250  250   0   0  7284   0
931 398 329 17 597 746 10
537 398 325 30 805 1181 10
544 406 285 20 683 866 10
973 388 325 10 1080 1147 10
826 366 334 5 1525 1877 10
210 391 293 20 648 1278 10
265 330 371 1 2104 2484 10
691 402 281 20 777 1344 10
146 395 332 10 669 1095 10
329 408 279 20 782 1097 10
603 401 281 20 783 1426 10
352 400 286 10 530 804 10
755 399 301 30 616 1058 10
518 388 334 20 589 795 10
644 365 274 14 265 675 10
909 387 297 10 389 853 10
567 405 276 20 941 1053 10
341 410 285 20 730 931 10
532 390 301 10 616 825 10
481 385 295 20 474 664 10
81 407 280 10 798 990 10
105 395 331 20 671 1182 10
66 400 288 30 453 784 10
201 390 325 30 977 1153 10
685 389 334 20 525 947 10
894 389 300 10 426 924 10
63 388 331 20 418 862 10
216 402 284 30 561 875 10
315 394 333 20 598 1076 10
960 393 301 30 663 883 10
24 371 332 14 1962 2395 10
556 359 287 24 308 612 10
545 391 334 20 677 891 10
472 395 295 20 579 1231 10
416 390 294 20 655 1363 10
