c2_10_9

VEHICLE
NUMBER  CAPACITY
250   700

CUSTOMER
CUST NO. XCOORD. YCOORD. DEMAND READY TIME DUE DATE SERVICE TIME

0  250  250   0   0  3914   0
615 265 218 20 2301 2718 90
748 275 236 20 1361 1924 90
830 254 238 30 1703 3748 90
336 268 235 10 1416 2428 90
633 272 233 10 1454 2201 90
324 253 244 20 2314 3329 90
36 280 224 10 2082 2530 90
68 272 212 20 1819 3002 90
2 266 231 40 1254 2779 90
215 253 241 20 2383 3447 90
153 272 228 10 1595 2630 90
527 274 231 30 1750 2662 90
709 273 234 10 1623 1849 90
637 245 239 20 2397 3629 90
478 249 251 20 2856 3375 90
503 250 217 40 2099 3129 90
533 278 230 10 1163 1930 90
