r2_10_7

VEHICLE
NUMBER  CAPACITY
250   1000

CUSTOMER
CUST NO. XCOORD. YCOORD. DEMAND READY TIME DUE DATE SERVICE TIME

0  250  250   0   0  7697   0
237 188 119 44 3839 4079 10
756 165 59 27 3711 3951 10
922 195 111 15 3932 4172 10
114 179 75 13 2900 3140 10
422 282 1 18 4110 4350 10
477 251 63 14 3890 4130 10
670 215 129 17 4414 4654 10
824 178 72 23 2967 3207 10
525 235 108 12 4258 4498 10
383 210 29 13 4143 4383 10
903 307 52 23 3622 3862 10
127 297 131 25 4602 4842 10
617 171 34 21 4512 4752 10
331 202 28 22 3677 3917 10
427 281 96 1 4443 4683 10
763 244 13 24 3992 4232 10
