c2_10_7

VEHICLE
NUMBER   CAPACITY
250     700

CUSTOMER
CUST NO. XCOORD.  YCOORD.  DEMAND  READY TIME DUE DATE  SERVICE TIME

0   250    250     0     0    3914     0
148 403 361 10 1190 1875 90
15 252 347 10 2465 3517 90
303 375 342 10 715 1323 90
227 277 434 20 1043 1971 90
756 380 228 30 1041 1393 90
322 418 300 10 590 792 90
356 314 279 10 70 1003 90
993 405 311 30 169 344 90
132 400 364 30 574 725 90
348 239 373 10 1321 2650 90
800 413 353 10 1299 2161 90
549 346 487 10 1397 2379 90
529 315 232 10 2421 3246 90
697 404 346 10 950 1536 90
600 254 335 10 2688 3498 90
879 416 364 20 1867 2169 90
339 393 368 10 185 1462 90
293 406 286 10 3157 3631 90
128 317 235 20 2310 2989 90
276 379 245 10 2734 2972 90
835 378 326 30 148 506 90
84 317 234 10 2150 2967 90
689 383 351 20 167 809 90
652 261 371 20 679 1437 90
969 314 436 10 1723 2640 90
507 399 379 20 2562 3518 90
96 266 373 10 737 1008 90
805 391 373 10 2680 3600 90
870 431 301 10 1444 1653 90
260 401 385 20 2674 3214 90
960 264 365 10 1323 1348 90
962 233 346 20 2478 3103 90
175 331 486 10 1559 2607 90
676 260 330 40 2971 3595 90
500 318 493 10 643 1167 90
537 432 369 10 1880 2574 90
735 345 496 20 963 2012 90
492 441 287 40 2850 3140 90
328 316 234 10 2309 3173 90
686 293 245 10 3365 3654 90
792 404 310 20 165 1030 90
75 396 234 20 1875 3065 90
889 395 365 30 185 690 90
589 368 325 30 139 690 90
335 229 396 30 2681 3244 90
163 383 246 20 2377 3518 90
995 428 314 20 880 1264 90
47 229 364 10 2283 2901 90
602 281 279 20 559 1030 90
394 361 337 50 141 1011 90
573 325 251 20 1309 1702 90
305 277 431 30 1053 1774 90
4 430 298 10 1179 2104 90
497 448 295 10 2533 3075 90
178 326 498 10 773 1429 90
361 332 486 20 1754 2231 90
53 341 367 30 2083 3138 90
558 336 479 20 2220 2337 90
157 251 376 10 2901 3631 90
159 386 357 20 1118 1907 90
687 267 436 30 2924 3249 90
286 440 302 20 693 2026 90
174 323 229 10 1544 2052 90
509 360 338 10 140 920 90
630 269 428 20 561 1889 90
690 289 240 20 751 1287 90
672 329 459 10 2744 3185 90
844 307 227 30 2523 3343 90
819 377 246 20 2846 3423 90
556 428 292 10 1892 1970 90
967 313 263 20 388 703 90
858 298 430 30 186 1329 90
966 444 309 20 2302 2709 90
117 311 496 10 432 1183 90
43 329 471 30 2700 3026 90
246 358 359 20 2273 3165 90
560 296 232 10 1030 1666 90
543 379 229 10 1030 1220 90
489 347 479 10 2278 2661 90
349 384 235 20 2669 2836 90
130 368 340 10 296 785 90
931 442 287 30 2488 3321 90
67 277 371 30 325 1025 90
907 262 352 10 1085 2347 90
730 322 454 20 216 698 90
312 232 378 20 1737 2811 90
934 382 245 20 2436 3642 90
400 378 363 30 1621 2036 90
958 241 362 10 1921 3059 90
982 436 301 20 941 1965 90
218 275 431 10 849 1794 90
722 369 351 20 664 1172 90
301 327 483 20 1855 2501 90
743 317 251 30 618 1421 90
851 300 443 10 1570 2581 90
195 395 378 10 1501 1931 90
847 292 456 20 2529 2668 90
810 283 425 20 408 1468 90
739 319 257 20 69 1469 90
723 388 228 10 892 1738 90
634 320 231 20 2332 2596 90
436 412 361 10 1554 2103 90
825 400 376 40 723 962 90
976 297 250 30 3080 3746 90
520 420 308 30 569 1009 90
338 297 430 20 196 721 90
921 272 246 10 22 781 90
402 385 235 10 2408 2914 90
89 346 344 10 2917 3667 90
616 398 231 20 1898 2854 90
320 420 311 30 769 1177 90
354 275 448 10 2743 3221 90
353 340 449 10 2418 3606 90
271 296 253 10 662 1167 90
744 279 436 20 1543 1656 90
498 446 297 10 1991 2633 90
942 293 249 10 43 457 90
419 316 453 20 213 1055 90
19 302 235 20 901 1345 90
269 386 344 20 1210 1427 90
200 294 455 30 2402 2611 90
146 241 375 10 1808 2349 90
584 234 383 10 1946 2411 90
674 266 264 30 332 1034 90
26 377 356 10 1319 2533 90
221 361 349 10 2598 3594 90
834 289 452 20 2460 3295 90
826 290 416 30 170 712 90
445 283 248 30 33 448 90
61 236 361 30 1723 1863 90
456 344 478 20 2002 2751 90
639 316 254 20 385 1275 90
692 291 450 10 2641 2929 90
350 284 360 30 214 564 90
902 308 232 30 2615 3440 90
359 370 353 10 717 934 90
446 391 334 20 885 1368 90
46 429 282 20 2906 3290 90
939 359 371 10 2258 2746 90
979 247 447 10 3081 3319 90
717 387 224 30 1263 1931 90
149 257 336 10 2802 3570 90
541 413 350 10 1209 2066 90
854 372 354 30 1543 2498 90
411 428 298 30 1356 2111 90
778 320 225 20 1718 2471 90
469 430 310 30 666 1846 90
494 263 351 10 1571 1679 90
479 325 490 10 771 1236 90
366 348 466 20 2360 2967 90
387 274 248 20 274 507 90
325 323 258 10 1095 1721 90
374 258 350 20 1688 2116 90
347 367 358 30 1937 2489 90
521 254 357 20 1545 2639 90
624 458 303 20 2315 2906 90
536 364 364 20 2298 2321 90
660 331 252 10 1195 1233 90
577 253 382 10 2611 3692 90
448 276 428 20 1007 1248 90
782 297 442 20 1473 2312 90
368 328 216 10 1688 2296 90
78 272 365 30 446 1099 90
430 330 259 30 834 1788 90
852 420 295 10 1530 2135 90
591 325 246 10 1441 1760 90
702 353 346 20 2990 3398 90
364 317 467 20 227 1237 90
646 389 233 20 2142 2991 90
264 357 445 20 3082 3452 90
93 418 385 30 2687 2987 90
73 278 357 10 110 645 90
79 418 355 20 1864 2371 90
653 302 470 20 1971 2643 90
85 439 297 30 1785 2462 90
123 448 302 20 2025 2789 90
916 366 352 10 2229 3591 90
311 414 384 10 2497 2988 90
330 321 228 30 1917 2643 90
352 279 369 10 229 935 90
775 244 371 20 1943 2837 90
182 242 350 10 2392 3389 90
238 280 423 10 741 1322 90
580 366 341 20 311 955 90
9 294 437 30 474 1008 90
390 265 358 20 1156 1709 90
820 310 484 30 327 1084 90
603 326 241 20 1357 2034 90
475 401 368 20 316 1171 90
514 429 294 10 1878 2167 90
651 278 329 10 83 935 90
731 241 391 30 2878 3253 90
403 261 350 10 1387 2231 90
242 332 491 30 1014 1568 90
463 352 500 30 1282 1889 90
482 319 229 10 2038 2707 90
54 410 364 30 1524 2319 90
614 299 442 10 1647 2322 90
173 402 230 10 2148 2415 90
679 428 384 10 2208 2841 90
764 250 367 20 1937 2449 90
675 308 235 10 2999 3431 90
136 380 223 10 1265 2124 90
798 312 252 20 668 1181 90
120 349 476 10 2402 2724 90
512 409 361 30 661 1612 90
929 290 425 30 190 530 90
133 355 480 20 1545 1846 90
501 399 352 10 897 1783 90
840 351 480 30 1423 2157 90
491 261 370 30 1019 1279 90
845 233 441 20 2748 3633 90
901 326 253 10 832 1406 90
362 386 361 30 1139 2075 90
357 434 377 10 2132 2719 90
434 338 489 30 1168 1607 90
827 277 369 30 437 543 90
20 259 355 20 1811 2183 90
298 408 305 10 167 1044 90
724 325 228 20 1337 2443 90
519 239 369 30 1521 2261 90
733 298 255 10 48 847 90
991 320 476 30 491 716 90
625 298 438 10 453 841 90
927 290 440 40 1362 2040 90
645 354 219 10 2736 3716 90
185 360 356 10 2642 2983 90
682 365 360 20 1708 2533 90
946 368 219 20 588 1452 90
975 305 233 20 3002 3240 90
887 345 468 10 2514 3000 90
566 394 356 30 178 813 90
187 262 368 30 1184 1299 90
169 358 365 30 1946 2866 90
230 366 346 20 591 864 90
823 313 266 20 339 566 90
998 298 456 30 2137 2687 90
110 406 339 20 179 796 90
16 403 390 10 2146 3133 90
318 267 260 20 37 1141 90
807 234 350 10 2554 2839 90
746 263 372 10 784 1149 90
245 255 371 40 2076 2503 90
670 412 300 20 174 1016 90
594 440 295 30 1890 2541 90
413 404 378 10 718 1155 90
106 389 342 10 718 1732 90
105 373 364 20 2717 3657 90
460 314 449 30 209 1063 90
279 290 417 10 171 725 90
342 280 351 30 105 952 90
714 448 297 10 2272 3153 90
42 292 445 10 1639 1954 90
669 412 367 20 765 1315 90
981 292 434 10 454 1217 90
569 419 310 10 599 1165 90
262 402 362 20 1005 1876 90
667 410 287 20 2773 3660 90
86 394 367 30 303 617 90
326 293 454 20 2653 2729 90
56 321 224 30 1843 2529 90
649 363 351 20 2555 3452 90
611 426 279 30 2777 3608 90
793 367 239 20 2765 3707 90
417 320 258 20 509 780 90
874 328 498 20 780 1607 90
184 268 351 10 926 2133 90
486 301 247 10 2797 3773 90
375 428 312 10 939 1388 90
208 337 453 30 2947 3183 90
385 384 346 20 964 1858 90
523 434 382 30 1930 2730 90
