r2_10_7

VEHICLE
NUMBER  CAPACITY
250   1000

CUSTOMER
CUST NO. XCOORD. YCOORD. DEMAND READY TIME DUE DATE SERVICE TIME

0  250  250   0   0  7697   0
471 131 246 17 3268 3508 10
839 286 244 31 5076 5316 10
257 60 246 25 640 880 10
943 206 174 14 3139 3379 10
59 159 226 16 256 496 10
835 37 281 17 1913 2153 10
317 120 261 5 3113 3353 10
752 222 331 10 2098 2338 10
896 244 277 18 5145 5385 10
912 215 282 21 5702 5942 10
869 46 248 9 3195 3435 10
184 218 271 16 6235 6475 10
668 80 251 14 1154 1394 10
806 172 292 17 308 548 10
593 161 275 21 5327 5567 10
293 72 227 25 2195 2435 10
734 57 183 15 4341 4581 10
411 228 260 12 6362 6602 10
983 136 265 12 340 580 10
698 71 304 19 2696 2936 10
955 7 194 29 3745 3985 10
710 240 240 35 6738 6978 10
279 153 235 10 273 513 10
8 117 178 28 4409 4649 10
463 82 183 17 4347 4587 10
338 224 320 36 5075 5315 10
137 241 180 13 6718 6958 10
855 64 294 12 4345 4585 10
349 195 273 22 118 358 10
888 248 214 19 5857 6097 10
57 33 278 18 5889 6129 10
984 247 306 33 104 344 10
174 18 225 8 2705 2945 10
108 34 239 16 816 1056 10
867 110 251 23 1931 2171 10
190 245 176 20 4879 5119 10
87 246 314 36 5721 5961 10
313 267 290 15 54 294 10
306 133 202 33 1782 2022 10
487 268 288 26 5008 5248 10
946 201 278 13 106 346 10
20 179 286 8 1305 1545 10
811 44 311 27 1570 1810 10
498 68 240 11 3118 3358 10
978 146 313 22 4721 4961 10
241 164 332 19 5059 5299 10
368 134 211 35 422 662 10
222 53 204 8 4160 4400 10
767 64 198 10 4294 4534 10
399 79 257 26 3752 3992 10
273 226 175 23 6715 6955 10
239 103 177 28 2446 2686 10
384 178 302 19 3486 3726 10
795 171 188 30 2422 2662 10
899 130 186 16 465 705 10
316 210 276 5 71 311 10
302 13 214 21 5354 5594 10
705 66 314 26 659 899 10
588 62 236 29 2172 2412 10
980 56 268 28 4196 4436 10
95 240 255 33 6384 6624 10
466 32 191 5 2285 2525 10
251 273 300 30 100 340 10
580 272 234 26 6301 6541 10
39 161 276 8 474 714 10
536 111 178 18 506 746 10
395 68 303 22 825 1065 10
304 6 196 20 4753 4993 10
417 83 300 26 1939 2179 10
469 133 273 20 357 597 10
996 32 319 21 1542 1782 10
130 97 288 22 5076 5316 10
77 176 200 17 2210 2450 10
415 212 186 11 6826 7066 10
89 166 247 1 216 456 10
27 261 201 15 5996 6236 10
476 118 314 26 1290 1530 10
921 291 251 20 44 284 10
548 221 291 9 124 364 10
979 40 304 16 4519 4759 10
165 248 176 32 5546 5786 10
947 206 172 29 3092 3332 10
602 1 252 5 1041 1281 10
993 287 256 18 37 277 10
303 230 320 8 4708 4948 10
142 28 180 34 1482 1722 10
426 162 301 16 6392 6632 10
898 265 240 9 18 258 10
611 89 185 16 2339 2579 10
736 55 318 13 1188 1428 10
625 115 296 24 6055 6295 10
204 173 182 25 291 531 10
557 214 274 24 5416 5656 10
775 197 202 29 4755 4995 10
103 144 331 13 3665 3905 10
807 228 287 21 52 292 10
986 180 162 9 634 874 10
944 209 212 18 6051 6291 10
991 86 199 23 1051 1291 10
866 9 233 31 1165 1405 10
490 191 215 17 154 394 10
235 162 306 22 417 657 10
113 231 167 15 221 461 10
709 61 214 4 1307 1547 10
953 86 189 21 847 1087 10
364 226 316 21 161 401 10
400 181 185 19 6395 6635 10
307 235 316 2 2563 2803 10
452 225 269 30 5023 5263 10
72 215 293 13 102 342 10
187 180 283 23 2915 3155 10
186 89 322 21 4023 4263 10
