r1_10_9

VEHICLE
NUMBER   CAPACITY
250     200

CUSTOMER
CUST NO. XCOORD.  YCOORD.  DEMAND  READY TIME DUE DATE  SERVICE TIME

0   250    250     0     0    1925     0
800 206 172 29 781 825 10
632 226 175 23 1669 1748 10
673 191 215 17 68 160 10
313 173 182 25 102 206 10
53 231 167 15 85 162 10
703 176 199 28 89 131 10
819 213 185 21 74 185 10
281 206 174 14 765 864 10
634 223 178 20 1145 1157 10
254 176 200 17 544 621 10
854 233 230 20 26 100 10
449 171 188 30 585 687 10
980 188 151 7 1270 1353 10
796 209 212 18 1523 1563 10
516 217 207 26 1361 1433 10
435 177 156 25 140 225 10
82 245 176 20 1214 1285 10
699 178 135 21 1509 1548 10
330 193 138 30 640 712 10
144 181 185 19 1584 1674 10
173 248 176 32 1372 1461 10
189 186 135 24 709 756 10
845 264 180 33 1675 1716 10
610 248 214 19 1465 1523 10
625 197 202 29 1172 1265 10
927 219 215 32 46 120 10
729 199 203 20 1440 1505 10
185 178 150 33 621 673 10
106 241 180 13 1688 1731 10
262 180 162 9 164 213 10
667 210 219 7 50 92 10
214 212 186 11 1718 1756 10
948 210 133 15 673 734 10
68 219 210 14 50 144 10
51 203 211 20 1278 1364 10
