r1_10_9

VEHICLE
NUMBER   CAPACITY
250     200

CUSTOMER
CUST NO. XCOORD.  YCOORD.  DEMAND  READY TIME DUE DATE  SERVICE TIME

0   250    250     0     0    1925     0
141 291 251 20 41 138 10
802 301 239 31 52 93 10
559 286 244 31 1287 1311 10
267 308 199 14 1498 1549 10
537 320 211 16 977 1038 10
407 295 283 26 893 924 10
589 306 229 10 1314 1357 10
751 268 288 26 1244 1319 10
65 299 285 3 1256 1282 10
695 306 235 25 57 101 10
28 273 300 30 55 110 10
218 311 203 15 691 785 10
743 285 247 13 1245 1335 10
877 274 261 20 1700 1743 10
527 244 277 18 1291 1341 10
320 291 213 23 1252 1294 10
866 240 240 35 1688 1741 10
970 273 255 18 1462 1553 10
201 293 228 19 48 85 10
621 325 210 15 901 996 10
61 261 201 15 1500 1558 10
14 266 221 9 33 107 10
541 272 234 26 1570 1640 10
487 280 245 21 30 69 10
712 318 280 21 74 95 10
247 247 219 17 31 65 10
74 298 264 36 50 84 10
911 287 256 18 37 135 10
257 295 247 12 1293 1343 10
278 297 283 28 1311 1418 10
706 289 220 19 49 91 10
831 307 249 10 1360 1423 10
478 240 255 33 1607 1644 10
297 314 205 22 1508 1576 10
943 290 328 7 135 182 10
110 251 238 27 12 72 10
142 322 290 23 1447 1541 10
105 303 186 10 1333 1406 10
459 259 301 25 98 129 10
618 284 319 17 785 878 10
790 267 290 15 43 112 10
486 265 240 9 18 59 10
881 297 304 4 71 163 10
