r1_10_9

VEHICLE
NUMBER   CAPACITY
250     200

CUSTOMER
CUST NO. XCOORD.  YCOORD.  DEMAND  READY TIME DUE DATE  SERVICE TIME

0   250    250     0     0    1925     0
429 212 47 20 781 851 10
993 172 24 17 1445 1490 10
930 187 61 19 526 593 10
388 135 30 12 469 510 10
507 158 24 18 593 660 10
398 142 30 32 1234 1287 10
502 150 68 23 402 474 10
500 188 119 44 950 1029 10
683 142 80 12 462 552 10
1 171 34 21 1092 1224 10
447 215 79 5 218 259 10
400 174 122 14 578 639 10
680 198 85 28 266 290 10
483 142 14 18 827 873 10
162 147 30 26 1095 1153 10
623 200 78 31 978 1038 10
81 201 66 14 1167 1197 10
865 151 81 28 1538 1607 10
472 171 24 11 1384 1412 10
309 196 56 15 581 668 10
947 206 97 33 428 499 10
427 191 84 13 863 902 10
747 172 66 18 1291 1344 10
147 174 41 15 1292 1345 10
577 132 32 18 771 827 10
137 210 29 13 1032 1100 10
702 144 35 26 239 324 10
815 202 28 22 926 973 10
795 138 28 23 1069 1154 10
194 200 27 22 477 602 10
514 174 67 15 1248 1301 10
403 173 65 12 431 495 10
617 168 109 10 194 244 10
846 168 59 6 375 387 10
798 156 65 22 1035 1069 10
240 157 38 3 1046 1080 10
599 210 81 2 381 447 10
724 179 75 13 731 779 10
519 209 68 27 1572 1595 10
473 187 73 18 268 346 10
415 195 111 15 982 1045 10
33 178 72 23 744 799 10
279 120 37 28 755 825 10
443 165 59 27 910 1006 10
