rc2_10_9

VEHICLE
NUMBER  CAPACITY
250   1000

CUSTOMER
CUST NO. XCOORD. YCOORD. DEMAND READY TIME DUE DATE SERVICE TIME

0  250  250   0   0  7284   0
958 421 218 10 836 1316 10
89 415 223 20 1039 1519 10
285 344 203 14 489 969 10
298 417 217 30 574 1054 10
874 423 217 20 787 1267 10
360 376 190 30 441 921 10
316 355 180 30 369 849 10
405 364 173 30 541 1021 10
522 425 215 10 736 1216 10
672 435 180 37 718 1198 10
300 412 214 10 424 904 10
68 378 199 10 649 1129 10
74 358 183 20 755 1235 10
143 371 193 20 295 775 10
426 367 178 20 541 1021 10
517 359 179 20 469 949 10
883 360 184 10 706 1186 10
162 371 192 30 339 819 10
323 418 221 10 985 1465 10
588 359 182 20 657 1137 10
52 375 191 30 487 967 10
233 423 214 20 687 1167 10
806 379 196 20 596 1076 10
954 371 200 10 717 1197 10
363 374 232 33 261 741 10
38 391 202 14 356 836 10
135 374 190 20 393 873 10
725 415 216 10 525 1005 10
768 420 213 10 634 1114 10
350 357 181 20 418 898 10
273 355 177 20 317 797 10
731 417 218 10 932 1412 10
629 413 217 20 476 956 10
493 447 184 27 1518 1998 10
927 352 176 20 264 744 10
891 418 218 20 888 1368 10
471 423 221 9 853 1333 10
602 376 195 10 544 1024 10
514 361 181 20 608 1088 10
778 409 155 19 501 981 10
889 420 224 10 1536 2016 10
