rc2_10_9

VEHICLE
NUMBER  CAPACITY
250   1000

CUSTOMER
CUST NO. XCOORD. YCOORD. DEMAND READY TIME DUE DATE SERVICE TIME

0  250  250   0   0  7284   0
951 389 156 27 2682 3162 10
85 355 174 33 2681 3161 10
379 399 175 13 2808 3288 10
478 365 190 22 5730 6210 10
529 384 149 18 4609 5089 10
595 347 192 18 5773 6253 10
412 397 153 29 3350 3830 10
877 405 187 34 4822 5302 10
956 428 202 24 3435 3915 10
191 429 169 8 3431 3911 10
91 432 199 7 2374 2854 10
519 401 164 13 2305 2785 10
159 386 154 31 4224 4704 10
192 350 199 21 4626 5106 10
604 441 177 23 3825 4305 10
