r1_10_3

VEHICLE
NUMBER  CAPACITY
250   200

CUSTOMER
CUST NO. XCOORD. YCOORD. DEMAND READY TIME DUE DATE SERVICE TIME

0  250  250   0   0  1925   0
672 405 349 15 532 542 10
204 385 285 13 878 888 10
509 440 284 25 862 872 10
540 340 291 22 480 490 10
713 333 293 27 627 637 10
734 475 267 7 790 800 10
322 389 255 15 795 805 10
438 497 296 14 623 633 10
70 390 249 21 592 602 10
998 380 350 15 876 886 10
93 366 288 29 694 704 10
922 497 266 25 758 768 10
127 371 332 14 540 550 10
60 352 241 5 802 812 10
196 487 320 21 868 878 10
736 489 274 31 544 554 10
611 385 239 21 796 806 10
