c1_10_9

VEHICLE
NUMBER   CAPACITY
250     200

CUSTOMER
CUST NO. XCOORD.  YCOORD.  DEMAND  READY TIME DUE DATE  SERVICE TIME

0   250    250     0     0    1824     0
451 386 405 20 206 566 90
578 388 408 10 213 573 90
993 475 480 30 694 1054 90
132 419 422 20 431 791 90
549 390 415 20 886 1246 90
785 422 409 10 234 594 90
849 388 418 10 217 577 90
267 421 415 30 237 597 90
837 419 418 10 244 604 90
864 477 478 20 787 1147 90
960 455 365 20 235 595 90
962 405 450 20 253 613 90
684 457 374 10 795 1155 90
797 478 464 10 312 672 90
104 422 420 20 338 698 90
24 417 417 10 807 1167 90
115 404 447 20 250 610 90
558 392 424 10 787 1147 90
568 413 417 10 991 1351 90
363 474 461 30 307 667 90
28 374 489 20 269 629 90
43 470 473 10 1061 1421 90
575 483 458 10 502 862 90
67 393 410 20 767 1127 90
636 384 491 20 743 1103 90
743 408 452 10 347 707 90
60 476 483 10 510 870 90
810 459 368 10 240 600 90
959 462 367 20 333 693 90
480 459 374 20 703 1063 90
45 478 461 10 316 676 90
527 382 498 10 464 824 90
354 392 426 10 514 874 90
397 419 459 20 631 991 90
19 480 455 10 971 1331 90
584 471 484 10 415 775 90
973 378 493 30 277 637 90
7 393 408 30 489 849 90
555 391 426 10 605 965 90
476 390 423 10 222 582 90
427 396 410 10 674 1034 90
925 416 420 20 525 885 90
747 380 489 20 934 1294 90
939 405 455 40 736 1096 90
494 398 428 10 417 777 90
304 460 374 20 612 972 90
147 387 488 20 837 1197 90
809 477 483 20 601 961 90
788 389 428 20 228 588 90
346 390 408 30 305 665 90
217 416 417 20 898 1258 90
123 399 450 20 834 1194 90
188 380 498 10 372 732 90
775 376 494 30 274 634 90
580 459 372 20 519 879 90
440 408 453 10 438 798 90
528 391 429 20 320 680 90
280 473 475 10 972 1332 90
482 468 475 10 313 673 90
841 461 369 10 426 786 90
512 412 453 10 532 892 90
295 483 457 20 593 953 90
302 487 450 10 781 1141 90
625 470 475 30 314 674 90
187 481 456 40 879 1239 90
833 453 367 20 893 1253 90
526 413 421 10 618 978 90
223 411 421 20 710 1070 90
552 386 414 10 956 1316 90
245 381 495 20 557 917 90
685 391 413 10 861 1221 90
342 391 425 20 696 1056 90
443 391 407 10 397 757 90
68 480 460 20 408 768 90
790 475 477 20 880 1240 90
620 460 367 20 241 601 90
56 451 367 20 985 1345 90
793 381 494 10 648 1008 90
180 485 454 10 686 1046 90
206 394 407 20 581 941 90
486 406 450 20 254 614 90
990 472 481 20 322 682 90
605 389 404 10 207 567 90
