c1_10_4

VEHICLE
NUMBER   CAPACITY
250     200

CUSTOMER
CUST NO. XCOORD.  YCOORD.  DEMAND  READY TIME DUE DATE  SERVICE TIME

0   250    250     0     0    1824     0
668 344 62 10 1208 1274 90
319 343 49 10 0 1513 90
756 346 144 10 0 1591 90
193 367 178 20 0 1597 90
348 307 108 10 0 1581 90
294 338 142 40 204 256 90
856 281 164 20 0 1643 90
930 345 144 30 568 640 90
388 324 127 30 0 1591 90
128 346 60 10 1027 1086 90
398 285 163 10 0 1641 90
327 305 107 20 0 1581 90
760 326 118 10 213 272 90
5 286 159 20 0 1637 90
151 370 83 20 357 419 90
686 304 102 30 0 1577 90
792 339 60 20 0 1525 90
305 279 138 40 281 320 90
499 313 119 30 0 1589 90
272 323 118 20 0 1584 90
306 338 147 10 0 1599 90
931 368 85 30 0 1532 90
540 349 158 20 0 1599 90
32 297 102 10 214 281 90
477 285 162 30 625 688 90
30 281 137 10 0 1617 90
520 299 98 30 0 1575 90
402 355 180 30 0 1608 90
353 317 123 20 0 1591 90
343 344 146 10 0 1594 90
340 366 93 20 0 1539 90
691 347 62 10 0 1523 90
3 355 177 20 0 1607 90
456 357 181 20 367 441 90
263 360 184 10 846 906 90
243 307 102 40 0 1576 90
941 300 108 10 0 1584 90
321 319 124 20 400 465 90
987 376 190 30 0 1595 90
25 287 143 10 0 1621 90
660 352 176 20 0 1608 90
137 370 82 40 0 1528 90
548 313 126 10 0 1595 90
646 359 182 20 0 1606 90
963 371 193 20 0 1601 90
145 343 47 20 0 1511 90
405 314 124 20 0 1593 90
165 346 57 20 0 1519 90
985 284 140 40 115 172 90
774 279 159 20 0 1639 90
644 290 141 30 645 709 90
173 367 83 30 0 1531 90
136 286 137 10 0 1616 90
478 285 158 30 340 405 90
758 280 162 30 158 210 90
884 282 139 20 0 1619 90
386 335 57 30 0 1524 90
1000 287 144 20 0 1622 90
900 290 136 20 0 1614 90
241 348 145 20 763 813 90
259 342 54 20 0 1518 90
901 341 58 10 0 1522 90
357 304 97 20 0 1572 90
169 346 150 20 948 998 90
230 348 147 10 0 1592 90
207 358 183 20 0 1607 90
670 361 181 20 662 723 90
726 371 192 30 0 1600 90
410 288 154 10 0 1631 90
909 340 54 10 0 1519 90
504 343 144 10 0 1593 90
983 315 121 10 0 1590 90
801 374 190 20 0 1597 90
466 375 191 30 0 1596 90
803 347 54 10 0 1516 90
766 343 148 20 399 441 90
874 343 62 10 0 1525 90
565 359 179 20 0 1604 90
