rc2_10_7

VEHICLE
NUMBER  CAPACITY
250   1000

CUSTOMER
CUST NO. XCOORD. YCOORD. DEMAND READY TIME DUE DATE SERVICE TIME

0  250  250   0   0  7284   0
53 226 175 23 6675 6995 10
384 295 247 12 5054 5493 10
291 291 213 23 4758 5424 10
757 272 234 26 6371 6472 10
872 199 203 20 5638 6140 10
406 267 162 6 5620 6094 10
115 264 180 33 6555 7011 10
396 203 211 20 5103 5469 10
420 209 212 18 5942 6401 10
214 286 244 31 4901 5490 10
714 217 207 26 5550 5629 10
153 212 186 11 6634 7200 10
317 241 180 13 6824 6853 10
