rc1_10_2

VEHICLE
NUMBER  CAPACITY
250   200

CUSTOMER
CUST NO. XCOORD. YCOORD. DEMAND READY TIME DUE DATE SERVICE TIME

0  250  250   0   0  1821   0
663 178 72 23 757 787 10
723 200 78 31 0 1632 10
333 142 14 18 0 1552 10
294 94 40 24 0 1550 10
525 88 95 20 270 300 10
266 25 65 10 376 406 10
694 31 175 24 247 277 10
788 87 96 30 282 312 10
31 136 52 10 293 323 10
510 21 146 21 487 517 10
422 18 63 10 339 369 10
688 57 183 15 0 1607 10
943 16 68 20 314 344 10
851 15 69 10 296 326 10
356 128 113 22 363 393 10
653 132 55 10 267 297 10
44 131 56 10 0 1584 10
632 125 61 26 612 642 10
898 109 56 27 239 269 10
563 125 29 30 283 313 10
530 122 35 10 250 280 10
457 120 17 30 0 1545 10
881 15 68 10 303 333 10
125 150 68 23 423 453 10
621 129 27 10 298 328 10
687 18 24 32 628 658 10
174 71 12 2 297 327 10
640 20 73 10 290 320 10
479 133 53 20 0 1582 10
827 125 39 20 0 1566 10
212 132 30 20 0 1562 10
306 91 101 10 0 1594 10
99 38 15 3 0 1495 10
506 60 5 18 0 1501 10
800 93 96 20 225 255 10
717 6 53 8 587 617 10
748 44 115 24 0 1565 10
786 47 208 30 226 256 10
27 130 140 17 194 224 10
715 233 87 18 253 283 10
816 24 65 10 0 1519 10
425 103 177 28 626 656 10
438 1 101 8 0 1521 10
995 18 225 8 691 721 10
450 179 75 13 740 770 10
543 168 59 6 366 396 10
574 57 43 15 0 1528 10
373 144 35 26 239 269 10
555 102 6 3 0 1526 10
310 133 26 10 0 1559 10
342 96 97 20 217 247 10
488 30 72 10 0 1529 10
343 21 64 20 0 1516 10
743 125 32 30 259 289 10
750 239 15 2 604 634 10
137 97 93 20 240 270 10
254 75 118 21 409 439 10
916 126 30 10 272 302 10
789 140 137 32 0 1654 10
462 43 135 31 0 1575 10
614 39 162 18 565 595 10
79 60 29 32 0 1520 10
772 89 185 16 600 630 10
80 34 169 11 484 514 10
596 95 92 20 0 1590 10
423 149 98 4 0 1629 10
947 124 56 20 231 261 10
418 24 68 20 0 1521 10
914 23 67 30 389 419 10
572 21 68 20 401 431 10
204 17 65 20 327 357 10
733 132 57 20 244 274 10
942 52 18 28 0 1506 10
312 94 97 20 218 248 10
526 95 64 4 766 796 10
372 89 65 16 720 750 10
190 187 73 18 292 322 10
885 130 57 40 0 1584 10
