r2_10_2

VEHICLE
NUMBER  CAPACITY
250   1000

CUSTOMER
CUST NO. XCOORD. YCOORD. DEMAND READY TIME DUE DATE SERVICE TIME

0  250  250   0   0  7697   0
469 133 273 20 419 535 10
610 52 303 25 1750 1899 10
740 84 255 13 1096 1280 10
705 66 314 26 723 835 10
983 136 265 12 390 530 10
476 118 314 26 1315 1505 10
811 44 311 27 1631 1749 10
626 69 266 12 2997 3190 10
668 80 251 14 1215 1334 10
867 110 251 23 2007 2095 10
417 83 300 26 1987 2131 10
698 71 304 19 2745 2888 10
736 55 318 13 1250 1365 10
482 83 290 14 2421 2560 10
317 120 261 5 3154 3312 10
7 36 301 21 811 949 10
910 48 293 22 1120 1208 10
395 68 303 22 904 987 10
160 92 259 4 1585 1731 10
492 71 282 29 2583 2670 10
