c1_10_3

VEHICLE
NUMBER  CAPACITY
250   200

CUSTOMER
CUST NO. XCOORD. YCOORD. DEMAND READY TIME DUE DATE SERVICE TIME

0  250  250   0   0  1824   0
680 88 287 30 0 1568 90
563 89 290 20 0 1569 90
689 132 291 10 0 1610 90
315 63 336 20 0 1529 90
105 75 347 10 0 1534 90
61 30 302 10 0 1508 90
46 128 291 10 0 1606 90
34 35 306 20 0 1512 90
912 25 307 10 0 1502 90
89 72 344 20 0 1533 90
102 1 293 10 0 1482 90
18 73 346 10 0 1533 90
905 134 288 20 0 1612 90
356 71 333 10 0 1537 90
518 62 326 20 0 1532 90
522 92 270 20 0 1575 90
938 80 290 10 0 1560 90
666 84 346 20 0 1543 90
138 132 290 10 0 1610 90
922 35 303 20 0 1513 90
533 137 290 10 0 1615 90
910 80 286 10 0 1561 90
411 90 296 20 0 1568 90
472 69 334 30 0 1535 90
249 135 293 30 0 1612 90
9 76 345 30 0 1536 90
886 91 266 10 0 1575 90
153 90 285 40 0 1571 90
911 38 301 20 0 1516 90
946 134 285 20 0 1613 90
736 35 304 30 0 1513 90
