rc2_10_4

VEHICLE
NUMBER   CAPACITY
250     1000

CUSTOMER
CUST NO. XCOORD.  YCOORD.  DEMAND  READY TIME DUE DATE  SERVICE TIME

0   250    250     0     0    7284     0
452 397 18 10 1168 1288 10
455 407 88 10 0 7049 10
429 306 42 11 0 7059 10
303 440 241 10 0 7084 10
205 391 112 24 0 7077 10
196 436 25 19 0 6983 10
444 480 152 26 0 7024 10
756 484 171 10 0 7028 10
493 447 184 27 0 7067 10
22 347 54 10 1180 1300 10
322 364 71 5 0 7062 10
716 479 127 20 0 7015 10
132 472 57 17 0 6980 10
638 408 84 10 1137 1257 10
490 324 99 10 0 7106 10
529 384 149 18 0 7107 10
454 488 3 3 0 6931 10
856 433 15 20 0 6977 10
849 275 42 30 0 7065 10
604 441 177 23 0 7070 10
267 406 96 20 0 7055 10
345 479 121 10 0 7012 10
665 478 118 20 1417 1537 10
736 399 104 10 0 7066 10
969 489 17 10 0 6941 10
471 423 221 9 0 7099 10
96 371 71 21 1147 1267 10
380 432 2 20 0 6967 10
209 265 0 10 3584 3704 10
502 330 138 18 4438 4558 10
870 299 98 30 0 7115 10
260 436 241 20 1309 1429 10
175 343 49 10 0 7053 10
676 335 57 30 784 904 10
35 467 114 10 0 7018 10
360 376 190 30 0 7135 10
673 432 66 30 0 7016 10
797 275 45 20 0 7068 10
401 443 237 20 754 874 10
889 420 224 10 1716 1836 10
875 477 179 20 891 1011 10
121 459 53 20 0 6987 10
891 418 218 20 0 7103 10
167 459 10 10 0 6956 10
602 376 195 10 724 844 10
573 441 244 10 0 7083 10
198 389 17 10 1463 1583 10
361 481 122 30 0 7010 10
299 500 228 8 0 7024 10
558 282 1 18 0 7023 10
159 386 154 31 0 7108 10
751 342 54 20 0 7058 10
122 491 25 10 0 6945 10
721 344 62 10 1386 1506 10
52 375 191 30 0 7136 10
568 277 50 10 0 7073 10
363 374 232 33 0 7149 10
291 291 213 23 0 7219 10
570 344 70 24 0 7071 10
690 442 243 10 0 7082 10
672 435 180 37 0 7077 10
844 398 23 10 0 7004 10
819 347 62 10 0 7063 10
588 359 182 20 0 7146 10
117 474 96 30 0 7003 10
118 268 52 10 0 7076 10
447 458 213 22 4513 4633 10
103 382 110 24 0 7082 10
560 440 244 10 0 7084 10
636 304 102 30 0 7117 10
172 385 17 40 3235 3355 10
953 492 34 5 0 6950 10
400 330 147 28 0 7144 10
531 308 199 14 6033 6153 10
958 421 218 10 0 7101 10
982 337 41 8 0 7048 10
978 437 98 16 0 7034 10
300 412 214 10 0 7109 10
331 480 119 7 2514 2634 10
677 385 239 21 0 7139 10
195 481 20 20 0 6949 10
412 397 153 29 0 7098 10
813 478 99 10 0 7001 10
533 300 108 10 542 662 10
810 269 46 20 1074 1194 10
557 297 131 25 0 7147 10
951 389 156 27 0 7107 10
648 498 171 12 0 7014 10
162 371 192 30 519 639 10
592 452 206 31 0 7068 10
323 418 221 10 0 7104 10
219 477 120 10 0 7013 10
57 389 11 20 0 6998 10
709 313 126 10 973 1093 10
780 488 96 22 0 6991 10
183 464 13 20 1539 1659 10
769 331 134 11 0 7133 10
89 415 223 20 0 7107 10
576 481 96 20 0 6997 10
806 379 196 20 776 896 10
616 437 15 30 0 6974 10
877 405 187 34 5002 5122 10
527 306 229 10 0 7215 10
768 420 213 10 0 7101 10
320 476 61 36 0 6980 10
866 319 124 20 0 7131 10
91 432 199 7 0 7085 10
239 403 93 10 0 7055 10
21 307 108 10 950 1070 10
553 346 57 20 0 7059 10
865 482 141 14 0 7018 10
674 374 116 9 0 7092 10
170 488 173 20 0 7024 10
371 323 29 7 0 7042 10
546 437 19 15 0 6977 10
143 371 193 20 0 7141 10
445 404 83 30 0 7047 10
781 341 72 9 0 7075 10
288 483 27 20 0 6952 10
399 485 104 21 0 6998 10
456 459 14 20 0 6959 10
692 445 237 10 0 7079 10
350 357 181 20 598 718 10
263 485 27 10 0 6951 10
749 438 127 2 0 7050 10
446 476 94 20 0 7000 10
941 343 47 20 0 7051 10
282 391 18 10 0 7003 10
129 325 56 13 0 7067 10
804 415 95 15 0 7048 10
561 482 104 19 0 7000 10
701 461 8 20 0 6953 10
778 409 155 19 0 7089 10
643 352 63 6 0 7061 10
933 317 123 20 761 881 10
69 325 147 14 0 7147 10
325 304 97 20 0 7112 10
321 406 94 10 0 7054 10
997 335 99 25 0 7101 10
521 399 106 20 0 7067 10
515 444 242 10 0 7080 10
629 413 217 20 0 7108 10
720 303 78 12 0 7095 10
23 406 87 10 1252 1372 10
776 470 125 20 952 1072 10
351 476 174 30 0 7036 10
809 435 11 40 1189 1309 10
852 267 44 20 0 7068 10
41 439 15 20 0 6973 10
732 340 54 10 951 1071 10
591 484 177 20 1006 1126 10
364 398 20 20 0 7001 10
637 478 121 40 1275 1395 10
646 351 5 12 0 7009 10
699 269 48 20 0 7072 10
963 477 122 10 0 7014 10
264 323 118 20 0 7124 10
247 455 168 21 0 7054 10
85 355 174 33 0 7145 10
123 439 243 20 1254 1374 10
405 364 173 30 0 7137 10
74 358 183 20 0 7147 10
470 341 59 27 0 7063 10
903 399 102 20 0 7064 10
165 437 12 20 1318 1438 10
985 493 111 26 0 6995 10
580 303 186 10 5417 5537 10
390 452 172 9 0 7058 10
820 404 140 8 0 7085 10
787 324 127 30 0 7131 10
908 365 28 9 1073 1193 10
514 361 181 20 0 7144 10
938 471 94 30 0 7004 10
708 491 20 20 1574 1694 10
112 429 67 16 0 7019 10
528 273 55 20 725 845 10
731 417 218 10 1112 1232 10
403 335 46 18 0 7053 10
242 460 13 20 0 6958 10
727 293 228 19 0 7226 10
278 435 16 10 1470 1590 10
846 386 13 10 0 7001 10
191 429 169 8 3611 3731 10
285 344 203 14 0 7169 10
675 478 102 10 0 7003 10
379 399 175 13 0 7108 10
873 459 17 20 0 6961 10
517 359 179 20 0 7144 10
841 404 103 20 0 7062 10
478 365 190 22 5910 6030 10
884 307 102 40 0 7116 10
287 346 60 10 0 7062 10
377 397 20 20 0 7002 10
654 281 96 1 0 7117 10
926 351 128 15 0 7116 10
564 292 32 14 0 7052 10
274 394 23 20 0 7006 10
365 481 26 30 0 6953 10
661 441 60 21 0 7005 10
1000 341 58 10 0 7062 10
233 423 214 20 867 987 10
896 476 102 20 0 7004 10
901 394 47 5 0 7026 10
336 441 7 20 0 6965 10
599 479 169 20 0 7032 10
235 326 118 10 0 7122 10
20 409 90 20 1033 1153 10
298 417 217 30 0 7104 10
131 418 75 11 1792 1912 10
861 409 88 20 0 7048 10
171 398 97 10 836 956 10
474 339 60 20 0 7065 10
236 365 74 24 0 7064 10
519 401 164 13 0 7101 10
829 460 2 20 1412 1532 10
38 391 202 14 0 7126 10
927 352 176 20 0 7148 10
965 489 27 10 0 6948 10
729 435 20 20 0 6979 10
682 440 7 20 1255 1375 10
169 274 48 10 0 7071 10
954 371 200 10 0 7144 10
784 480 136 22 0 7018 10
232 390 34 7 4241 4361 10
767 315 121 10 0 7130 10
223 393 20 20 0 7004 10
552 477 97 10 1131 1251 10
192 350 199 21 0 7162 10
762 305 107 20 901 1021 10
337 462 14 20 1588 1708 10
150 472 129 10 0 7022 10
215 436 237 20 0 7088 10
998 485 24 20 1285 1405 10
249 439 156 2 0 7063 10
110 483 14 10 0 6943 10
16 451 62 5 0 6999 10
33 390 120 24 0 7083 10
824 411 95 30 0 7051 10
890 461 182 13 0 7053 10
814 391 99 20 0 7068 10
207 426 231 24 0 7097 10
142 343 62 10 0 7065 10
883 360 184 10 0 7146 10
245 484 174 10 1058 1178 10
670 400 103 10 0 7064 10
956 428 202 24 0 7090 10
594 452 110 14 0 7029 10
135 374 190 20 0 7137 10
612 313 119 30 0 7129 10
273 355 177 20 0 7147 10
888 479 176 20 946 1066 10
726 397 57 17 0 7032 10
977 480 131 5 2750 2870 10
42 307 52 23 0 7068 10
669 320 211 16 0 7194 10
981 270 49 30 0 7073 10
667 295 89 23 0 7107 10
579 406 99 20 908 1028 10
504 483 22 10 0 6949 10
595 347 192 18 5953 6073 10
68 378 199 10 0 7137 10
426 367 178 20 721 841 10
790 314 205 22 0 7196 10
226 482 184 14 0 7033 10
620 376 92 10 3962 4082 10
231 458 16 20 1192 1312 10
571 481 84 17 0 6990 10
326 297 102 10 0 7119 10
108 488 26 30 0 6948 10
611 466 149 16 0 7036 10
51 314 124 20 0 7133 10
180 398 103 30 0 7066 10
950 481 124 10 1134 1254 10
874 423 217 20 0 7098 10
952 384 16 20 0 7005 10
48 323 77 36 0 7087 10
725 415 216 10 705 825 10
486 495 227 20 0 7028 10
990 393 12 10 0 6997 10
522 425 215 10 0 7096 10
523 407 98 10 0 7056 10
316 355 180 30 0 7148 10
