r2_10_5

VEHICLE
NUMBER   CAPACITY
250     1000

CUSTOMER
CUST NO. XCOORD.  YCOORD.  DEMAND  READY TIME DUE DATE  SERVICE TIME

0   250    250     0     0    7697     0
467 325 147 14 4687 4927 10
94 375 145 12 3657 3897 10
31 361 178 5 3830 4070 10
632 351 148 30 1785 2025 10
369 386 154 31 4344 4584 10
797 371 163 21 3251 3491 10
589 333 163 32 4901 5141 10
167 343 205 26 3009 3249 10
361 330 138 18 4378 4618 10
157 327 139 13 4969 5209 10
568 365 190 22 5850 6090 10
363 397 153 29 3470 3710 10
690 351 128 15 4953 5193 10
830 321 149 18 5638 5878 10
29 309 161 23 2273 2513 10
825 409 155 19 621 861 10
761 399 175 13 2928 3168 10
152 380 194 3 2794 3034 10
942 347 184 15 4255 4495 10
254 363 225 35 3363 3603 10
639 391 202 14 476 716 10
779 347 192 18 5893 6133 10
367 389 156 27 2802 3042 10
311 384 149 18 4729 4969 10
949 331 134 11 4435 4675 10
675 339 144 13 4336 4576 10
136 330 147 28 3334 3574 10
512 364 173 30 661 901 10
926 350 199 21 4746 4986 10
365 354 156 20 3270 3510 10
233 343 166 28 3444 3684 10
685 355 174 33 2801 3041 10
408 401 164 13 2425 2665 10
793 344 203 14 609 849 10
597 345 146 27 5696 5936 10
