r2_10_5

VEHICLE
NUMBER   CAPACITY
250     1000

CUSTOMER
CUST NO. XCOORD.  YCOORD.  DEMAND  READY TIME DUE DATE  SERVICE TIME

0   250    250     0     0    7697     0
22 143 158 12 490 730 10
816 144 220 35 321 561 10
490 191 215 17 154 394 10
59 159 226 16 256 496 10
80 177 156 25 609 849 10
437 174 122 14 2313 2553 10
805 213 185 21 179 419 10
8 117 178 28 4409 4649 10
237 188 119 44 3839 4079 10
499 193 138 30 2583 2823 10
283 149 214 7 1868 2108 10
306 133 202 33 1782 2022 10
535 188 151 7 5127 5367 10
934 158 179 37 345 585 10
400 181 185 19 6395 6635 10
743 178 135 21 5995 6235 10
986 180 162 9 634 874 10
951 219 215 32 67 307 10
107 153 192 13 3403 3643 10
275 178 150 33 2466 2706 10
818 210 219 7 82 322 10
553 199 203 20 5769 6009 10
826 132 151 22 496 736 10
711 140 137 32 2219 2459 10
781 186 135 24 2811 3051 10
994 203 211 20 5166 5406 10
947 206 172 29 3092 3332 10
581 134 194 19 6547 6787 10
536 111 178 18 506 746 10
782 176 199 28 239 479 10
368 134 211 35 422 662 10
77 176 200 17 2210 2450 10
775 197 202 29 4755 4995 10
795 171 188 30 2422 2662 10
644 105 140 27 608 848 10
944 209 212 18 6051 6291 10
295 130 140 17 716 956 10
381 219 210 14 82 322 10
336 217 207 26 5470 5710 10
204 173 182 25 291 531 10
899 130 186 16 465 705 10
414 146 188 6 4880 5120 10
415 212 186 11 6826 7066 10
943 206 174 14 3139 3379 10
42 111 192 11 4738 4978 10
180 105 137 32 1749 1989 10
385 148 208 22 2046 2286 10
