r2_10_5

VEHICLE
NUMBER   CAPACITY
250     1000

CUSTOMER
CUST NO. XCOORD.  YCOORD.  DEMAND  READY TIME DUE DATE  SERVICE TIME

0   250    250     0     0    7697     0
587 29 358 23 2383 2623 10
465 52 412 22 5563 5803 10
161 59 388 20 2591 2831 10
879 13 394 15 1430 1670 10
665 80 400 10 5725 5965 10
920 36 451 15 3495 3735 10
209 67 378 26 1822 2062 10
735 29 462 17 5178 5418 10
686 46 389 22 967 1207 10
889 50 383 20 980 1220 10
47 64 437 11 3613 3853 10
272 26 442 23 5316 5556 10
687 44 440 24 3095 3335 10
728 27 464 21 5104 5344 10
924 53 466 9 1280 1520 10
810 48 366 29 2912 3152 10
111 93 413 17 785 1025 10
892 5 445 30 1184 1424 10
458 44 496 32 1547 1787 10
768 67 451 5 4802 5042 10
21 0 356 13 4285 4525 10
88 0 422 8 3224 3464 10
456 77 372 19 727 967 10
941 63 420 19 2018 2258 10
129 69 423 32 3150 3390 10
561 62 375 16 1335 1575 10
321 58 391 16 3469 3709 10
448 84 377 10 3645 3885 10
516 78 406 15 3782 4022 10
788 49 437 7 1650 1890 10
646 20 480 25 2221 2461 10
699 43 360 2 3281 3521 10
815 11 403 18 1312 1552 10
93 28 467 34 5310 5550 10
916 27 444 22 4261 4501 10
125 12 358 7 4837 5077 10
440 13 465 31 3034 3274 10
194 61 441 27 2115 2355 10
514 48 412 7 4068 4308 10
799 48 437 4 3155 3395 10
280 12 367 27 1243 1483 10
764 51 360 13 4518 4758 10
876 7 382 27 3022 3262 10
635 10 407 36 1678 1918 10
729 3 471 13 2783 3023 10
823 91 427 14 3470 3710 10
655 69 414 6 4993 5233 10
106 68 450 18 2470 2710 10
