r1_10_5

VEHICLE
NUMBER   CAPACITY
250     200

CUSTOMER
CUST NO. XCOORD.  YCOORD.  DEMAND  READY TIME DUE DATE  SERVICE TIME

0   250    250     0     0    1925     0
452 33 286 11 1546 1576 10
156 48 293 22 276 306 10
493 24 259 19 370 400 10
647 46 248 9 814 844 10
945 97 288 22 1284 1314 10
836 5 281 16 1372 1402 10
424 19 273 25 1017 1047 10
151 60 231 32 1026 1056 10
416 26 221 28 996 1026 10
401 35 263 27 270 300 10
305 1 252 5 275 305 10
52 2 264 40 655 685 10
160 68 303 22 221 251 10
863 62 236 29 558 588 10
543 71 304 19 689 719 10
657 9 233 31 306 336 10
331 40 278 10 1104 1134 10
29 41 232 16 209 239 10
959 52 303 25 441 471 10
964 16 287 12 271 301 10
442 44 311 27 407 437 10
640 13 314 14 245 275 10
498 72 227 25 564 594 10
553 80 251 14 304 334 10
392 51 286 14 1459 1489 10
350 37 281 17 493 523 10
62 59 276 11 892 922 10
748 92 259 4 399 429 10
325 64 294 12 1101 1131 10
629 84 255 13 282 312 10
637 34 239 16 219 249 10
525 56 268 28 1064 1094 10
885 60 246 25 190 220 10
495 83 300 26 500 530 10
9 83 290 14 608 638 10
92 33 278 18 1487 1517 10
563 100 266 5 470 500 10
259 79 257 26 953 983 10
315 18 225 8 691 721 10
336 80 279 19 1158 1188 10
341 10 237 19 616 646 10
733 40 304 16 1145 1175 10
824 68 240 11 794 824 10
685 33 268 18 696 726 10
135 5 224 19 1055 1085 10
719 14 232 18 305 335 10
838 36 301 21 219 249 10
585 71 282 29 642 672 10
426 69 266 12 758 788 10
707 23 235 43 1023 1053 10
231 13 214 21 1354 1384 10
