c2_10_1

VEHICLE
NUMBER  CAPACITY
250   700

CUSTOMER
CUST NO. XCOORD. YCOORD. DEMAND READY TIME DUE DATE SERVICE TIME

0  250  250   0   0  3914   0
691 129 185 20 2814 2974 90
315 157 192 20 3210 3370 90
553 77 172 20 2976 3136 90
21 149 183 20 3108 3268 90
334 137 186 10 2912 3072 90
158 61 170 30 2408 2568 90
636 114 169 20 2612 2772 90
231 125 181 20 2718 2878 90
643 71 163 20 2785 2945 90
787 59 163 20 2311 2471 90
629 140 180 20 3009 3169 90
620 67 160 10 2690 2850 90
18 90 168 20 3080 3240 90
893 104 198 20 2303 2463 90
151 63 166 30 2502 2662 90
683 107 168 20 2515 2675 90
407 65 164 20 2595 2755 90
74 101 179 20 2412 2572 90
933 74 165 10 2878 3038 90
