c1_10_10

VEHICLE
NUMBER  CAPACITY
250   200

CUSTOMER
CUST NO. XCOORD. YCOORD. DEMAND READY TIME DUE DATE SERVICE TIME

0  250  250   0   0  1824   0
951 341 257 20 234 681 90
534 446 319 30 207 741 90
420 338 260 20 489 810 90
798 423 286 20 330 577 90
849 388 418 10 217 719 90
267 421 415 30 237 677 90
992 401 255 30 394 1029 90
268 319 468 10 228 728 90
495 344 262 20 353 753 90
694 342 254 10 92 511 90
199 320 262 10 376 864 90
337 318 280 20 110 593 90
141 428 291 10 564 898 90
585 339 244 30 89 685 90
213 272 403 30 310 739 90
51 424 286 10 368 721 90
969 277 403 10 210 650 90
836 335 255 20 85 494 90
457 395 332 10 364 878 90
584 471 484 10 369 820 90
7 393 408 30 413 926 90
580 459 372 20 471 927 90
68 480 460 20 362 814 90
962 405 450 20 253 774 90
346 390 408 30 260 711 90
599 400 288 30 154 556 90
776 403 262 30 259 781 90
72 321 280 30 77 522 90
515 399 301 30 488 730 90
69 337 256 20 87 658 90
924 311 266 10 63 465 90
702 319 260 20 207 849 90
255 461 284 10 213 653 90
155 312 264 20 63 504 90
458 423 290 10 177 673 90
443 391 407 10 378 776 90
613 320 283 30 213 678 90
104 422 420 20 284 751 90
251 269 402 20 446 790 90
573 320 280 10 99 420 90
440 408 453 10 383 853 90
575 483 458 10 411 952 90
925 416 420 20 527 883 90
188 380 498 10 336 768 90
476 390 423 10 222 658 90
152 444 242 10 270 671 90
339 394 333 20 357 701 90
28 374 489 20 269 799 90
976 421 292 20 176 714 90
772 249 407 10 174 683 90
940 439 312 30 198 646 90
365 337 241 20 161 576 90
738 444 313 20 211 762 90
527 382 498 10 433 855 90
997 332 249 30 82 612 90
487 460 288 10 213 626 90
861 391 334 20 215 657 90
314 442 310 20 464 877 90
254 445 237 10 195 758 90
336 436 237 20 186 550 90
224 315 260 10 65 479 90
959 462 367 20 342 685 90
115 404 447 20 250 563 90
996 330 242 30 422 876 90
605 389 404 10 207 688 90
228 402 265 20 152 696 90
506 250 411 30 261 785 90
231 385 295 20 142 599 90
638 321 277 10 75 516 90
649 407 280 10 419 828 90
512 412 453 10 395 1029 90
556 408 279 20 492 938 90
640 389 334 20 162 616 90
783 388 334 20 161 704 90
621 272 402 10 153 638 90
590 316 258 20 90 596 90
591 425 288 10 395 877 90
45 478 461 10 310 686 90
572 465 287 10 426 748 90
6 322 465 10 226 743 90
655 415 289 20 169 646 90
162 406 257 10 401 832 90
914 270 400 10 151 703 90
523 444 269 20 345 793 90
837 419 418 10 238 729 90
960 455 365 20 235 731 90
737 321 263 20 516 907 90
611 439 310 10 198 526 90
112 443 246 20 254 876 90
70 389 300 10 147 623 90
574 322 468 20 403 798 90
482 468 475 10 313 848 90
99 406 285 20 188 680 90
496 390 301 10 149 767 90
620 460 367 20 240 861 90
312 317 261 20 194 678 90
841 461 369 10 412 800 90
307 395 295 20 494 919 90
743 408 452 10 268 786 90
166 393 301 30 287 739 90
578 388 408 10 209 740 90
788 389 428 20 225 648 90
854 388 331 20 160 529 90
623 400 260 40 150 527 90
521 334 240 30 220 889 90
287 250 405 20 155 781 90
354 392 426 10 478 909 90
132 419 422 20 416 807 90
451 386 405 20 206 640 90
755 400 286 10 154 447 90
980 319 470 10 230 784 90
625 470 475 30 314 975 90
250 439 266 10 189 478 90
950 466 291 10 406 956 90
899 467 285 20 219 666 90
10 410 285 20 338 717 90
210 323 471 30 234 780 90
508 443 237 20 193 638 90
238 246 398 40 148 635 90
734 402 264 20 152 702 90
947 316 284 20 311 768 90
796 343 254 20 126 602 90
1 387 297 10 144 681 90
157 442 247 10 390 923 90
289 466 287 10 219 772 90
107 404 264 20 176 681 90
829 450 265 10 215 727 90
435 436 264 20 186 693 90
775 376 494 30 274 552 90
588 316 286 30 400 863 90
120 335 243 20 181 741 90
810 459 368 10 240 566 90
362 270 401 20 152 575 90
363 474 461 30 307 679 90
785 422 409 10 234 635 90
439 315 287 30 474 972 90
117 444 271 10 392 929 90
597 248 404 30 154 737 90
973 378 493 30 274 759 90
748 395 331 20 410 1013 90
118 325 466 40 483 905 90
704 402 284 30 155 634 90
494 398 428 10 355 839 90
797 478 464 10 312 733 90
455 266 405 20 483 941 90
486 406 450 20 253 649 90
87 337 251 10 87 705 90
528 391 429 20 272 728 90
807 443 313 30 333 823 90
990 472 481 20 320 936 90
60 476 483 10 482 898 90
629 441 265 40 191 734 90
