rc1_10_8

VEHICLE
NUMBER   CAPACITY
250     200

CUSTOMER
CUST NO. XCOORD.  YCOORD.  DEMAND  READY TIME DUE DATE  SERVICE TIME

0   250    250     0     0    1821     0
578 236 126 23 124 301 10
94 269 112 19 1225 1331 10
490 324 99 10 286 420 10
502 330 138 18 1074 1175 10
870 299 98 30 159 290 10
765 273 149 14 1457 1578 10
636 304 102 30 161 262 10
400 330 147 28 796 931 10
540 253 118 19 489 635 10
533 300 108 10 150 264 10
557 297 131 25 1118 1242 10
709 313 126 10 164 353 10
769 331 134 11 1086 1192 10
866 319 124 20 143 285 10
21 307 108 10 198 306 10
933 317 123 20 160 251 10
69 325 147 14 1145 1258 10
325 304 97 20 162 320 10
796 271 128 12 292 430 10
997 335 99 25 1158 1309 10
391 263 153 12 380 474 10
720 303 78 12 179 243 10
264 323 118 20 150 247 10
787 324 127 30 143 254 10
884 307 102 40 179 270 10
654 281 96 1 1068 1214 10
926 351 128 15 1202 1334 10
235 326 118 10 152 297 10
633 238 123 24 749 843 10
767 315 121 10 152 284 10
762 305 107 20 160 321 10
612 313 119 30 149 313 10
667 295 89 23 714 800 10
406 267 162 6 1401 1527 10
326 297 102 10 155 268 10
51 314 124 20 177 314 10
48 323 77 36 1381 1460 10
