rc1_10_8

VEHICLE
NUMBER   CAPACITY
250     200

CUSTOMER
CUST NO. XCOORD.  YCOORD.  DEMAND  READY TIME DUE DATE  SERVICE TIME

0   250    250     0     0    1821     0
753 199 187 20 90 194 10
388 177 156 25 119 250 10
864 213 185 21 74 161 10
500 204 185 20 130 226 10
153 212 186 11 1621 1737 10
270 178 135 21 1445 1613 10
34 188 119 44 928 1052 10
124 210 185 20 76 210 10
53 226 175 23 1623 1733 10
730 195 111 15 942 1085 10
166 186 135 24 687 778 10
959 206 186 10 135 270 10
314 208 184 20 78 178 10
584 173 182 25 102 267 10
7 133 202 33 401 551 10
872 199 203 20 1418 1526 10
476 176 199 28 89 217 10
754 201 188 10 79 251 10
961 204 187 30 116 264 10
955 153 235 10 98 221 10
346 200 178 20 87 210 10
508 134 211 35 122 262 10
799 146 188 6 1168 1332 10
944 195 185 20 85 191 10
27 130 140 17 162 256 10
189 149 214 7 433 561 10
199 148 208 22 483 600 10
904 143 158 12 141 231 10
808 202 186 20 113 220 10
158 188 151 7 1277 1347 10
396 203 211 20 1247 1395 10
789 140 137 32 525 645 10
