c1_10_7

VEHICLE
NUMBER  CAPACITY
250   200

CUSTOMER
CUST NO. XCOORD. YCOORD. DEMAND READY TIME DUE DATE SERVICE TIME

0  250  250   0   0  1824   0
629 441 265 40 282 462 90
572 465 287 10 497 677 90
523 444 269 20 479 659 90
829 450 265 10 381 561 90
255 461 284 10 218 398 90
950 466 291 10 591 771 90
940 439 312 30 200 380 90
435 436 264 20 186 366 90
611 439 310 10 198 378 90
899 467 285 20 314 494 90
289 466 287 10 406 586 90
250 439 266 10 190 370 90
534 446 319 30 300 480 90
314 442 310 20 581 761 90
487 460 288 10 213 393 90
738 444 313 20 397 577 90
807 443 313 30 488 668 90
117 444 271 10 571 751 90
