c2_10_6

VEHICLE
NUMBER  CAPACITY
250   700

CUSTOMER
CUST NO. XCOORD. YCOORD. DEMAND READY TIME DUE DATE SERVICE TIME

0  250  250   0   0  3914   0
184 268 351 10 1255 1805 90
491 261 370 30 976 1323 90
96 266 373 10 566 1180 90
73 278 357 10 110 608 90
390 265 358 20 1271 1593 90
67 277 371 30 354 997 90
78 272 365 30 508 1037 90
651 278 329 10 83 605 90
827 277 369 30 256 725 90
342 280 351 30 105 565 90
746 263 372 10 770 1162 90
652 261 371 20 881 1236 90
187 262 368 30 967 1517 90
350 284 360 30 115 726 90
494 263 351 10 1409 1840 90
352 279 369 10 312 853 90
960 264 365 10 1009 1661 90
