c2_10_1

VEHICLE
NUMBER  CAPACITY
250   700

CUSTOMER
CUST NO. XCOORD. YCOORD. DEMAND READY TIME DUE DATE SERVICE TIME

0  250  250   0   0  3914   0
488 235 81 20 1450 1610 90
843 253 81 10 1026 1186 90
188 204 90 20 1094 1254 90
58 259 76 10 928 1088 90
641 212 96 10 904 1064 90
814 213 76 20 1300 1460 90
343 241 77 30 1225 1385 90
309 255 120 10 130 290 90
663 232 87 30 1504 1664 90
924 238 83 20 1543 1703 90
204 238 57 30 1336 1496 90
555 210 98 10 721 881 90
219 261 84 10 734 894 90
545 226 120 30 235 395 90
712 223 114 20 332 492 90
203 261 96 40 447 607 90
12 225 125 20 127 287 90
936 211 97 20 812 972 90
8 216 117 10 429 589 90
210 260 104 20 157 317 90
438 265 77 20 832 992 90
406 265 94 10 258 418 90
575 263 91 20 352 512 90
415 259 88 20 545 705 90
172 228 124 20 141 301 90
838 250 72 20 1125 1285 90
720 211 107 10 531 691 90
917 221 87 20 1403 1563 90
437 259 90 30 637 797 90
265 212 71 20 1204 1364 90
453 210 94 20 997 1157 90
999 208 101 10 627 787 90
