c2_10_1

VEHICLE
NUMBER  CAPACITY
250   700

CUSTOMER
CUST NO. XCOORD. YCOORD. DEMAND READY TIME DUE DATE SERVICE TIME

0  250  250   0   0  3914   0
283 243 108 20 3061 3221 90
920 229 78 20 2496 2656 90
547 238 84 10 1634 1794 90
688 216 96 10 2566 2726 90
732 256 117 20 3167 3327 90
788 236 92 10 2210 2370 90
831 215 91 30 2290 2450 90
984 224 96 40 2098 2258 90
1 212 101 30 2662 2822 90
752 245 109 20 3089 3249 90
247 216 93 10 2473 2633 90
965 216 92 20 2382 2542 90
562 247 88 30 1924 2084 90
268 236 95 30 2117 2277 90
808 215 108 20 2760 2920 90
771 247 82 30 1828 1988 90
926 218 98 30 2002 2162 90
761 226 86 10 2595 2755 90
287 221 102 20 2858 3018 90
274 230 95 20 1899 2059 90
91 236 96 20 1604 1764 90
773 244 94 20 1795 1955 90
803 230 105 10 2958 3118 90
284 224 93 20 2191 2351 90
140 219 89 20 2692 2852 90
266 231 81 30 2403 2563 90
327 231 97 20 2887 3047 90
578 247 89 20 2015 2175 90
380 232 85 10 2309 2469 90
869 245 96 20 1703 1863 90
240 241 98 20 2987 3147 90
837 243 88 20 1731 1891 90
216 223 90 30 2787 2947 90
