c2_10_6

VEHICLE
NUMBER   CAPACITY
250     700

CUSTOMER
CUST NO. XCOORD.  YCOORD.  DEMAND  READY TIME DUE DATE  SERVICE TIME

0   250    250     0     0    3914     0
455 341 37 20 342 685 90
465 345 15 20 1264 1860 90
205 383 18 20 1452 1993 90
319 378 46 30 2896 3445 90
932 294 64 10 191 769 90
957 425 99 20 231 769 90
451 336 7 10 1446 1883 90
404 389 33 20 2830 3296 90
294 390 9 30 1053 1632 90
490 367 59 10 3039 3459 90
759 366 57 20 2924 3388 90
454 310 81 30 2688 3165 90
785 438 60 30 1990 2530 90
849 392 31 20 2741 3199 90
267 379 208 10 656 1173 90
345 420 95 30 230 634 90
989 415 73 20 1358 1792 90
468 449 140 20 543 1078 90
471 446 139 20 414 1021 90
832 500 162 20 1905 2431 90
864 385 28 10 2091 2641 90
988 426 85 10 461 954 90
5 435 77 20 891 1274 90
369 416 48 10 1727 2193 90
416 362 17 10 1759 2169 90
34 456 154 10 227 725 90
499 347 40 30 333 888 90
124 343 27 20 983 1569 90
457 406 37 40 264 700 90
65 491 160 20 1839 2298 90
52 368 17 20 1903 2299 90
570 389 221 10 1240 1583 90
715 386 28 20 2308 2865 90
588 432 105 10 3152 3592 90
863 393 2 30 871 1247 90
164 352 38 10 374 1037 90
518 408 20 30 282 825 90
693 387 21 10 1425 1830 90
770 383 41 20 2541 2990 90
72 414 62 10 1524 2008 90
745 371 207 10 128 642 90
139 420 168 10 2983 3636 90
953 429 80 20 583 1208 90
531 312 64 20 368 956 90
213 394 205 10 274 776 90
331 382 17 20 1616 2012 90
510 390 17 30 1226 1839 90
534 351 75 10 2051 2417 90
986 489 150 50 1640 2116 90
813 382 213 20 1598 1992 90
678 356 28 20 872 1288 90
898 323 60 10 1102 1598 90
32 436 54 20 1733 2409 90
662 384 206 20 562 1077 90
477 374 55 30 2537 3206 90
30 467 157 20 2130 2645 90
355 447 88 20 2754 3332 90
592 430 86 20 2586 3107 90
107 420 20 30 383 927 90
323 356 77 20 2026 2633 90
700 366 16 20 1738 2377 90
372 466 169 30 2268 2896 90
576 401 15 20 634 897 90
818 475 136 20 907 1311 90
81 440 173 10 3101 3619 90
66 453 164 10 2861 3471 90
254 329 48 10 1333 1937 90
201 351 33 20 517 1085 90
546 344 46 30 1473 2008 90
143 301 67 40 348 773 90
63 301 53 20 826 1271 90
621 390 42 20 2437 2900 90
392 443 70 20 2322 2767 90
88 290 75 20 179 690 90
427 329 56 20 1259 1816 90
749 334 47 20 219 638 90
871 448 94 20 3014 3454 90
487 388 220 20 1277 1729 90
49 452 154 30 223 701 90
211 337 63 30 1933 2317 90
701 348 16 30 1616 2104 90
581 392 213 20 1900 2445 90
69 386 218 20 1785 2177 90
779 316 80 30 2469 2994 90
980 386 213 20 1685 2467 90
894 346 13 20 1431 2102 90
321 384 217 20 1615 2163 90
370 370 55 10 2691 3241 90
409 363 55 10 2909 3216 90
796 446 169 10 3054 3475 90
147 428 64 20 1014 1548 90
515 375 31 20 2060 2471 90
704 319 77 30 2455 2820 90
935 405 24 10 274 923 90
13 448 103 30 2964 3578 90
351 325 75 30 2212 2689 90
516 426 80 20 602 1003 90
435 335 64 10 1752 2314 90
699 447 102 10 2943 3578 90
650 405 47 10 255 919 90
885 438 72 10 962 1395 90
815 417 56 20 1654 2070 90
772 457 142 20 670 1148 90
495 444 157 10 215 515 90
77 332 55 30 211 797 90
244 373 22 10 2121 2664 90
165 395 1 30 726 1208 90
439 460 173 20 2723 3211 90
144 484 161 10 1482 2071 90
908 468 135 10 830 1193 90
438 265 77 20 628 1196 90
450 425 85 10 427 806 90
598 405 5 20 617 1115 90
774 441 63 20 2104 2605 90
727 396 4 10 849 1457 90
738 317 62 20 502 1012 90
617 312 74 20 2610 3049 90
607 393 13 20 1208 1667 90
846 311 47 10 894 1406 90
706 384 24 10 2461 2901 90
70 353 32 10 694 1277 90
190 446 86 10 2838 3433 90
876 341 26 10 1096 1640 90
654 373 205 40 130 708 90
295 335 52 20 1587 2095 90
381 391 23 10 2470 3086 90
912 397 27 20 2209 2727 90
365 335 54 30 1675 2192 90
661 440 81 20 2494 2995 90
1000 342 52 10 218 660 90
44 326 57 20 1216 1672 90
11 365 18 20 2048 2538 90
302 363 62 20 3048 3605 90
922 293 67 20 187 651 90
233 432 80 40 746 1231 90
896 315 57 20 971 1532 90
259 378 25 10 2227 2750 90
485 471 154 20 1170 1628 90
131 450 72 10 2437 2845 90
530 425 87 20 247 802 90
583 477 154 10 1359 1812 90
861 308 55 30 711 1192 90
171 470 152 30 1010 1603 90
910 361 15 20 1980 2416 90
64 382 197 20 520 921 90
729 389 198 20 349 898 90
899 308 82 30 2764 3274 90
389 346 211 10 103 432 90
297 397 40 40 2303 2838 90
954 464 178 10 2477 3065 90
223 394 10 40 1050 1448 90
192 483 170 30 2073 2481 90
655 381 20 20 1736 2079 90
853 427 64 30 1129 1615 90
179 460 183 10 2596 3139 90
757 425 118 10 219 705 90
395 322 78 20 2246 2842 90
824 475 145 30 965 1450 90
883 432 87 10 2650 3226 90
224 308 60 20 609 1104 90
918 347 23 30 942 1419 90
685 347 21 20 1345 1588 90
384 363 212 30 3103 3605 90
496 374 17 10 1734 2276 90
726 420 78 20 1189 1766 90
410 465 176 20 2333 3024 90
396 481 156 20 1392 1969 90
909 351 31 20 652 1133 90
791 475 156 40 1181 1806 90
443 395 30 20 2687 3066 90
408 293 81 10 174 676 90
766 463 161 30 2220 2747 90
134 450 153 20 298 927 90
155 441 157 10 259 766 90
681 437 61 20 1900 2436 90
423 366 196 10 127 631 90
952 366 34 10 1910 2421 90
789 414 66 30 1440 1904 90
48 457 160 10 2855 3286 90
725 490 159 20 1732 2222 90
990 440 70 10 2169 2734 90
