c1_10_3

VEHICLE
NUMBER  CAPACITY
250   200

CUSTOMER
CUST NO. XCOORD. YCOORD. DEMAND READY TIME DUE DATE SERVICE TIME

0  250  250   0   0  1824   0
24 417 417 10 954 1020 90
625 470 475 30 381 429 90
217 416 417 20 1057 1099 90
837 419 418 10 394 454 90
962 405 450 20 311 376 90
810 459 368 10 299 361 90
897 326 466 30 753 817 90
342 391 425 20 842 909 90
480 459 374 20 848 917 90
115 404 447 20 250 280 90
486 406 450 20 405 464 90
990 472 481 20 477 527 90
354 392 426 10 666 722 90
558 392 424 10 926 1007 90
302 487 450 10 929 993 90
427 396 410 10 829 880 90
568 413 417 10 1135 1207 90
973 378 493 30 426 487 90
304 460 374 20 753 831 90
809 477 483 20 745 817 90
790 475 477 20 1028 1091 90
743 408 452 10 490 564 90
363 474 461 30 307 379 90
785 422 409 10 234 290 90
188 380 498 10 523 582 90
993 475 480 30 837 911 90
552 386 414 10 1109 1162 90
68 480 460 20 549 627 90
636 384 491 20 897 948 90
245 381 495 20 705 769 90
43 470 473 10 1221 1270 90
960 455 365 20 235 306 90
793 381 494 10 801 855 90
187 481 456 40 1028 1091 90
575 483 458 10 656 708 90
206 394 407 20 733 789 90
67 393 410 20 913 982 90
6 322 465 10 226 291 90
959 462 367 20 481 545 90
526 413 421 10 768 828 90
252 267 400 10 779 836 90
362 270 401 20 217 268 90
397 419 459 20 785 838 90
969 277 403 10 395 464 90
223 411 421 20 862 917 90
268 319 468 10 289 353 90
251 269 402 20 587 648 90
295 483 457 20 735 811 90
56 451 367 20 1134 1195 90
482 468 475 10 313 373 90
213 272 403 30 494 555 90
455 266 405 20 680 745 90
914 270 400 10 151 213 90
849 388 418 10 217 283 90
267 421 415 30 297 364 90
19 480 455 10 1123 1179 90
775 376 494 30 334 396 90
