r1_10_5

VEHICLE
NUMBER  CAPACITY
250   200

CUSTOMER
CUST NO. XCOORD. YCOORD. DEMAND READY TIME DUE DATE SERVICE TIME

0  250  250   0   0  1925   0
842 225 121 18 733 763 10
262 180 162 9 173 203 10
189 186 135 24 718 748 10
948 210 133 15 689 719 10
914 253 118 19 547 577 10
256 257 133 19 862 892 10
821 262 97 17 947 977 10
400 174 122 14 593 623 10
165 271 128 12 346 376 10
444 261 138 1 618 648 10
917 268 113 21 680 710 10
185 178 150 33 632 662 10
435 177 156 25 167 197 10
800 206 172 29 788 818 10
971 263 153 12 412 442 10
53 231 167 15 85 115 10
176 264 135 1 879 909 10
260 236 126 23 124 154 10
819 213 185 21 74 104 10
103 210 113 28 690 720 10
281 206 174 14 800 830 10
126 232 101 24 346 376 10
330 193 138 30 661 691 10
499 238 123 24 781 811 10
