r2_10_9

VEHICLE
NUMBER   CAPACITY
250     1000

CUSTOMER
CUST NO. XCOORD.  YCOORD.  DEMAND  READY TIME DUE DATE  SERVICE TIME

0   250    250     0     0    7697     0
467 325 147 14 4540 5074 10
913 257 133 19 3361 3657 10
216 292 136 28 2918 3447 10
193 236 126 23 333 666 10
348 267 162 6 5691 6022 10
490 191 215 17 95 453 10
80 177 156 25 581 877 10
376 225 121 18 2824 3164 10
828 292 104 26 1160 1392 10
805 213 185 21 113 485 10
870 308 199 14 5953 6233 10
589 333 163 32 4769 5273 10
499 193 138 30 2321 3086 10
361 330 138 18 4134 4862 10
299 269 112 19 4875 5346 10
157 327 139 13 4937 5241 10
830 321 149 18 5428 6088 10
535 188 151 7 5053 5440 10
934 158 179 37 442 487 10
400 181 185 19 6338 6693 10
289 325 210 15 3685 3902 10
743 178 135 21 6093 6137 10
986 180 162 9 722 786 10
739 289 220 19 49 466 10
32 261 138 1 2451 2616 10
951 219 215 32 46 710 10
29 309 161 23 2064 2722 10
275 178 150 33 2384 2788 10
442 311 203 15 2863 3037 10
402 267 174 34 6442 6623 10
576 306 229 10 5176 5507 10
818 210 219 7 60 345 10
503 247 219 17 31 445 10
553 199 203 20 5848 5930 10
781 186 135 24 2883 2978 10
3 290 145 5 4884 5488 10
994 203 211 20 5009 5562 10
947 206 172 29 2952 3471 10
692 273 149 14 6026 6116 10
350 233 230 20 26 422 10
608 238 123 24 2889 3480 10
987 253 118 19 2177 2321 10
704 306 235 25 146 317 10
624 301 239 31 52 819 10
606 223 178 20 4496 4715 10
782 176 199 28 272 447 10
137 241 180 13 6708 6969 10
582 320 211 16 3804 4257 10
145 293 174 31 159 540 10
850 266 221 9 33 443 10
77 176 200 17 2261 2400 10
775 197 202 29 4742 5008 10
165 248 176 32 5608 5723 10
795 171 188 30 2357 2727 10
580 272 234 26 6359 6484 10
603 303 186 10 5209 5744 10
100 264 180 33 6495 7070 10
738 263 153 12 1455 1965 10
679 291 213 23 4908 5274 10
944 209 212 18 5936 6406 10
136 330 147 28 3272 3636 10
27 261 201 15 5941 6291 10
190 245 176 20 4840 5157 10
381 219 210 14 50 558 10
233 343 166 28 3269 3858 10
336 217 207 26 5222 5958 10
204 173 182 25 102 783 10
113 231 167 15 165 517 10
127 297 131 25 4493 4950 10
526 210 133 15 2424 3204 10
230 314 205 22 5883 6452 10
415 212 186 11 6799 7094 10
943 206 174 14 2947 3571 10
718 271 128 12 1124 1760 10
670 215 129 17 4302 4766 10
273 226 175 23 6536 7134 10
888 248 214 19 5623 6330 10
803 293 228 19 53 334 10
423 268 113 21 2517 3041 10
605 264 135 1 3219 3937 10
