r2_10_9

VEHICLE
NUMBER   CAPACITY
250     1000

CUSTOMER
CUST NO. XCOORD.  YCOORD.  DEMAND  READY TIME DUE DATE  SERVICE TIME

0   250    250     0     0    7697     0
148 459 53 20 4298 4800 10
753 332 5 14 4113 4270 10
429 372 115 13 1354 1676 10
15 437 90 12 2143 2657 10
2 325 56 13 3216 3275 10
319 429 59 9 1707 2084 10
444 442 153 29 4640 4990 10
800 392 1 11 2172 2790 10
94 375 145 12 3761 3793 10
856 404 59 13 3559 3864 10
742 485 104 21 3066 3409 10
424 480 131 5 2516 3105 10
632 351 148 30 1711 2098 10
676 492 34 5 3006 3598 10
500 451 62 5 1054 1324 10
537 456 157 20 5627 6134 10
673 394 47 5 1075 1548 10
369 386 154 31 4366 4561 10
416 432 66 30 4318 4371 10
797 371 163 21 3193 3550 10
792 372 97 13 729 1101 10
75 452 110 14 1240 1602 10
344 441 60 21 5660 6130 10
178 466 149 16 4524 5085 10
457 385 58 24 1488 1870 10
65 466 96 22 5542 5643 10
363 397 153 29 3528 3651 10
630 450 45 24 1988 2160 10
690 351 128 15 4910 5236 10
844 352 63 6 4566 4979 10
695 323 77 36 5468 5892 10
923 383 17 15 3563 4080 10
447 323 34 13 5209 5430 10
574 341 72 9 3025 3533 10
488 476 61 36 1646 2064 10
40 365 74 24 3287 3621 10
770 439 156 2 2015 2312 10
636 497 18 10 4436 4724 10
531 343 34 7 2721 3197 10
540 323 29 7 4238 4981 10
534 367 97 17 3856 4167 10
412 363 34 19 1117 1181 10
119 420 80 24 4193 4701 10
847 382 9 30 918 1377 10
659 497 54 14 3841 4104 10
631 351 5 12 1808 2280 10
825 409 155 19 565 917 10
769 371 71 21 1106 1308 10
877 493 111 26 1970 2479 10
81 398 49 21 3015 3439 10
91 392 95 16 3039 3210 10
340 438 127 2 3576 4071 10
425 429 67 16 2850 3128 10
26 440 77 14 3454 3969 10
63 436 25 19 5038 5340 10
14 376 92 10 3896 4149 10
717 481 84 17 1875 2290 10
98 407 35 11 5132 5295 10
894 441 100 31 3239 3868 10
370 335 99 25 4736 5131 10
409 376 113 8 2039 2194 10
25 415 118 19 846 1007 10
515 344 70 24 4481 4804 10
862 404 140 8 4972 5217 10
367 389 156 27 2770 3075 10
430 396 83 15 6325 6487 10
776 442 5 16 1315 1367 10
256 351 60 15 838 963 10
622 390 120 24 3855 4298 10
637 437 98 16 4309 4720 10
217 426 38 23 2299 2691 10
886 470 138 16 5275 5961 10
188 385 17 40 3084 3507 10
783 438 5 18 1961 2552 10
311 384 149 18 4663 5035 10
590 364 71 5 5247 5661 10
949 331 134 11 4364 4745 10
373 412 100 1 2053 2174 10
820 365 28 9 1052 1214 10
908 480 136 22 731 1322 10
651 397 57 17 5903 6024 10
708 495 83 32 1759 1888 10
528 339 113 14 3064 3140 10
450 418 75 11 1770 1934 10
598 324 99 10 1314 1510 10
675 339 144 13 4168 4743 10
92 460 117 14 1916 2363 10
478 388 44 22 4188 4979 10
55 317 45 8 2330 3057 10
274 488 3 3 1396 1929 10
365 354 156 20 3268 3511 10
661 437 19 15 3990 4241 10
11 436 123 40 788 1013 10
900 382 110 24 4308 4712 10
357 432 2 20 1755 2097 10
298 372 39 10 2809 3099 10
724 390 34 7 4211 4392 10
64 393 98 13 2772 3368 10
965 318 99 35 4654 5168 10
185 365 119 30 1325 1849 10
297 337 41 8 3837 4301 10
223 480 152 26 3908 4385 10
215 389 43 21 1346 1939 10
853 482 104 19 3111 3468 10
245 415 95 15 4521 5013 10
612 341 59 27 3117 3322 10
496 488 96 22 4114 4535 10
838 400 71 17 5475 5621 10
396 456 113 17 4708 5230 10
948 471 94 30 3862 4249 10
878 392 87 23 4565 5016 10
443 480 119 7 2460 2688 10
68 374 116 9 2338 2479 10
620 472 57 17 5161 5318 10
571 349 43 26 634 1202 10
324 335 46 18 5331 5522 10
408 401 164 13 2427 2663 10
206 413 127 28 3339 3426 10
597 345 146 27 5702 5930 10
952 349 76 15 4014 4351 10
990 391 112 24 3958 4165 10
234 482 141 14 3862 4345 10
538 441 7 20 1334 1918 10
378 339 41 6 1536 2229 10
