c2_10_4

VEHICLE
NUMBER  CAPACITY
250   700

CUSTOMER
CUST NO. XCOORD. YCOORD. DEMAND READY TIME DUE DATE SERVICE TIME

0  250  250   0   0  3914   0
779 316 80 30 0 3642 90
617 312 74 20 0 3638 90
351 325 75 30 0 3634 90
898 323 60 10 0 3621 90
295 335 52 20 0 3609 90
435 335 64 10 0 3620 90
896 315 57 20 0 3621 90
749 334 47 20 0 3605 90
704 319 77 30 0 3638 90
899 308 82 30 0 3647 90
932 294 64 10 0 3633 90
922 293 67 20 0 3637 90
408 293 81 10 0 3650 90
44 326 57 20 0 3617 90
454 310 81 30 0 3645 90
254 329 48 10 0 3608 90
534 351 75 10 0 3622 90
143 301 67 40 0 3635 90
63 301 53 20 0 3621 90
211 337 63 30 0 3618 90
738 317 62 20 0 3625 90
846 311 47 10 0 3613 90
861 308 55 30 0 3621 90
531 312 64 20 0 3628 90
