r2_10_9

VEHICLE
NUMBER  CAPACITY
250   1000

CUSTOMER
CUST NO. XCOORD. YCOORD. DEMAND READY TIME DUE DATE SERVICE TIME

0  250  250   0   0  7697   0
67 303 78 12 472 967 10
769 371 71 21 1106 1308 10
55 317 45 8 2330 3057 10
502 306 42 11 1889 2045 10
378 339 41 6 1536 2229 10
412 363 34 19 1117 1181 10
820 365 28 9 1052 1214 10
215 389 43 21 1346 1939 10
256 351 60 15 838 963 10
457 385 58 24 1488 1870 10
847 382 9 30 918 1377 10
571 349 43 26 634 1202 10
631 351 5 12 1808 2280 10
673 394 47 5 1075 1548 10
800 392 1 11 2172 2790 10
