c2_10_9

VEHICLE
NUMBER  CAPACITY
250   700

CUSTOMER
CUST NO. XCOORD. YCOORD. DEMAND READY TIME DUE DATE SERVICE TIME

0  250  250   0   0  3914   0
308 152 260 10 98 461 90
373 141 267 10 1288 2141 90
862 143 257 10 107 1834 90
189 149 273 20 120 465 90
14 143 266 10 126 839 90
997 175 282 10 761 1651 90
881 140 252 20 110 1243 90
587 144 266 30 107 1069 90
285 155 242 10 540 1392 90
196 139 262 30 1142 1918 90
859 148 270 10 103 328 90
474 146 245 20 104 1508 90
923 140 265 40 957 2288 90
604 152 241 20 389 1357 90
