c2_10_9

VEHICLE
NUMBER  CAPACITY
250   700

CUSTOMER
CUST NO. XCOORD. YCOORD. DEMAND READY TIME DUE DATE SERVICE TIME

0  250  250   0   0  3914   0
795 133 278 10 1538 2642 90
740 129 255 10 2448 3145 90
25 115 269 10 2699 3374 90
344 134 265 20 2541 2950 90
90 131 269 10 1971 2965 90
290 132 273 10 1758 2808 90
612 131 267 10 2224 3080 90
102 131 253 10 2621 3157 90
571 129 264 20 2286 3396 90
191 139 269 20 1382 2234 90
101 125 264 20 2490 3380 90
256 153 295 20 2460 3718 90
742 138 272 20 1267 2535 90
866 132 272 30 1676 3072 90
880 127 278 10 1902 2470 90
925 136 296 30 2988 3702 90
548 138 276 10 1614 2376 90
949 163 277 10 2784 3733 90
425 129 267 10 1866 3254 90
