c2_10_1

VEHICLE
NUMBER  CAPACITY
250   700

CUSTOMER
CUST NO. XCOORD. YCOORD. DEMAND READY TIME DUE DATE SERVICE TIME

0  250  250   0   0  3914   0
349 384 235 20 2672 2832 90
69 386 218 20 1901 2061 90
556 428 292 10 1851 2011 90
402 385 235 10 2581 2741 90
616 398 231 20 2296 2456 90
384 363 212 30 3274 3434 90
85 439 297 30 2043 2203 90
966 444 309 20 2425 2585 90
497 448 295 10 2724 2884 90
163 383 246 20 2868 3028 90
581 392 213 20 2092 2252 90
931 442 287 30 2824 2984 90
321 384 217 20 1809 1969 90
611 426 279 30 3112 3272 90
594 440 295 30 2136 2296 90
819 377 246 20 3054 3214 90
514 429 294 10 1943 2103 90
934 382 245 20 2959 3119 90
123 448 302 20 2327 2487 90
173 402 230 10 2202 2362 90
498 446 297 10 2232 2392 90
793 367 239 20 3156 3316 90
46 429 282 20 3018 3178 90
624 458 303 20 2531 2691 90
980 386 213 20 1996 2156 90
492 441 287 40 2915 3075 90
276 379 245 10 2773 2933 90
75 396 234 20 2390 2550 90
714 448 297 10 2632 2792 90
646 389 233 20 2487 2647 90
667 410 287 20 3220 3380 90
293 406 286 10 3314 3474 90
