rc1_10_9

VEHICLE
NUMBER  CAPACITY
250   200

CUSTOMER
CUST NO. XCOORD. YCOORD. DEMAND READY TIME DUE DATE SERVICE TIME

0  250  250   0   0  1821   0
310 133 26 10 267 387 10
827 125 39 20 245 365 10
621 129 27 10 253 373 10
632 125 61 26 567 687 10
885 130 57 40 227 347 10
653 132 55 10 227 347 10
373 144 35 26 239 359 10
190 187 73 18 247 367 10
44 131 56 10 227 347 10
743 125 32 30 251 371 10
530 122 35 10 250 370 10
356 128 113 22 318 438 10
125 150 68 23 378 498 10
563 125 29 30 253 373 10
733 132 57 20 226 346 10
916 126 30 10 252 372 10
947 124 56 20 231 351 10
31 136 52 10 248 368 10
457 120 17 30 266 386 10
212 132 30 20 281 401 10
543 168 59 6 321 441 10
898 109 56 27 239 359 10
479 133 53 20 234 354 10
