rc2_10_9

VEHICLE
NUMBER  CAPACITY
250   1000

CUSTOMER
CUST NO. XCOORD. YCOORD. DEMAND READY TIME DUE DATE SERVICE TIME

0  250  250   0   0  7284   0
275 306 235 25 57 537 10
927 352 176 20 264 744 10
273 355 177 20 317 797 10
52 375 191 30 487 967 10
285 344 203 14 489 969 10
806 379 196 20 596 1076 10
517 359 179 20 469 949 10
74 358 183 20 755 1235 10
954 371 200 10 717 1197 10
883 360 184 10 706 1186 10
316 355 180 30 369 849 10
360 376 190 30 441 921 10
143 371 193 20 295 775 10
162 371 192 30 339 819 10
135 374 190 20 393 873 10
350 357 181 20 418 898 10
426 367 178 20 541 1021 10
519 401 164 13 2305 2785 10
727 293 228 19 48 528 10
38 391 202 14 356 836 10
68 378 199 10 649 1129 10
405 364 173 30 541 1021 10
588 359 182 20 657 1137 10
514 361 181 20 608 1088 10
363 374 232 33 261 741 10
602 376 195 10 544 1024 10
