rc2_10_9

VEHICLE
NUMBER  CAPACITY
250   1000

CUSTOMER
CUST NO. XCOORD. YCOORD. DEMAND READY TIME DUE DATE SERVICE TIME

0  250  250   0   0  7284   0
711 352 241 5 2989 3469 10
527 306 229 10 5101 5581 10
379 399 175 13 2808 3288 10
951 389 156 27 2682 3162 10
192 350 199 21 4626 5106 10
269 307 249 10 5326 5806 10
677 385 239 21 2962 3442 10
412 397 153 29 3350 3830 10
595 347 192 18 5773 6253 10
877 405 187 34 4822 5302 10
541 359 246 18 5511 5991 10
85 355 174 33 2681 3161 10
580 303 186 10 5237 5717 10
529 384 149 18 4609 5089 10
669 320 211 16 3790 4270 10
291 291 213 23 4851 5331 10
159 386 154 31 4224 4704 10
531 308 199 14 5853 6333 10
790 314 205 22 5927 6407 10
478 365 190 22 5730 6210 10
