r1_10_1

VEHICLE
NUMBER  CAPACITY
250   200

CUSTOMER
CUST NO. XCOORD. YCOORD. DEMAND READY TIME DUE DATE SERVICE TIME

0  250  250   0   0  1925   0
372 344 203 14 177 187 10
706 289 220 19 49 59 10
89 356 256 19 106 116 10
967 359 287 24 115 125 10
141 291 251 20 41 51 10
928 365 274 14 117 127 10
21 343 276 15 96 106 10
881 297 304 4 71 81 10
695 306 235 25 57 67 10
911 287 256 18 37 47 10
486 265 240 9 18 28 10
201 293 228 19 48 58 10
876 364 173 30 190 200 10
74 298 264 36 50 60 10
986 357 290 24 114 124 10
28 273 300 30 55 65 10
802 301 239 31 52 62 10
943 290 328 7 154 164 10
712 318 280 21 74 84 10
223 342 319 36 115 125 10
650 293 174 31 87 97 10
463 374 232 33 125 135 10
14 266 221 9 33 43 10
487 280 245 21 30 40 10
849 398 329 17 167 177 10
790 267 290 15 43 53 10
