c1_10_8

VEHICLE
NUMBER   CAPACITY
250     200

CUSTOMER
CUST NO. XCOORD.  YCOORD.  DEMAND  READY TIME DUE DATE  SERVICE TIME

0   250    250     0     0    1824     0
452 22 38 20 854 1055 90
465 6 114 10 712 952 90
196 8 116 20 782 1069 90
95 20 73 10 290 537 90
80 24 65 10 810 1070 90
209 38 72 30 317 599 90
502 0 120 30 323 601 90
500 13 51 10 1223 1425 90
360 37 51 10 536 787 90
121 26 42 20 384 589 90
509 4 114 10 614 867 90
641 48 78 20 901 1132 90
630 21 64 20 757 937 90
672 49 76 20 794 1054 90
966 24 41 10 441 716 90
301 44 47 20 289 583 90
662 8 120 10 1095 1306 90
557 15 68 10 311 644 90
709 43 71 40 425 681 90
372 48 72 30 604 876 90
320 40 52 40 462 674 90
271 17 65 20 553 771 90
674 7 118 20 913 1121 90
834 15 69 10 296 549 90
871 8 118 20 1006 1211 90
777 41 47 20 291 494 90
894 49 75 20 721 945 90
347 19 43 20 1086 1375 90
536 26 45 30 303 558 90
448 22 40 30 944 1149 90
367 22 41 10 997 1278 90
264 23 67 30 1016 1233 90
247 22 33 10 632 906 90
820 7 123 30 274 547 90
257 26 43 10 305 575 90
532 44 79 10 267 463 90
564 39 50 30 370 582 90
381 16 68 20 395 742 90
635 26 36 10 549 799 90
750 21 68 20 1091 1341 90
763 37 55 10 627 884 90
642 24 68 20 1190 1428 90
236 25 65 10 919 1143 90
991 46 74 20 507 788 90
927 4 116 10 544 752 90
310 30 72 10 1277 1452 90
113 22 37 10 748 978 90
83 20 48 10 1098 1428 90
215 18 63 10 648 860 90
33 39 76 10 273 533 90
222 2 116 20 445 667 90
406 9 124 20 271 581 90
