r2_10_9

VEHICLE
NUMBER   CAPACITY
250     1000

CUSTOMER
CUST NO. XCOORD.  YCOORD.  DEMAND  READY TIME DUE DATE  SERVICE TIME

0   250    250     0     0    7697     0
945 466 362 15 4624 4715 10
600 487 320 21 3291 3690 10
837 475 352 33 1211 1388 10
760 441 374 10 714 1192 10
270 489 338 17 5551 5747 10
122 448 397 33 3404 3640 10
509 486 324 15 3113 3164 10
162 468 360 16 854 1458 10
353 499 316 18 2331 2763 10
61 453 360 13 750 1098 10
263 471 368 19 1503 2041 10
940 468 352 9 2964 3301 10
109 465 367 14 3937 4398 10
577 492 326 19 4625 5127 10
614 495 355 3 4907 5159 10
682 434 359 13 5371 5886 10
33 447 383 17 890 1012 10
956 492 335 10 3249 3497 10
459 460 328 13 855 1018 10
972 479 387 13 1522 1778 10
688 491 369 28 2763 3194 10
