c1_10_9

VEHICLE
NUMBER   CAPACITY
250     200

CUSTOMER
CUST NO. XCOORD.  YCOORD.  DEMAND  READY TIME DUE DATE  SERVICE TIME

0   250    250     0     0    1824     0
148 121 157 10 159 519 90
2 5 297 10 806 1166 90
227 90 232 10 527 887 90
161 91 235 10 984 1344 90
493 119 223 10 699 1059 90
945 132 294 20 308 668 90
600 61 156 30 317 677 90
604 112 217 20 233 593 90
742 112 219 20 325 685 90
828 92 234 10 710 1070 90
920 91 231 30 435 795 90
689 132 291 10 587 947 90
736 35 304 30 221 581 90
424 148 206 20 302 662 90
593 113 156 10 439 799 90
870 65 153 30 412 772 90
8 89 216 10 348 708 90
418 117 152 20 717 1077 90
153 90 285 40 831 1191 90
407 3 292 20 251 611 90
225 136 288 10 863 1223 90
906 89 270 10 439 799 90
394 131 226 20 121 481 90
34 35 306 20 224 584 90
53 7 300 30 900 1260 90
937 7 292 10 246 606 90
159 118 153 30 808 1168 90
703 116 225 20 606 966 90
728 152 207 20 671 1031 90
65 152 206 10 762 1122 90
291 120 159 10 161 521 90
174 91 268 10 720 1080 90
433 93 235 10 801 1161 90
819 95 235 10 155 515 90
695 92 223 10 815 1175 90
246 95 234 10 158 518 90
560 116 151 20 625 985 90
543 121 218 20 132 492 90
518 62 326 20 761 1121 90
40 129 223 20 127 487 90
934 0 293 30 434 794 90
953 116 152 20 534 894 90
680 88 287 30 738 1098 90
986 85 288 20 177 537 90
813 100 266 20 150 510 90
533 137 290 10 119 479 90
119 124 219 20 413 773 90
723 92 230 20 344 704 90
57 118 157 20 254 614 90
567 92 236 20 893 1253 90
586 89 272 10 347 707 90
818 79 291 10 364 724 90
880 114 225 30 514 874 90
441 128 225 10 124 484 90
66 99 218 30 154 514 90
744 30 301 10 513 873 90
999 94 235 20 156 516 90
781 116 221 30 419 779 90
61 30 302 10 422 782 90
902 121 219 20 132 492 90
46 128 291 10 493 853 90
109 148 211 20 109 469 90
541 86 268 10 532 892 90
62 8 300 10 991 1351 90
411 90 296 20 166 526 90
282 123 222 30 223 583 90
129 93 213 30 253 613 90
778 96 213 30 160 520 90
181 6 292 10 247 607 90
374 123 155 10 996 1356 90
577 139 291 10 118 478 90
862 96 244 10 1176 1536 90
811 95 277 20 909 1269 90
513 121 151 20 902 1262 90
720 0 297 10 528 888 90
23 131 220 30 600 960 90
886 91 266 10 628 988 90
850 92 233 10 619 979 90
77 143 207 30 116 476 90
821 91 217 10 535 895 90
938 80 290 10 272 632 90
911 38 301 20 611 971 90
90 149 203 10 395 755 90
463 90 274 20 254 614 90
679 115 218 10 140 500 90
562 123 159 20 156 516 90
285 73 328 20 193 553 90
786 66 156 10 505 865 90
27 87 285 30 556 916 90
189 88 286 10 647 1007 90
912 25 307 10 324 684 90
71 90 237 20 1076 1436 90
274 71 153 20 601 961 90
524 132 223 30 693 1053 90
563 89 290 20 165 525 90
922 35 303 20 221 581 90
840 96 270 20 157 517 90
491 87 217 10 441 801 90
20 129 292 10 401 761 90
610 126 220 20 505 865 90
298 122 216 10 319 679 90
131 116 156 10 346 706 90
905 134 288 20 771 1131 90
519 151 207 10 580 940 90
910 80 286 10 459 819 90
186 154 207 20 854 1214 90
946 134 285 20 956 1316 90
545 98 215 20 155 515 90
297 95 224 20 909 1269 90
138 132 290 10 678 1038 90
150 92 216 10 626 986 90
473 152 210 20 105 465 90
249 135 293 30 215 575 90
943 92 232 10 252 612 90
116 102 264 10 148 508 90
395 150 204 20 487 847 90
383 95 218 20 720 1080 90
102 1 293 10 343 703 90
126 2 295 30 621 981 90
869 71 156 10 694 1054 90
265 6 296 10 715 1075 90
329 136 290 20 122 482 90
417 146 205 10 210 570 90
522 92 270 20 812 1172 90
