rc2_10_6

VEHICLE
NUMBER   CAPACITY
250     1000

CUSTOMER
CUST NO. XCOORD.  YCOORD.  DEMAND  READY TIME DUE DATE  SERVICE TIME

0   250    250     0     0    7284     0
94 269 112 19 4991 5231 10
490 324 99 10 1292 1532 10
502 330 138 18 4378 4618 10
870 299 98 30 607 847 10
765 273 149 14 5951 6191 10
636 304 102 30 727 967 10
400 330 147 28 3334 3574 10
540 253 118 19 2129 2369 10
533 300 108 10 482 722 10
557 297 131 25 4602 4842 10
709 313 126 10 913 1153 10
769 331 134 11 4435 4675 10
866 319 124 20 652 892 10
21 307 108 10 890 1130 10
933 317 123 20 701 941 10
69 325 147 14 4687 4927 10
325 304 97 20 667 907 10
796 271 128 12 1322 1562 10
997 335 99 25 4814 5054 10
391 263 153 12 1590 1830 10
720 303 78 12 600 840 10
264 323 118 20 583 823 10
580 303 186 10 5357 5597 10
787 324 127 30 454 694 10
884 307 102 40 779 1019 10
654 281 96 1 4443 4683 10
926 351 128 15 4953 5193 10
235 326 118 10 531 771 10
767 315 121 10 752 992 10
762 305 107 20 841 1081 10
612 313 119 30 803 1043 10
667 295 89 23 2908 3148 10
326 297 102 10 549 789 10
51 314 124 20 864 1104 10
48 323 77 36 5560 5800 10
