rc2_10_6

VEHICLE
NUMBER   CAPACITY
250     1000

CUSTOMER
CUST NO. XCOORD.  YCOORD.  DEMAND  READY TIME DUE DATE  SERVICE TIME

0   250    250     0     0    7284     0
404 381 495 20 1230 1470 10
84 384 491 20 1331 1571 10
8 328 458 17 3011 3251 10
4 352 487 27 3547 3787 10
164 381 494 10 1274 1514 10
680 380 489 20 1456 1696 10
289 382 498 10 1177 1417 10
480 387 488 20 1388 1628 10
353 351 481 10 1227 1467 10
639 376 494 30 1019 1259 10
49 340 416 36 1224 1464 10
409 347 459 25 1858 2098 10
256 329 456 19 936 1176 10
712 398 476 25 1612 1852 10
439 332 459 35 1415 1655 10
893 336 493 20 5912 6152 10
463 318 497 21 3355 3595 10
915 374 489 20 957 1197 10
485 313 493 20 4712 4952 10
807 368 452 16 2620 2860 10
719 378 493 30 1067 1307 10
681 380 498 10 1129 1369 10
277 379 486 22 2627 2867 10
378 328 491 21 2653 2893 10
