c1_10_8

VEHICLE
NUMBER  CAPACITY
250   200

CUSTOMER
CUST NO. XCOORD. YCOORD. DEMAND READY TIME DUE DATE SERVICE TIME

0  250  250   0   0  1824   0
426 197 11 10 589 808 90
683 199 12 20 398 633 90
624 181 6 20 577 853 90
846 186 7 20 391 664 90
200 188 4 20 314 555 90
984 166 34 20 231 508 90
896 166 32 10 233 530 90
92 189 7 30 250 489 90
48 164 21 20 479 737 90
764 204 15 20 239 575 90
935 167 24 20 601 804 90
328 188 12 30 245 466 90
344 198 12 10 455 758 90
634 182 4 10 513 732 90
497 167 27 30 404 618 90
244 169 31 20 290 543 90
501 200 13 10 321 528 90
879 200 14 10 241 445 90
