r1_10_10

VEHICLE
NUMBER  CAPACITY
250   200

CUSTOMER
CUST NO. XCOORD. YCOORD. DEMAND READY TIME DUE DATE SERVICE TIME

0  250  250   0   0  1925   0
985 111 192 11 1152 1277 10
525 56 268 28 1032 1125 10
135 5 224 19 1027 1112 10
382 6 196 20 1160 1277 10
331 40 278 10 1065 1174 10
416 26 221 28 947 1075 10
609 82 183 17 1020 1214 10
69 64 198 10 1044 1162 10
707 23 235 43 982 1095 10
428 68 160 21 1090 1212 10
79 117 178 28 1079 1186 10
325 64 294 12 1054 1179 10
336 80 279 19 1134 1212 10
638 94 192 1 1038 1152 10
2 67 190 25 1104 1272 10
424 19 273 25 959 1105 10
151 60 231 32 997 1085 10
966 53 204 8 1028 1112 10
63 146 188 6 1189 1311 10
733 40 304 16 1119 1200 10
290 153 192 13 821 940 10
143 57 183 15 1049 1182 10
259 79 257 26 916 1021 10
48 0 188 26 860 1035 10
62 59 276 11 844 970 10
492 63 155 7 915 1044 10
242 61 170 20 959 1082 10
867 46 163 8 877 1005 10
197 45 166 22 960 1096 10
882 7 194 29 882 1050 10
