r2_10_1

VEHICLE
NUMBER  CAPACITY
250   1000

CUSTOMER
CUST NO. XCOORD. YCOORD. DEMAND READY TIME DUE DATE SERVICE TIME

0  250  250   0   0  7697   0
323 217 333 26 1633 1776 10
660 210 379 12 2834 2957 10
168 154 392 9 635 737 10
315 189 402 10 2149 2259 10
307 235 316 2 2616 2751 10
364 226 316 21 234 328 10
386 225 369 38 432 541 10
533 202 391 30 2497 2611 10
583 214 311 14 225 341 10
155 213 399 18 941 1051 10
244 149 341 6 1599 1753 10
132 170 347 15 1764 1842 10
170 250 328 24 1001 1108 10
124 146 376 8 928 1066 10
210 216 341 19 2613 2738 10
752 222 331 10 2158 2279 10
393 137 377 23 619 740 10
678 142 372 18 605 699 10
703 195 386 13 508 666 10
