rc1_10_4

VEHICLE
NUMBER   CAPACITY
250     200

CUSTOMER
CUST NO. XCOORD.  YCOORD.  DEMAND  READY TIME DUE DATE  SERVICE TIME

0   250    250     0     0    1821     0
148 267 394 10 259 289 10
141 294 421 26 1575 1605 10
2 214 394 10 231 261 10
292 154 374 36 0 1655 10
932 272 402 10 0 1658 10
957 257 391 22 0 1670 10
968 311 422 29 0 1629 10
549 245 408 10 204 234 10
697 167 445 7 0 1600 10
785 162 388 11 0 1648 10
920 166 440 12 207 237 10
10 226 423 15 0 1637 10
507 189 402 10 536 566 10
327 250 405 20 0 1656 10
741 313 391 5 0 1657 10
225 246 398 40 148 178 10
906 250 411 30 0 1650 10
974 270 401 20 0 1659 10
281 213 399 18 0 1658 10
246 175 352 12 0 1685 10
258 149 341 6 0 1676 10
734 210 379 12 0 1676 10
657 207 400 20 0 1655 10
745 224 320 36 0 1737 10
218 272 420 7 0 1640 10
534 267 400 10 0 1661 10
107 249 407 10 0 1654 10
436 272 403 30 190 220 10
761 245 461 8 649 679 10
442 250 441 5 756 786 10
503 185 434 9 0 1616 10
354 270 400 10 0 1660 10
271 299 353 34 0 1697 10
710 283 438 3 0 1621 10
834 284 319 17 817 847 10
37 268 400 20 0 1660 10
76 176 470 14 0 1579 10
487 241 403 10 220 250 10
581 225 369 38 121 151 10
387 142 360 20 1532 1562 10
370 262 369 15 0 1692 10
347 216 341 19 0 1714 10
13 239 486 3 1482 1512 10
862 244 368 25 0 1693 10
448 215 395 20 0 1662 10
78 243 408 15 0 1653 10
622 196 489 23 0 1566 10
82 277 403 10 0 1656 10
217 287 397 12 564 594 10
886 250 328 24 0 1733 10
855 210 391 30 0 1665 10
850 286 356 30 0 1700 10
311 211 386 20 0 1670 10
330 263 418 25 0 1643 10
182 179 497 1 0 1554 10
238 210 398 10 0 1658 10
144 142 372 18 0 1649 10
440 220 392 20 258 288 10
475 277 428 7 490 520 10
90 230 320 8 0 1739 10
257 218 403 15 0 1655 10
617 307 412 8 0 1640 10
679 208 396 20 176 206 10
240 248 404 30 0 1657 10
17 203 390 40 0 1664 10
876 213 397 10 0 1660 10
362 266 405 20 0 1656 10
860 182 480 31 0 1572 10
113 195 464 20 1541 1571 10
138 163 472 9 653 683 10
656 255 487 19 0 1574 10
853 243 399 10 235 265 10
168 175 422 24 1446 1476 10
383 146 376 8 0 1648 10
154 241 402 11 0 1659 10
106 230 487 20 1130 1160 10
626 170 347 15 436 466 10
878 269 402 20 0 1658 10
324 274 441 12 695 725 10
984 154 392 9 0 1640 10
208 260 472 33 1036 1066 10
