r1_10_2

VEHICLE
NUMBER  CAPACITY
250   200

CUSTOMER
CUST NO. XCOORD. YCOORD. DEMAND READY TIME DUE DATE SERVICE TIME

0  250  250   0   0  1925   0
900 241 402 11 0 1763 10
96 262 369 15 0 1796 10
99 228 399 14 0 1765 10
183 211 411 15 0 1750 10
358 313 391 5 0 1761 10
451 274 442 17 0 1722 10
615 311 422 29 0 1733 10
641 202 391 30 0 1767 10
569 240 362 23 0 1803 10
445 268 351 7 0 1813 10
656 299 353 34 0 1801 10
925 231 410 14 0 1754 10
669 288 439 16 0 1723 10
346 283 454 14 0 1709 10
12 260 472 33 0 1693 10
450 284 457 17 0 1706 10
306 286 356 30 0 1804 10
908 256 441 34 0 1724 10
97 218 403 15 0 1759 10
