c1_10_6

VEHICLE
NUMBER  CAPACITY
250   200

CUSTOMER
CUST NO. XCOORD. YCOORD. DEMAND READY TIME DUE DATE SERVICE TIME

0  250  250   0   0  1824   0
459 104 28 20 623 841 90
596 129 27 10 674 752 90
235 125 29 30 528 708 90
795 64 101 20 620 771 90
360 37 51 10 534 788 90
822 105 27 10 597 684 90
709 43 71 40 436 669 90
773 107 112 30 688 827 90
876 67 105 10 447 753 90
698 95 92 20 505 670 90
47 111 113 10 600 725 90
372 48 72 30 622 858 90
509 4 114 10 692 788 90
114 65 100 10 676 897 90
222 2 116 20 489 623 90
320 40 52 40 485 651 90
381 16 68 20 413 724 90
966 24 41 10 497 660 90
428 133 53 20 616 773 90
927 4 116 10 571 726 90
763 37 55 10 685 826 90
172 87 96 30 702 852 90
675 107 26 10 468 629 90
635 26 36 10 623 725 90
991 46 74 20 525 769 90
247 22 33 10 693 846 90
852 132 55 10 531 674 90
215 18 63 10 696 813 90
907 136 52 10 705 870 90
271 17 65 20 581 742 90
461 111 110 20 480 659 90
559 88 95 20 535 835 90
