r1_10_3

VEHICLE
NUMBER  CAPACITY
250   200

CUSTOMER
CUST NO. XCOORD. YCOORD. DEMAND READY TIME DUE DATE SERVICE TIME

0  250  250   0   0  1925   0
162 147 30 26 1119 1129 10
942 94 40 24 1078 1088 10
403 173 65 12 458 468 10
448 109 56 27 239 249 10
627 125 65 17 798 808 10
591 92 76 4 1149 1159 10
747 172 66 18 1313 1323 10
443 165 59 27 953 963 10
338 91 27 14 1192 1202 10
895 102 6 3 1468 1478 10
798 156 65 22 1047 1057 10
483 142 14 18 845 855 10
865 151 81 28 1568 1578 10
472 171 24 11 1393 1403 10
134 108 37 23 559 569 10
795 138 28 23 1107 1117 10
577 132 32 18 794 804 10
993 172 24 17 1462 1472 10
628 120 17 30 289 299 10
491 95 64 4 776 786 10
1 171 34 21 1153 1163 10
595 128 113 22 373 383 10
702 144 35 26 239 249 10
