c2_10_7

VEHICLE
NUMBER  CAPACITY
250   700

CUSTOMER
CUST NO. XCOORD. YCOORD. DEMAND READY TIME DUE DATE SERVICE TIME

0  250  250   0   0  3914   0
369 416 48 10 1630 2290 90
32 436 54 20 1867 2276 90
259 378 25 10 2086 2890 90
910 361 15 20 1975 2422 90
515 375 31 20 2136 2395 90
52 368 17 20 1814 2389 90
395 322 78 20 2300 2788 90
785 438 60 30 1967 2552 90
416 362 17 10 1535 2392 90
392 443 70 20 2469 2619 90
715 386 28 20 1892 3282 90
211 337 63 30 1825 2426 90
912 397 27 20 2224 2712 90
11 365 18 20 2036 2551 90
864 385 28 10 1933 2799 90
774 441 63 20 2066 2643 90
297 397 40 40 2249 2893 90
681 437 61 20 1713 2624 90
534 351 75 10 1696 2772 90
365 335 54 30 1621 2245 90
244 373 22 10 2036 2748 90
700 366 16 20 1655 2461 90
435 335 64 10 1740 2326 90
655 381 20 20 1655 2161 90
952 366 34 10 2042 2289 90
496 374 17 10 1406 2604 90
990 440 70 10 2165 2738 90
323 356 77 20 2312 2347 90
351 325 75 30 2162 2738 90
