rc2_10_2

VEHICLE
NUMBER  CAPACITY
250   1000

CUSTOMER
CUST NO. XCOORD. YCOORD. DEMAND READY TIME DUE DATE SERVICE TIME

0  250  250   0   0  7284   0
604 441 177 23 4005 4125 10
978 437 98 16 4455 4575 10
403 335 46 18 0 7053 10
132 472 57 17 0 6980 10
736 399 104 10 0 7066 10
797 275 45 20 0 7068 10
654 281 96 1 4503 4623 10
784 480 136 22 0 7018 10
447 458 213 22 4513 4633 10
729 435 20 20 0 6979 10
33 390 120 24 4017 4137 10
866 319 124 20 0 7131 10
390 452 172 9 0 7058 10
767 315 121 10 0 7130 10
377 397 20 20 0 7002 10
259 253 74 20 5400 5520 10
749 438 127 2 3764 3884 10
765 273 149 14 0 7171 10
926 351 128 15 5013 5133 10
938 471 94 30 0 7004 10
235 326 118 10 0 7122 10
870 299 98 30 0 7115 10
336 441 7 20 0 6965 10
620 376 92 10 3962 4082 10
824 411 95 30 0 7051 10
648 498 171 12 5026 5146 10
232 390 34 7 4241 4361 10
209 265 0 10 3584 3704 10
502 330 138 18 4438 4558 10
643 352 63 6 4713 4833 10
820 404 140 8 5035 5155 10
48 323 77 36 5620 5740 10
143 371 193 20 0 7141 10
674 374 116 9 0 7092 10
322 364 71 5 0 7062 10
159 386 154 31 0 7108 10
435 257 57 18 4904 5024 10
546 437 19 15 4056 4176 10
570 344 70 24 0 7071 10
529 384 149 18 4789 4909 10
412 397 153 29 3530 3650 10
726 397 57 17 5904 6024 10
884 307 102 40 0 7116 10
478 365 190 22 5910 6030 10
16 451 62 5 0 6999 10
514 361 181 20 0 7144 10
956 428 202 24 0 7090 10
611 466 149 16 0 7036 10
519 401 164 13 0 7101 10
150 472 129 10 0 7022 10
191 429 169 8 3611 3731 10
196 436 25 19 5129 5249 10
565 262 92 25 0 7116 10
557 297 131 25 4662 4782 10
865 482 141 14 0 7018 10
701 461 8 20 0 6953 10
636 304 102 30 0 7117 10
247 455 168 21 3467 3587 10
780 488 96 22 0 6991 10
990 393 12 10 0 6997 10
121 459 53 20 4489 4609 10
226 482 184 14 4427 4547 10
941 343 47 20 0 7051 10
969 489 17 10 0 6941 10
361 481 122 30 0 7010 10
192 350 199 21 0 7162 10
595 347 192 18 5953 6073 10
652 251 63 14 3950 4070 10
952 384 16 20 0 7005 10
661 441 60 21 5835 5955 10
756 484 171 10 0 7028 10
958 421 218 10 0 7101 10
205 391 112 24 4001 4121 10
323 418 221 10 0 7104 10
588 359 182 20 0 7146 10
769 331 134 11 0 7133 10
804 415 95 15 4707 4827 10
675 478 102 10 0 7003 10
57 389 11 20 0 6998 10
444 480 152 26 4086 4206 10
379 399 175 13 0 7108 10
94 269 112 19 0 7135 10
446 476 94 20 0 7000 10
890 461 182 13 0 7053 10
673 432 66 30 4285 4405 10
517 359 179 20 0 7144 10
103 382 110 24 4450 4570 10
997 335 99 25 4874 4994 10
982 337 41 8 4009 4129 10
371 323 29 7 0 7042 10
167 459 10 10 0 6956 10
646 351 5 12 0 7009 10
985 493 111 26 0 6995 10
299 500 228 8 0 7024 10
207 426 231 24 4114 4234 10
877 405 187 34 5002 5122 10
558 282 1 18 4170 4290 10
263 485 27 10 0 6951 10
239 403 93 10 0 7055 10
42 307 52 23 3682 3802 10
108 488 26 30 0 6948 10
504 483 22 10 0 6949 10
326 297 102 10 0 7119 10
883 360 184 10 0 7146 10
69 325 147 14 4747 4867 10
