rc2_10_4

VEHICLE
NUMBER  CAPACITY
250   1000

CUSTOMER
CUST NO. XCOORD. YCOORD. DEMAND READY TIME DUE DATE SERVICE TIME

0  250  250   0   0  7284   0
858 12 463 20 0 6955 10
32 18 462 20 0 6960 10
366 63 444 20 0 7005 10
606 21 488 10 0 6944 10
689 59 457 30 0 6993 10
318 21 485 30 0 6946 10
550 16 462 10 0 6959 10
705 55 449 20 0 6996 10
966 12 451 20 0 6963 10
46 69 414 6 0 7030 10
975 5 445 30 0 6961 10
704 24 492 10 0 6943 10
279 8 497 40 0 6929 10
120 7 382 27 0 6998 10
461 17 458 10 0 6962 10
119 44 440 24 0 6994 10
739 53 466 9 0 6982 10
664 51 447 10 0 6994 10
634 11 403 18 0 6991 10
703 59 459 20 0 6991 10
554 14 459 20 0 6959 10
102 54 445 10 0 6998 10
489 21 487 10 0 6945 10
111 0 422 8 0 6971 10
397 16 497 20 0 6934 10
358 16 463 20 0 6958 10
625 13 455 10 0 6961 10
747 26 490 10 0 6946 10
12 60 454 10 0 6996 10
62 20 489 10 0 6943 10
783 16 460 20 0 6960 10
619 64 437 11 0 7011 10
268 49 451 20 0 6990 10
376 15 457 20 0 6961 10
589 13 459 20 0 6959 10
335 50 438 20 0 7000 10
972 28 467 34 0 6964 10
609 65 453 30 0 7000 10
417 67 451 5 0 7003 10
925 66 448 10 0 7004 10
