rc1_10_10

VEHICLE
NUMBER  CAPACITY
250   200

CUSTOMER
CUST NO. XCOORD. YCOORD. DEMAND READY TIME DUE DATE SERVICE TIME

0  250  250   0   0  1821   0
60 71 333 10 197 347 10
251 118 314 26 278 428 10
203 91 266 10 173 323 10
613 90 274 20 161 311 10
818 133 273 20 119 269 10
601 66 336 10 203 353 10
334 73 328 20 193 343 10
40 80 290 10 174 324 10
30 83 300 26 440 590 10
304 100 266 20 150 300 10
414 87 285 30 181 331 10
64 92 259 4 339 489 10
803 90 285 40 216 366 10
930 86 268 10 164 314 10
152 62 326 20 226 376 10
505 71 282 29 582 732 10
830 67 334 20 201 351 10
823 92 270 20 197 347 10
14 102 264 10 148 298 10
791 96 346 26 181 331 10
258 149 341 6 344 494 10
817 130 247 17 120 270 10
45 88 286 10 192 342 10
449 85 288 20 169 319 10
367 89 290 20 165 315 10
134 89 270 10 162 312 10
635 89 272 10 162 312 10
77 96 270 20 155 305 10
587 69 336 20 200 350 10
845 90 296 20 166 316 10
618 79 291 10 175 325 10
869 69 334 30 199 349 10
805 88 287 30 203 353 10
822 67 335 20 201 351 10
923 80 286 10 173 323 10
381 63 336 20 206 356 10
737 95 277 20 214 364 10
424 91 268 10 185 335 10
