r2_10_2

VEHICLE
NUMBER  CAPACITY
250   1000

CUSTOMER
CUST NO. XCOORD. YCOORD. DEMAND READY TIME DUE DATE SERVICE TIME

0  250  250   0   0  7697   0
722 493 493 20 3457 3515 10
341 494 468 31 1417 1523 10
592 429 476 23 2314 2392 10
96 440 436 18 3549 3706 10
200 412 478 7 3851 3946 10
123 471 427 8 3256 3395 10
164 469 489 4 2211 2353 10
358 404 439 3 964 1067 10
352 406 460 2 2868 3006 10
85 422 498 5 2801 2856 10
334 481 454 14 1278 1406 10
817 473 491 23 1654 1772 10
388 450 416 25 2281 2453 10
791 433 447 20 3179 3294 10
159 425 448 9 3152 3324 10
863 436 467 12 2950 3059 10
621 448 404 15 2407 2505 10
554 497 483 12 1407 1541 10
543 438 488 18 1304 1433 10
121 470 405 17 3694 3832 10
128 457 492 7 2041 2143 10
