r2_10_2

VEHICLE
NUMBER  CAPACITY
250   1000

CUSTOMER
CUST NO. XCOORD. YCOORD. DEMAND READY TIME DUE DATE SERVICE TIME

0  250  250   0   0  7697   0
555 449 428 25 4966 5129 10
285 487 446 9 5360 5482 10
935 421 499 23 5363 5519 10
23 413 476 34 4729 4823 10
439 448 495 40 0 7372 10
821 498 456 27 5611 5757 10
195 405 454 11 0 7431 10
156 448 414 23 0 7430 10
434 470 417 11 0 7411 10
86 460 424 11 5786 5970 10
247 413 493 26 4894 4971 10
573 489 457 13 0 7371 10
691 485 428 22 5977 6062 10
755 489 437 29 0 7384 10
819 452 484 26 5136 5212 10
958 463 406 23 0 7423 10
211 498 457 15 0 7364 10
